0.004 9.297425077787466
0.004 9.002427506907814
0.004 8.717433754785906
0.004 8.442443906538864
0.004 8.177458105470441
0.004 7.92247653880123
0.004 7.677499431011069
0.004 7.442527031116695
0.004 7.217559598557782
0.004 7.0025973850355445
0.004 6.7976406138348295
0.004 6.602689455878938
0.004 6.4177440036899975
0.004 6.2428042436094575
0.004 6.077870027854485
0.004 5.922941047739816
0.004 5.77801681024061
0.004 5.64309661993491
0.004 5.51817956878667
0.004 5.403264535837294
0.004 5.298350198738298
0.004 5.203435058185641
0.004 5.118517475526938
0.004 5.043595722242306
0.004 4.978668041731862
0.004 4.9237327138252285
0.004 4.8787881273217195
0.004 4.8438328512406805
0.004 4.818865697178748
0.004 4.803885773599146
0.004 4.798892528100064
0.004 4.803885773599142
0.004 4.8188656971787465
0.004 4.843832851240678
0.004 4.878788127321718
0.004 4.923732713825228
0.004 4.978668041731862
0.004 5.043595722242306
0.004 5.118517475526936
0.004 5.2034350581856375
0.004 5.298350198738297
0.004 5.403264535837294
0.004 5.51817956878667
0.004 5.643096619934913
0.004 5.778016810240612
0.004 5.922941047739821
0.004 6.0778700278544875
0.004 6.242804243609463
0.004 6.417744003690011
0.004 6.602689455878948
0.004 6.797640613834837
0.004 7.0025973850355525
0.004 7.21755959855779
0.004 7.442527031116705
0.004 7.677499431011078
0.004 7.922476538801239
0.004 8.177458105470457
0.004 8.44244390653888
0.004 8.717433754785944
0.004 9.00242750690787
0.004 9.29742507778753
0.004 9.002427506907814
0.004 8.7074300082805
0.004 8.422436446277876
0.004 8.147446911404872
0.004 7.882461555907504
0.004 7.627480579118904
0.004 7.382504220634553
0.004 7.147532747204215
0.004 6.922566438121799
0.004 6.707605566341969
0.004 6.502650376861336
0.004 6.307701061555036
0.004 6.122757731647169
0.004 5.947820388166654
0.004 5.782888892019546
0.004 5.627962935085845
0.004 5.483042014655687
0.004 5.34812541341835
0.004 5.223212187683785
0.004 5.108301166132965
0.004 5.003390961237297
0.004 4.90847999462285
0.004 4.8235665369296825
0.004 4.748648759887027
0.004 4.683724802958393
0.004 4.628792841304171
0.004 4.5838511648497855
0.004 4.548898254021502
0.004 4.523932846122549
0.004 4.5089539935020655
0.004 4.503961108919427
0.004 4.508953993502063
0.004 4.5239328461225465
0.004 4.5488982540215
0.004 4.583851164849785
0.004 4.62879284130417
0.004 4.683724802958393
0.004 4.748648759887028
0.004 4.823566536929681
0.004 4.908479994622846
0.004 5.003390961237297
0.004 5.108301166132964
0.004 5.223212187683786
0.004 5.348125413418352
0.004 5.48304201465569
0.004 5.627962935085851
0.004 5.782888892019549
0.004 5.947820388166661
0.004 6.12275773164718
0.004 6.307701061555046
0.004 6.502650376861346
0.004 6.7076055663419805
0.004 6.922566438121806
0.004 7.147532747204224
0.004 7.382504220634566
0.004 7.627480579118911
0.004 7.882461555907509
0.004 8.14744691140489
0.004 8.422436446277908
0.004 8.707430008280573
0.004 9.00242750690787
0.004 8.717433754785906
0.004 8.422436446277874
0.004 8.137443382522022
0.004 7.862454668584867
0.004 7.597470480877305
0.004 7.34249105151707
0.004 7.097516661103553
0.004 6.862547624641828
0.004 6.637584275672922
0.004 6.422626945526812
0.004 6.217675939242251
0.004 6.022731507180331
0.004 5.837793813507762
0.004 5.662862901882186
0.004 5.49793866010094
0.004 5.343020785324934
0.004 5.1981087525576966
0.004 5.063201789071623
0.004 4.938298858062962
0.004 4.823398654502995
0.004 4.718499615987847
0.004 4.623599950285525
0.004 4.538697680040039
0.004 4.463790705199491
0.004 4.3988768767041755
0.004 4.343954084583811
0.004 4.299020345285743
0.004 4.264073890696616
0.004 4.239113250965961
0.004 4.224137323489364
0.004 4.219145424846515
0.004 4.224137323489363
0.004 4.239113250965959
0.004 4.264073890696615
0.004 4.299020345285743
0.004 4.343954084583811
0.004 4.3988768767041755
0.004 4.463790705199491
0.004 4.5386976800400385
0.004 4.623599950285525
0.004 4.718499615987847
0.004 4.823398654502995
0.004 4.938298858062962
0.004 5.063201789071626
0.004 5.198108752557697
0.004 5.343020785324939
0.004 5.497938660100943
0.004 5.6628629018821925
0.004 5.83779381350777
0.004 6.022731507180338
0.004 6.217675939242259
0.004 6.42262694552682
0.004 6.637584275672926
0.004 6.862547624641832
0.004 7.0975166611035645
0.004 7.342491051517078
0.004 7.597470480877315
0.004 7.862454668584876
0.004 8.137443382522052
0.004 8.422436446277905
0.004 8.717433754785938
0.004 8.442443906538864
0.004 8.147446911404876
0.004 7.862454668584867
0.004 7.587467307902071
0.004 7.3224850468594065
0.004 7.067508173446775
0.004 6.822537038340298
0.004 6.587572039322698
0.004 6.3626136034250464
0.004 6.147662163172405
0.004 5.942718128469052
0.004 5.747781852844333
0.004 5.562853595210402
0.004 5.387933477392329
0.004 5.223021439391049
0.004 5.0681171943052465
0.004 4.9232201862166605
0.004 4.788329554546739
0.004 4.663444109254007
0.004 4.54856232101039
0.004 4.443682330345649
0.004 4.3488019786123076
0.004 4.263918862452838
0.004 4.189030408570103
0.004 4.1241339717209655
0.004 4.069226938693643
0.004 4.02430684781685
0.004 3.9893715024840373
0.004 3.9644190730008795
0.004 3.9494481845602816
0.004 3.944457984673426
0.004 3.9494481845602807
0.004 3.964419073000879
0.004 3.9893715024840364
0.004 4.024306847816849
0.004 4.069226938693643
0.004 4.124133971720965
0.004 4.189030408570102
0.004 4.263918862452839
0.004 4.348801978612307
0.004 4.44368233034565
0.004 4.548562321010389
0.004 4.663444109254007
0.004 4.78832955454674
0.004 4.923220186216663
0.004 5.068117194305251
0.004 5.223021439391053
0.004 5.387933477392334
0.004 5.562853595210406
0.004 5.747781852844341
0.004 5.942718128469058
0.004 6.14766216317241
0.004 6.362613603425053
0.004 6.587572039322706
0.004 6.822537038340303
0.004 7.067508173446784
0.004 7.322485046859415
0.004 7.587467307902082
0.004 7.862454668584876
0.004 8.14744691140489
0.004 8.442443906538882
0.004 8.177458105470443
0.004 7.882461555907505
0.004 7.5974704808773055
0.004 7.322485046859407
0.004 7.057505532234072
0.004 6.8025323080156905
0.004 6.557565829404558
0.004 6.322606618260225
0.004 6.097655242601651
0.004 5.88271228872268
0.004 5.677778327398006
0.004 5.482853872414197
0.004 5.2979393324702775
0.004 5.123034956548662
0.004 4.958140774934961
0.004 4.803256538240507
0.004 4.6583816586216935
0.004 4.523515157957029
0.004 4.398655629038836
0.004 4.283801215874823
0.004 4.178949619165144
0.004 4.0840981313718485
0.004 3.999243703419997
0.004 3.9243830452244786
0.004 3.859512747932393
0.004 3.8046294354688888
0.004 3.7597299135558755
0.004 3.7248113223855555
0.004 3.699871278987381
0.004 3.684907993928799
0.004 3.6799203575807886
0.004 3.6849079939287988
0.004 3.6998712789873807
0.004 3.7248113223855555
0.004 3.7597299135558746
0.004 3.8046294354688883
0.004 3.8595127479323925
0.004 3.9243830452244777
0.004 3.9992437034199964
0.004 4.0840981313718485
0.004 4.178949619165143
0.004 4.283801215874823
0.004 4.398655629038837
0.004 4.523515157957029
0.004 4.658381658621695
0.004 4.803256538240509
0.004 4.958140774934964
0.004 5.1230349565486675
0.004 5.297939332470281
0.004 5.482853872414202
0.004 5.67777832739801
0.004 5.882712288722682
0.004 6.097655242601653
0.004 6.322606618260229
0.004 6.55756582940456
0.004 6.802532308015692
0.004 7.057505532234079
0.004 7.3224850468594145
0.004 7.5974704808773135
0.004 7.882461555907508
0.004 8.177458105470455
0.004 7.922476538801232
0.004 7.627480579118907
0.004 7.342491051517071
0.004 7.067508173446776
0.004 6.8025323080156905
0.004 6.547563942220369
0.004 6.302603677953216
0.004 6.067652212251828
0.004 5.84271031365803
0.004 5.627778789161255
0.004 5.422858443044644
0.004 5.227950025116974
0.004 5.043054169122272
0.004 4.868171321080746
0.004 4.703301659926163
0.004 4.5484450132719045
0.004 4.403600773699269
0.004 4.268767822092044
0.004 4.143944466607598
0.004 4.029128406345439
0.004 3.924316729005563
0.004 3.8295059501714612
0.004 3.7446920994407784
0.004 3.669870849435206
0.004 3.6050376921184073
0.004 3.550188131750462
0.004 3.505317906739555
0.004 3.470423200355189
0.004 3.4455008279488304
0.004 3.4305483955762863
0.004 3.4255644190111423
0.004 3.430548395576286
0.004 3.44550082794883
0.004 3.470423200355189
0.004 3.5053179067395543
0.004 3.550188131750461
0.004 3.6050376921184073
0.004 3.6698708494352057
0.004 3.7446920994407784
0.004 3.8295059501714617
0.004 3.924316729005564
0.004 4.029128406345439
0.004 4.143944466607599
0.004 4.268767822092044
0.004 4.403600773699271
0.004 4.548445013271907
0.004 4.703301659926164
0.004 4.868171321080749
0.004 5.043054169122276
0.004 5.227950025116976
0.004 5.422858443044647
0.004 5.6277787891612565
0.004 5.8427103136580305
0.004 6.067652212251832
0.004 6.302603677953217
0.004 6.54756394222037
0.004 6.802532308015691
0.004 7.067508173446784
0.004 7.342491051517075
0.004 7.627480579118908
0.004 7.9224765388012335
0.004 7.677499431011071
0.004 7.382504220634556
0.004 7.097516661103556
0.004 6.822537038340299
0.004 6.557565829404558
0.004 6.302603677953216
0.004 6.057651385077606
0.004 5.822709887335988
0.004 5.597780229750748
0.004 5.382863526743894
0.004 5.1779609119977765
0.004 4.983073473609418
0.004 4.798202174799151
0.004 4.623347759273317
0.004 4.458510643612366
0.004 4.303690799978895
0.004 4.158887636000123
0.004 4.0240998807649335
0.004 3.8993254891381306
0.004 3.7845615780409605
0.004 3.679804409247162
0.004 3.5850494310082865
0.004 3.5002913861980285
0.004 3.4255244927788557
0.004 3.3607426768343958
0.004 3.3059398652125833
0.004 3.2611102796875384
0.004 3.2262487341351425
0.004 3.201350905377811
0.004 3.1864135496353296
0.004 3.181434657807879
0.004 3.186413549635329
0.004 3.2013509053778106
0.004 3.226248734135142
0.004 3.261110279687538
0.004 3.3059398652125833
0.004 3.3607426768343958
0.004 3.425524492778856
0.004 3.5002913861980285
0.004 3.5850494310082865
0.004 3.6798044092471622
0.004 3.78456157804096
0.004 3.8993254891381306
0.004 4.024099880764934
0.004 4.158887636000125
0.004 4.303690799978895
0.004 4.4585106436123665
0.004 4.623347759273319
0.004 4.798202174799152
0.004 4.983073473609419
0.004 5.177960911997779
0.004 5.382863526743895
0.004 5.5977802297507475
0.004 5.822709887335989
0.004 6.05765138507761
0.004 6.302603677953216
0.004 6.557565829404558
0.004 6.822537038340299
0.004 7.097516661103558
0.004 7.382504220634557
0.004 7.67749943101107
0.004 7.442527031116698
0.004 7.147532747204218
0.004 6.86254762464183
0.004 6.587572039322699
0.004 6.322606618260226
0.004 6.067652212251829
0.004 5.822709887335988
0.004 5.587780901067415
0.004 5.362866672414949
0.004 5.147968736267935
0.004 4.943088682946408
0.004 4.748228077444321
0.004 4.563388357695434
0.004 4.388570709764666
0.004 4.22377592197005
0.004 4.06900422144905
0.004 3.9242551016879132
0.004 3.789527153051527
0.004 3.664817913609592
0.004 3.5501237606297913
0.004 3.445439865354556
0.004 3.350760232003156
0.004 3.2660778372426
0.004 3.1913848690073015
0.004 3.126673069853868
0.004 3.071934130394722
0.004 3.0271601368093917
0.004 2.9923439938538285
0.004 2.9674797909442616
0.004 2.952563097881936
0.004 2.9475911755770605
0.004 2.952563097881936
0.004 2.967479790944261
0.004 2.9923439938538285
0.004 3.0271601368093912
0.004 3.071934130394722
0.004 3.126673069853868
0.004 3.191384869007302
0.004 3.2660778372426003
0.004 3.350760232003156
0.004 3.4454398653545564
0.004 3.5501237606297913
0.004 3.6648179136095926
0.004 3.7895271530515267
0.004 3.9242551016879137
0.004 4.069004221449052
0.004 4.223775921970051
0.004 4.388570709764669
0.004 4.563388357695437
0.004 4.748228077444323
0.004 4.943088682946411
0.004 5.147968736267938
0.004 5.36286667241495
0.004 5.5877809010674175
0.004 5.822709887335988
0.004 6.06765221225183
0.004 6.322606618260225
0.004 6.5875720393227
0.004 6.862547624641827
0.004 7.147532747204212
0.004 7.4425270311166924
0.004 7.217559598557786
0.004 6.922566438121804
0.004 6.637584275672924
0.004 6.36261360342505
0.004 6.097655242601652
0.004 5.84271031365803
0.004 5.597780229750748
0.004 5.362866672414949
0.004 5.137971559403686
0.004 4.92309699310287
0.004 4.7182451889348895
0.004 4.523418376132552
0.004 4.338618668491368
0.004 4.163847900961087
0.004 3.999107432946329
0.004 3.8443979214792168
0.004 3.699719074333517
0.004 3.5650693989038644
0.004 3.4404459709873745
0.004 3.325844253787558
0.004 3.2212580024970725
0.004 3.1266792887408457
0.004 3.042098671376409
0.004 2.967505532044477
0.004 2.902888546537731
0.004 2.848236288063099
0.004 2.8035378493433774
0.004 2.7687834543515417
0.004 2.7439649892613955
0.004 2.729076400283408
0.004 2.7241139570401938
0.004 2.729076400283408
0.004 2.7439649892613955
0.004 2.7687834543515413
0.004 2.8035378493433774
0.004 2.8482362880630987
0.004 2.902888546537731
0.004 2.967505532044477
0.004 3.042098671376409
0.004 3.126679288740846
0.004 3.2212580024970725
0.004 3.325844253787558
0.004 3.440445970987375
0.004 3.5650693989038644
0.004 3.699719074333517
0.004 3.844397921479217
0.004 3.9991074329463294
0.004 4.163847900961088
0.004 4.33861866849137
0.004 4.523418376132553
0.004 4.718245188934892
0.004 4.923096993102871
0.004 5.137971559403685
0.004 5.362866672414949
0.004 5.597780229750747
0.004 5.84271031365803
0.004 6.0976552426016495
0.004 6.362613603425046
0.004 6.637584275672919
0.004 6.922566438121798
0.004 7.2175595985577825
0.004 7.00259738503555
0.004 6.707605566341975
0.004 6.422626945526814
0.004 6.147662163172407
0.004 5.882712288722681
0.004 5.627778789161256
0.004 5.382863526743894
0.004 5.147968736267935
0.004 4.92309699310287
0.004 4.708251157116094
0.004 4.503434290408885
0.004 4.3086495379203
0.004 4.12389996579647
0.004 3.9491883499925233
0.004 3.784516913529169
0.004 3.6298870139548023
0.004 3.485298791989642
0.004 3.3507508012504577
0.004 3.22623965207812
0.004 3.1117597137965705
0.004 3.0073029299940837
0.004 2.912858804141149
0.004 2.828414606732293
0.004 2.753955822981936
0.004 2.6894668521101055
0.004 2.634931858610594
0.004 2.5903357344209943
0.004 2.55566499266042
0.004 2.5309084947049363
0.004 2.5160579759899986
0.004 2.5111083711399838
0.004 2.516057975989998
0.004 2.5309084947049354
0.004 2.5556649926604202
0.004 2.5903357344209943
0.004 2.6349318586105936
0.004 2.689466852110105
0.004 2.753955822981936
0.004 2.828414606732293
0.004 2.9128588041411487
0.004 3.0073029299940837
0.004 3.111759713796571
0.004 3.22623965207812
0.004 3.3507508012504577
0.004 3.485298791989642
0.004 3.6298870139548023
0.004 3.784516913529169
0.004 3.9491883499925238
0.004 4.123899965796471
0.004 4.308649537920301
0.004 4.503434290408885
0.004 4.708251157116096
0.004 4.923096993102871
0.004 5.147968736267936
0.004 5.382863526743894
0.004 5.627778789161254
0.004 5.882712288722678
0.004 6.147662163172406
0.004 6.422626945526811
0.004 6.707605566341967
0.004 7.002597385035543
0.004 6.797640613834834
0.004 6.502650376861341
0.004 6.217675939242255
0.004 5.9427181284690525
0.004 5.677778327398007
0.004 5.422858443044645
0.004 5.1779609119977765
0.004 4.943088682946409
0.004 4.7182451889348895
0.004 4.503434290408886
0.004 4.298660184789108
0.004 4.103927267065973
0.004 3.9192399321001896
0.004 3.744602305727034
0.004 3.5800178983998907
0.004 3.4254891790225264
0.004 3.2810170790041817
0.004 3.146600449950709
0.004 3.022235518581057
0.004 2.90791540255624
0.004 2.8036297709322575
0.004 2.7093647427603167
0.004 2.6251031109749734
0.004 2.55082495993613
0.004 2.4865086527293037
0.004 2.4321321545654015
0.004 2.387674443570682
0.004 2.353116847190533
0.004 2.32844409511396
0.004 2.3136449829942536
0.004 2.308712705113433
0.004 2.313644982994253
0.004 2.3284440951139596
0.004 2.3531168471905324
0.004 2.3876744435706816
0.004 2.432132154565401
0.004 2.4865086527293037
0.004 2.55082495993613
0.004 2.6251031109749734
0.004 2.7093647427603167
0.004 2.803629770932257
0.004 2.9079154025562395
0.004 3.022235518581057
0.004 3.146600449950709
0.004 3.2810170790041817
0.004 3.425489179022526
0.004 3.580017898399891
0.004 3.744602305727035
0.004 3.9192399321001905
0.004 4.103927267065973
0.004 4.298660184789108
0.004 4.503434290408884
0.004 4.71824518893489
0.004 4.943088682946409
0.004 5.177960911997776
0.004 5.422858443044644
0.004 5.677778327398006
0.004 5.942718128469047
0.004 6.217675939242251
0.004 6.502650376861335
0.004 6.797640613834829
0.004 6.602689455878944
0.004 6.307701061555044
0.004 6.0227315071803345
0.004 5.747781852844336
0.004 5.482853872414199
0.004 5.227950025116975
0.004 4.983073473609418
0.004 4.748228077444321
0.004 4.523418376132552
0.004 4.308649537920301
0.004 4.103927267065973
0.004 3.9092576479758843
0.004 3.7246469106825106
0.004 3.5501010965112503
0.004 3.385625609529493
0.004 3.231224643462982
0.004 3.086900489364252
0.004 2.9526527482738043
0.004 2.828477503496012
0.004 2.714366540964534
0.004 2.6103067432877407
0.004 2.5162798098393298
0.004 2.4322624624106037
0.004 2.3582272472345265
0.004 2.2941439993387616
0.004 2.239981802795611
0.004 2.1957112505768657
0.004 2.1613064910415454
0.004 2.1367466900244785
0.004 2.1220168089663773
0.004 2.117107844762809
0.004 2.1220168089663773
0.004 2.1367466900244785
0.004 2.161306491041545
0.004 2.1957112505768652
0.004 2.2399818027956107
0.004 2.294143999338761
0.004 2.358227247234527
0.004 2.4322624624106037
0.004 2.516279809839329
0.004 2.6103067432877403
0.004 2.714366540964534
0.004 2.8284775034960123
0.004 2.9526527482738043
0.004 3.086900489364252
0.004 3.2312246434629825
0.004 3.3856256095294928
0.004 3.5501010965112503
0.004 3.7246469106825106
0.004 3.9092576479758847
0.004 4.103927267065973
0.004 4.308649537920299
0.004 4.523418376132552
0.004 4.748228077444322
0.004 4.9830734736094175
0.004 5.227950025116973
0.004 5.4828538724141955
0.004 5.747781852844334
0.004 6.02273150718033
0.004 6.307701061555037
0.004 6.602689455878939
0.004 6.417744003690006
0.004 6.122757731647176
0.004 5.837793813507766
0.004 5.562853595210404
0.004 5.29793933247028
0.004 5.043054169122274
0.004 4.798202174799151
0.004 4.563388357695435
0.004 4.338618668491368
0.004 4.123899965796471
0.004 3.9192399321001896
0.004 3.7246469106825106
0.004 3.5401296391941526
0.004 3.365696846637442
0.004 3.201356685982764
0.004 3.047115977607657
0.004 2.9029792567879733
0.004 2.7689476437774436
0.004 2.6450175988365907
0.004 2.531179679721617
0.004 2.427417485499625
0.004 2.3337070286667605
0.004 2.250016806027653
0.004 2.1763088267627597
0.004 2.112540693475066
0.004 2.0586687095470704
0.004 2.014651439360205
0.004 1.98045298703223
0.004 1.956045143264219
0.004 1.9414081267844885
0.004 1.9365303821703888
0.004 1.9414081267844885
0.004 1.956045143264219
0.004 1.9804529870322298
0.004 2.0146514393602044
0.004 2.0586687095470686
0.004 2.1125406934750663
0.004 2.176308826762759
0.004 2.2500168060276526
0.004 2.3337070286667596
0.004 2.427417485499625
0.004 2.5311796797216166
0.004 2.6450175988365907
0.004 2.768947643777443
0.004 2.902979256787972
0.004 3.0471159776076573
0.004 3.201356685982764
0.004 3.3656968466374417
0.004 3.5401296391941526
0.004 3.72464691068251
0.004 3.91923993210019
0.004 4.12389996579647
0.004 4.338618668491368
0.004 4.563388357695434
0.004 4.79820217479915
0.004 5.0430541691222714
0.004 5.297939332470277
0.004 5.5628535952104015
0.004 5.837793813507761
0.004 6.122757731647169
0.004 6.417744003689998
0.004 6.242804243609462
0.004 5.947820388166658
0.004 5.66286290188219
0.004 5.387933477392332
0.004 5.123034956548664
0.004 4.868171321080748
0.004 4.623347759273318
0.004 4.388570709764668
0.004 4.163847900961087
0.004 3.9491883499925233
0.004 3.7446023057270343
0.004 3.5501010965112503
0.004 3.365696846637442
0.004 3.1914020111693624
0.004 3.027228680798752
0.004 2.8731876072928286
0.004 2.7292869182273995
0.004 2.5955305201243934
0.004 2.471916249141473
0.004 2.3584339135455465
0.004 2.255063485741804
0.004 2.161773819754642
0.004 2.078522362501212
0.004 2.0052563093703135
0.004 1.941915588332058
0.004 1.888437624422129
0.004 1.8447634072956958
0.004 1.810843043477681
0.004 1.78663887237218
0.004 1.7721257216942097
0.004 1.767289503733109
0.004 1.77212572169421
0.004 1.7866388723721798
0.004 1.8108430434776805
0.004 1.8447634072956958
0.004 1.8884376244221286
0.004 1.9419155883320578
0.004 2.0052563093703135
0.004 2.0785223625012117
0.004 2.1617738197546412
0.004 2.255063485741804
0.004 2.3584339135455457
0.004 2.4719162491414726
0.004 2.5955305201243934
0.004 2.7292869182273987
0.004 2.873187607292828
0.004 3.027228680798752
0.004 3.1914020111693624
0.004 3.3656968466374426
0.004 3.5501010965112503
0.004 3.744602305727034
0.004 3.9491883499925224
0.004 4.163847900961086
0.004 4.388570709764665
0.004 4.623347759273316
0.004 4.868171321080746
0.004 5.12303495654866
0.004 5.387933477392327
0.004 5.662862901882184
0.004 5.947820388166652
0.004 6.242804243609455
0.004 6.077870027854487
0.004 5.78288889201955
0.004 5.4979386601009415
0.004 5.223021439391051
0.004 4.958140774934963
0.004 4.703301659926163
0.004 4.458510643612365
0.004 4.223775921970051
0.004 3.9991074329463294
0.004 3.784516913529169
0.004 3.5800178983998907
0.004 3.3856256095294928
0.004 3.201356685982764
0.004 3.027228680798752
0.004 2.8632592466597453
0.004 2.709464921961369
0.004 2.565859441293318
0.004 2.4324515249372305
0.004 2.309242176912608
0.004 2.1962216448732934
0.004 2.093366381279716
0.004 2.0006365683998135
0.004 1.917974970558765
0.004 1.8453079858897874
0.004 1.7825495950438859
0.004 1.7296088251826722
0.004 1.686400177720138
0.004 1.6528538891436728
0.004 1.6289209030446379
0.004 1.6145712876339506
0.004 1.6097896415780224
0.004 1.6145712876339506
0.004 1.6289209030446374
0.004 1.6528538891436724
0.004 1.6864001777201376
0.004 1.729608825182671
0.004 1.7825495950438854
0.004 1.8453079858897858
0.004 1.9179749705587643
0.004 2.0006365683998126
0.004 2.093366381279715
0.004 2.196221644873293
0.004 2.309242176912607
0.004 2.43245152493723
0.004 2.565859441293318
0.004 2.709464921961369
0.004 2.8632592466597453
0.004 3.027228680798752
0.004 3.201356685982764
0.004 3.3856256095294928
0.004 3.5800178983998903
0.004 3.7845169135291683
0.004 3.9991074329463276
0.004 4.2237759219700495
0.004 4.458510643612364
0.004 4.703301659926161
0.004 4.95814077493496
0.004 5.223021439391046
0.004 5.497938660100935
0.004 5.78288889201954
0.004 6.077870027854479
0.004 5.92294104773982
0.004 5.627962935085849
0.004 5.343020785324937
0.004 5.06811719430525
0.004 4.803256538240508
0.004 4.548445013271906
0.004 4.303690799978895
0.004 4.069004221449051
0.004 3.8443979214792177
0.004 3.6298870139548023
0.004 3.4254891790225264
0.004 3.2312246434629825
0.004 3.0471159776076573
0.004 2.8731876072928286
0.004 2.709464921961369
0.004 2.555972832821062
0.004 2.412733631003254
0.004 2.2797640133900847
0.004 2.1570712231319256
0.004 2.0446484144930803
0.004 1.9424696388335205
0.004 1.8504852525583522
0.004 1.7686189996459554
0.004 1.696768227572168
0.004 1.6348086098537304
0.004 1.5826048164313038
0.004 1.540029435024822
0.004 1.506984021918396
0.004 1.483407759535294
0.004 1.4692702164072917
0.004 1.4645588026088654
0.004 1.4692702164072917
0.004 1.4834077595352928
0.004 1.5069840219183948
0.004 1.5400294350248216
0.004 1.5826048164313031
0.004 1.6348086098537298
0.004 1.6967682275721667
0.004 1.7686189996459538
0.004 1.8504852525583508
0.004 1.9424696388335192
0.004 2.044648414493079
0.004 2.1570712231319256
0.004 2.2797640133900834
0.004 2.4127336310032543
0.004 2.555972832821061
0.004 2.7094649219613696
0.004 2.8731876072928277
0.004 3.0471159776076573
0.004 3.2312246434629817
0.004 3.4254891790225255
0.004 3.629887013954802
0.004 3.8443979214792163
0.004 4.069004221449049
0.004 4.3036907999788925
0.004 4.548445013271902
0.004 4.803256538240506
0.004 5.068117194305243
0.004 5.3430207853249305
0.004 5.627962935085841
0.004 5.92294104773981
0.004 5.77801681024061
0.004 5.483042014655687
0.004 5.198108752557697
0.004 4.923220186216661
0.004 4.658381658621694
0.004 4.403600773699271
0.004 4.158887636000125
0.004 3.9242551016879137
0.004 3.699719074333517
0.004 3.485298791989642
0.004 3.281017079004182
0.004 3.0869004893642527
0.004 2.9029792567879733
0.004 2.7292869182274
0.004 2.5658594412933184
0.004 2.412733631003254
0.004 2.269944552959805
0.004 2.137521689811829
0.004 2.0154836000788166
0.004 1.9038310256506161
0.004 1.8025387964194561
0.004 1.7115475746535693
0.004 1.6307574186723235
0.004 1.5600258592340925
0.004 1.499171913288929
0.004 1.447988176565107
0.004 1.4062742463170161
0.004 1.3738868035873426
0.004 1.350759810316495
0.004 1.336880088161908
0.004 1.3322524356155645
0.004 1.3368800881619074
0.004 1.3507598103164948
0.004 1.3738868035873408
0.004 1.4062742463170155
0.004 1.4479881765651064
0.004 1.4991719132889274
0.004 1.5600258592340914
0.004 1.6307574186723215
0.004 1.7115475746535678
0.004 1.8025387964194546
0.004 1.903831025650615
0.004 2.0154836000788166
0.004 2.1375216898118286
0.004 2.2699445529598044
0.004 2.412733631003254
0.004 2.565859441293318
0.004 2.7292869182273978
0.004 2.902979256787972
0.004 3.0869004893642518
0.004 3.281017079004181
0.004 3.4852987919896417
0.004 3.699719074333516
0.004 3.924255101687912
0.004 4.15888763600012
0.004 4.403600773699266
0.004 4.65838165862169
0.004 4.923220186216655
0.004 5.198108752557692
0.004 5.4830420146556795
0.004 5.778016810240603
0.004 5.64309661993491
0.004 5.348125413418352
0.004 5.063201789071625
0.004 4.788329554546739
0.004 4.523515157957029
0.004 4.268767822092044
0.004 4.024099880764934
0.004 3.789527153051527
0.004 3.5650693989038644
0.004 3.3507508012504577
0.004 3.146600449950709
0.004 2.9526527482738043
0.004 2.7689476437774436
0.004 2.595530520124394
0.004 2.4324515249372305
0.004 2.2797640133900847
0.004 2.137521689811829
0.004 2.005773929702926
0.004 1.8845587230855385
0.004 1.7738927859602078
0.004 1.6737588333400835
0.004 1.5840909833224421
0.004 1.5047610224400179
0.004 1.4355708673920604
0.004 1.376252548980346
0.004 1.3264672774364077
0.004 1.2858613480483083
0.004 1.254209768886548
0.004000000000014154 1.2314865382347229
0.0040000000001070395 1.217786426001856
0.004000000000206118 1.2132073284525375
0.0040000000001070395 1.2177864260018558
0.004000000000014154 1.2314865382347229
0.004 1.2542097688865472
0.004 1.2858613480483065
0.004 1.3264672774364041
0.004 1.3762525489803425
0.004 1.4355708673920582
0.004 1.504761022440016
0.004 1.5840909833224412
0.004 1.673758833340081
0.004 1.7738927859602054
0.004 1.8845587230855363
0.004 2.005773929702926
0.004 2.1375216898118286
0.004 2.279764013390083
0.004 2.4324515249372305
0.004 2.5955305201243934
0.004 2.7689476437774436
0.004 2.9526527482738048
0.004 3.146600449950709
0.004 3.350750801250457
0.004 3.5650693989038635
0.004 3.7895271530515267
0.004 4.024099880764932
0.004 4.268767822092041
0.004 4.523515157957026
0.004 4.788329554546733
0.004 5.063201789071617
0.004 5.348125413418341
0.004 5.643096619934898
0.004 5.518179568786669
0.004 5.223212187683785
0.004 4.9382988580629625
0.004 4.663444109254008
0.004 4.398655629038837
0.004 4.143944466607598
0.004 3.899325489138131
0.004 3.664817913609593
0.004 3.4404459709873745
0.004 3.22623965207812
0.004 3.0222355185810574
0.004 2.828477503496012
0.004 2.645017598836591
0.004 2.4719162491414735
0.004 2.3092421769126084
0.004 2.1570712231319256
0.004 2.0154836000788166
0.004 1.8845587230855385
0.004 1.7643665376680362
0.004 1.6549540770377498
0.004 1.5563259295920702
0.004 1.4684172351244538
0.004 1.3910567608148818
0.004 1.3239285609621514
0.004000000000000885 1.2665661769214065
0.004000000007934208 1.218347256664947
0.00400000467756546 1.1786196680213907
0.004000199040263695 1.147095414784559
0.004001362411207237 1.1240166105330536
0.004003147581829076 1.109893453828908
0.004003967544675737 1.105138362438211
0.004003147581829076 1.1098934538289085
0.004001362411207237 1.1240166105330531
0.004000199040263695 1.1470954147845576
0.00400000467756546 1.1786196680213894
0.004000000007934208 1.2183472566649445
0.004000000000000885 1.266566176921403
0.004 1.3239285609621472
0.004 1.3910567608148792
0.004 1.4684172351244507
0.004 1.556325929592068
0.004 1.6549540770377487
0.004 1.7643665376680333
0.004 1.8845587230855363
0.004 2.015483600078816
0.004 2.157071223131925
0.004 2.309242176912607
0.004 2.471916249141472
0.004 2.6450175988365903
0.004 2.8284775034960123
0.004 3.0222355185810557
0.004 3.2262396520781187
0.004 3.440445970987374
0.004 3.6648179136095917
0.004 3.899325489138128
0.004 4.1439444666075955
0.004 4.398655629038833
0.004 4.663444109254002
0.004 4.938298858062957
0.004 5.223212187683775
0.004 5.5181795687866595
0.004 5.403264535837295
0.004 5.108301166132965
0.004 4.823398654502995
0.004 4.54856232101039
0.004 4.283801215874823
0.004 4.029128406345439
0.004 3.784561578040961
0.004 3.5501237606297913
0.004 3.325844253787558
0.004 3.1117597137965713
0.004 2.90791540255624
0.004 2.714366540964535
0.004 2.5311796797216175
0.004 2.358433913545547
0.004 2.196221644873294
0.004 2.0446484144930808
0.004 1.9038310256506166
0.004 1.7738927859602085
0.004 1.65495407703775
0.004 1.547115262225183
0.004 1.4504245971683363
0.004 1.3648095575769312
0.004 1.2899398634665054
0.0040000000114231715 1.2250542618966123
0.004000130038727925 1.1690818857454215
0.004029560262698052 1.1211153489630317
0.004583151298687497 1.0806561062169708
0.006943749083133149 1.0477893615282414
0.010262013679756933 1.023206182615496
0.011932138038297572 1.0079159365869854
0.012226905432434284 1.0027275900958756
0.011932138038291379 1.007915936586985
0.010262013679755164 1.0232061826154952
0.006943749083132264 1.0477893615282392
0.0045831512986866125 1.0806561062169677
0.004029560262698052 1.1211153489630266
0.004000130038727925 1.1690818857454166
0.0040000000114231715 1.2250542618966085
0.004 1.2899398634664998
0.004 1.3648095575769266
0.004 1.4504245971683316
0.004 1.5471152622251796
0.004 1.6549540770377484
0.004 1.7738927859602052
0.004 1.9038310256506148
0.004 2.0446484144930785
0.004 2.196221644873293
0.004 2.358433913545545
0.004 2.531179679721616
0.004 2.7143665409645337
0.004 2.907915402556239
0.004 3.11175971379657
0.004 3.3258442537875563
0.004 3.5501237606297895
0.004 3.7845615780409583
0.004 4.029128406345436
0.004 4.283801215874819
0.004 4.548562321010386
0.004 4.823398654502988
0.004 5.108301166132958
0.004 5.403264535837287
0.004 5.298350198738299
0.004 5.003390961237297
0.004 4.718499615987848
0.004 4.44368233034565
0.004 4.178949619165144
0.004 3.924316729005564
0.004 3.6798044092471622
0.004 3.445439865354557
0.004 3.2212580024970725
0.004 3.007302929994084
0.004 2.8036297709322575
0.004 2.6103067432877403
0.004 2.427417485499626
0.004 2.255063485741805
0.004 2.0933663812797163
0.004 1.942469638833521
0.004 1.802538796419457
0.004 1.6737588333400844
0.004 1.5563259295920708
0.004 1.4504245971683367
0.004 1.3561490661852575
0.004000000000000885 1.2732515150474952
0.004000002413014769 1.2006872878748778
0.004016177391208958 1.1366990067191862
0.005196971545867816 1.0798269651867671
0.013174153961834838 1.0297993703125263
0.032319699018615616 0.987057041892759
0.06656465546694595 0.9520861451588807
0.11030064182167583 0.9256462438030041
0.14390438686615312 0.9089680831448098
0.15573866458955146 0.9032536884879407
0.14390438686613055 0.9089680831448093
0.11030064182168689 0.9256462438030034
0.06656465546693356 0.9520861451588782
0.03231969901860235 0.9870570418927544
0.01317415396182776 1.0297993703125188
0.005196971545865162 1.0798269651867607
0.004016177391208958 1.1366990067191778
0.004000002413014769 1.2006872878748713
0.004000000000000885 1.27325151504749
0.004 1.3561490661852535
0.004 1.4504245971683316
0.004 1.556325929592068
0.004 1.673758833340081
0.004 1.8025387964194546
0.004 1.9424696388335188
0.004 2.093366381279715
0.004 2.2550634857418044
0.004 2.427417485499625
0.004 2.6103067432877403
0.004 2.803629770932256
0.004 3.0073029299940828
0.004 3.2212580024970707
0.004 3.4454398653545546
0.004 3.679804409247159
0.004 3.92431672900556
0.004 4.17894961916514
0.004 4.443682330345644
0.004 4.718499615987842
0.004 5.00339096123729
0.004 5.298350198738291
0.004 5.203435058185643
0.004 4.908479994622851
0.004 4.623599950285527
0.004 4.3488019786123076
0.004 4.0840981313718485
0.004 3.829505950171462
0.004 3.5850494310082865
0.004 3.3507602320031564
0.004 3.126679288740846
0.004 2.9128588041411496
0.004 2.709364742760317
0.004 2.5162798098393298
0.004 2.3337070286667605
0.004 2.161773819754642
0.004 2.000636568399814
0.004 1.850485252558353
0.004 1.7115475746535698
0.004 1.5840909833224428
0.004 1.468417235124455
0.004 1.3648095575769312
0.004000000000000885 1.2732515150474957
0.004000012507130158 1.1926505680060542
0.004104562516260664 1.120586882321156
0.008586108833510454 1.054936460891403
0.028275586642377993 0.9952752216648354
0.0684509177622806 0.9421075072515991
0.12694854960462199 0.8963486826340414
0.20623766860846193 0.8589550588485256
0.30976414220438386 0.8307934516770306
0.407303351961495 0.8130049950084565
0.4480140637355153 0.806885816444273
0.407303351961491 0.8130049950084555
0.3097641422043498 0.8307934516770299
0.20623766860849466 0.8589550588485223
0.12694854960464366 0.8963486826340352
0.06845091776234165 0.9421075072515921
0.02827558664237534 0.9952752216648284
0.008586108833513108 1.0549364608913963
0.004104562516260664 1.1205868823211484
0.004000012507130158 1.1926505680060473
0.004000000000000885 1.27325151504749
0.004 1.3648095575769268
0.004 1.4684172351244509
0.004 1.5840909833224408
0.004 1.7115475746535673
0.004 1.8504852525583502
0.004 2.000636568399812
0.004 2.161773819754641
0.004 2.333707028666759
0.004 2.516279809839328
0.004 2.7093647427603162
0.004 2.912858804141148
0.004 3.1266792887408448
0.004 3.350760232003154
0.004 3.5850494310082848
0.004 3.8295059501714572
0.004 4.084098131371844
0.004 4.348801978612302
0.004 4.62359995028552
0.004 4.908479994622842
0.004 5.203435058185632
0.004 5.118517475526939
0.004 4.823566536929685
0.004 4.53869768004004
0.004 4.26391886245284
0.004 3.9992437034199977
0.004 3.744692099440779
0.004 3.500291386198029
0.004 3.2660778372426007
0.004 3.0420986713764098
0.004 2.8284146067322933
0.004 2.625103110974974
0.004 2.4322624624106037
0.004 2.250016806027654
0.004 2.0785223625012126
0.004 1.9179749705587654
0.004 1.7686189996459565
0.004 1.6307574186723242
0.004 1.5047610224400199
0.004 1.391056760814883
0.004 1.2899398634665067
0.004000002413014769 1.2006872878748787
0.004104562516260664 1.1205868823211567
0.010423481412148088 1.0466211395852467
0.03695712776221376 0.9778482563521773
0.08985188513014995 0.9146066542021583
0.17845814207547142 0.8579219390562319
0.3129114584748382 0.8090497768887402
0.49424624994280414 0.7693150415094003
0.6962975513494398 0.739911928889412
0.8640067455798512 0.721735935728507
0.9303677287348502 0.7155638921785921
0.8640067455798521 0.7217359357285064
0.6962975513494005 0.73991192888941
0.49424624994283733 0.7693150415093968
0.31291145847495716 0.8090497768887349
0.1784581420755227 0.8579219390562259
0.08985188513019551 0.9146066542021524
0.036957127762255335 0.97784825635217
0.010423481412140126 1.0466211395852396
0.004104562516260664 1.1205868823211482
0.004000002413014769 1.2006872878748704
0.004 1.2899398634664996
0.004 1.3910567608148785
0.004 1.5047610224400152
0.004 1.6307574186723208
0.004 1.7686189996459536
0.004 1.9179749705587636
0.004 2.0785223625012117
0.004 2.2500168060276526
0.004 2.432262462410603
0.004 2.625103110974972
0.004 2.828414606732292
0.004 3.0420986713764075
0.004 3.2660778372426
0.004 3.5002913861980263
0.004 3.7446920994407753
0.004 3.999243703419993
0.004 4.263918862452835
0.004 4.538697680040034
0.004 4.823566536929672
0.004 5.118517475526927
0.004 5.043595722242309
0.004 4.74864875988703
0.004 4.463790705199494
0.004 4.189030408570104
0.004 3.92438304522448
0.004 3.6698708494352066
0.004 3.425524492778857
0.004 3.1913848690073023
0.004 2.967505532044477
0.004 2.7539558229819368
0.004 2.5508249599361306
0.004 2.358227247234527
0.004 2.1763088267627606
0.004 2.005256309370314
0.004 1.8453079858897885
0.004 1.6967682275721696
0.004 1.5600258592340936
0.004 1.4355708673920624
0.004 1.3239285609621536
0.0040000000114231715 1.225054261896615
0.004016177391208958 1.1366990067191889
0.008586108833510454 1.0549364608914045
0.036957127762211106 0.9778482563521782
0.0961600381782824 0.9053747036606746
0.2042580114825688 0.838372524043189
0.3992294730974642 0.7782636480357966
0.6930430909412958 0.7269476151037926
1.0225816078010321 0.6860472514009489
1.3081360423640815 0.6564580290010585
1.5011408794334717 0.6385605394526996
1.5699215126250825 0.6325644341650585
1.5011408794334749 0.6385605394526984
1.3081360423641333 0.6564580290010562
1.0225816078011092 0.6860472514009455
0.6930430909413732 0.7269476151037881
0.3992294730975456 0.7782636480357913
0.20425801148257722 0.8383725240431829
0.09616003817833106 0.9053747036606691
0.036957127762254446 0.9778482563521702
0.008586108833512223 1.0549364608913963
0.004016177391208958 1.1366990067191776
0.0040000000114231715 1.2250542618966065
0.004 1.323928560962146
0.004 1.435570867392057
0.004 1.5600258592340903
0.004 1.6967682275721665
0.004 1.8453079858897856
0.004 2.0052563093703126
0.004 2.176308826762759
0.004 2.358227247234526
0.004 2.5508249599361292
0.004 2.753955822981935
0.004 2.967505532044475
0.004 3.1913848690073
0.004 3.4255244927788544
0.004 3.669870849435203
0.004 3.924383045224475
0.004 4.189030408570098
0.004 4.463790705199485
0.004 4.748648759887019
0.004 5.043595722242297
0.004 4.978668041731864
0.004 4.683724802958395
0.004 4.398876876704176
0.004 4.124133971720966
0.004 3.859512747932394
0.004 3.605037692118408
0.004 3.360742676834397
0.004 3.1266730698538687
0.004 2.9028885465377314
0.004 2.6894668521101064
0.004 2.4865086527293045
0.004 2.2941439993387625
0.004 2.112540693475067
0.004 1.9419155883320591
0.004 1.7825495950438868
0.004 1.6348086098537324
0.004 1.4991719132889312
0.004 1.3762525489803479
0.004000000000000885 1.2665661769214103
0.004000130038727925 1.169081885745424
0.005196971545868701 1.0798269651867698
0.02827558664237357 0.9952752216648377
0.08985188513011236 0.9146066542021599
0.20425801148255154 0.8383725240431897
0.4320235048165662 0.7678868978915115
0.8170097500715721 0.7054806118542837
1.2681802806467444 0.6533941036320497
1.6685404927495722 0.6126619296505982
1.9666023034266489 0.5835253943314813
2.1488142845327474 0.5660262948213574
2.210259620700765 0.5601888291522078
2.1488142845327753 0.5660262948213568
1.9666023034266962 0.58352539433148
1.6685404927496381 0.6126619296505961
1.2681802806468347 0.6533941036320466
0.8170097500715933 0.7054806118542788
0.43202350481664803 0.7678868978915061
0.2042580114825834 0.8383725240431831
0.08985188513019197 0.9146066542021523
0.028275586642384627 0.9952752216648276
0.005196971545866047 1.0798269651867587
0.004000130038727925 1.1690818857454144
0.004000000000000885 1.2665661769214
0.004 1.3762525489803414
0.004 1.4991719132889263
0.004 1.6348086098537293
0.004 1.782549595043885
0.004 1.9419155883320571
0.004 2.112540693475066
0.004 2.2941439993387602
0.004 2.4865086527293023
0.004 2.6894668521101046
0.004 2.90288854653773
0.004 3.1266730698538665
0.004 3.360742676834394
0.004 3.605037692118405
0.004 3.8595127479323903
0.004 4.124133971720959
0.004 4.39887687670417
0.004 4.683724802958385
0.004 4.978668041731853
0.004 4.9237327138252285
0.004 4.628792841304172
0.004 4.343954084583812
0.004 4.069226938693644
0.004 3.8046294354688897
0.004 3.550188131750462
0.004 3.3059398652125838
0.004 3.0719341303947223
0.004 2.8482362880631
0.004 2.6349318586105945
0.004 2.4321321545654015
0.004 2.2399818027956115
0.004 2.0586687095470713
0.004 1.8884376244221301
0.004 1.7296088251826733
0.004 1.582604816431306
0.004 1.4479881765651095
0.004 1.3264672774364106
0.004000000007934208 1.2183472566649505
0.004029560262698052 1.1211153489630354
0.013174153961832184 1.02979937031253
0.06845091776223726 0.9421075072516016
0.17845814207544133 0.8579219390562336
0.3992294730974487 0.778263648035798
0.8170097500715477 0.705480611854284
1.3558916339900289 0.6424856755380608
1.8568673995775606 0.5907579574684946
2.252568192777236 0.5505812634166244
2.534508691424814 0.5219269267591934
2.703474168319476 0.5047482498536545
2.7598113608648864 0.4990236499604406
2.7034741683194743 0.5047482498536539
2.534508691424829 0.5219269267591923
2.2525681927772676 0.5505812634166222
1.8568673995776026 0.5907579574684917
1.3558916339900775 0.6424856755380561
0.8170097500715808 0.7054806118542788
0.3992294730975624 0.7782636480357913
0.1784581420755665 0.8579219390562248
0.06845091776233413 0.9421075072515906
0.013174153961833069 1.0297993703125166
0.004029560262698052 1.121115348963024
0.004000000007934208 1.2183472566649403
0.004 1.3264672774364032
0.004 1.4479881765651055
0.004 1.5826048164313031
0.004 1.729608825182671
0.004 1.8884376244221281
0.004 2.0586687095470686
0.004 2.23998180279561
0.004 2.4321321545654007
0.004 2.6349318586105928
0.004 2.848236288063098
0.004 3.071934130394721
0.004 3.305939865212582
0.004 3.5501881317504593
0.004 3.804629435468885
0.004 4.06922693869364
0.004 4.343954084583806
0.004 4.628792841304167
0.004 4.923732713825223
0.004 4.87878812732172
0.004 4.5838511648497855
0.004 4.2990203452857445
0.004 4.024306847816851
0.004 3.7597299135558764
0.004 3.5053179067395557
0.004 3.2611102796875397
0.004 3.027160136809392
0.004 2.8035378493433782
0.004 2.590335734420995
0.004 2.3876744435706825
0.004 2.195711250576867
0.004 2.014651439360206
0.004 1.844763407295697
0.004 1.6864001777201392
0.004 1.5400294350248236
0.004 1.4062742463170197
0.004 1.2858613480483119
0.00400000467756546 1.178619668021395
0.004583151298688382 1.0806561062169748
0.032319699018639944 0.9870570418927636
0.1269485496045844 0.8963486826340452
0.3129114584748068 0.8090497768887424
0.6930430909412896 0.7269476151037945
1.2681802806467373 0.6533941036320507
1.8568673995775642 0.590757957468495
2.34787789502397 0.5396158849769808
2.7256517187946314 0.49995244071005934
2.9930455340266673 0.4716813715239688
3.152683035940033 0.45474039953727885
3.205788443709187 0.4490966875205809
3.1526830359400404 0.45474039953727813
2.9930455340266664 0.47168137152396766
2.7256517187946616 0.49995244071005784
2.347877895024022 0.5396158849769774
1.856867399577608 0.5907579574684914
1.2681802806468339 0.6533941036320464
0.693043090941382 0.7269476151037874
0.31291145847497576 0.8090497768887336
0.12694854960468835 0.8963486826340327
0.03231969901860854 0.9870570418927513
0.004583151298685728 1.0806561062169642
0.00400000467756546 1.1786196680213865
0.004 1.2858613480483059
0.004 1.4062742463170153
0.004 1.5400294350248214
0.004 1.686400177720138
0.004 1.844763407295695
0.004 2.0146514393602044
0.004 2.195711250576865
0.004 2.3876744435706816
0.004 2.590335734420994
0.004 2.803537849343376
0.004 3.0271601368093894
0.004 3.2611102796875366
0.004 3.505317906739552
0.004 3.759729913555873
0.004 4.024306847816845
0.004 4.299020345285738
0.004 4.583851164849779
0.004 4.878788127321712
0.004 4.84383285124068
0.004 4.548898254021502
0.004 4.264073890696618
0.004 3.9893715024840377
0.004 3.7248113223855563
0.004 3.47042320035519
0.004 3.226248734135143
0.004 2.9923439938538294
0.004 2.7687834543515417
0.004 2.5556649926604207
0.004 2.353116847190534
0.004 2.1613064910415463
0.004 1.980452987032231
0.004 1.810843043477683
0.004 1.6528538891436755
0.004 1.506984021918398
0.004 1.3738868035873457
0.004 1.2542097688865512
0.004000199040263695 1.147095414784564
0.006943749083136688 1.0477893615282468
0.06656465546696098 0.9520861451588861
0.2062376686084208 0.8589550588485311
0.49424624994275196 0.7693150415094039
1.0225816078010022 0.6860472514009519
1.6685404927495537 0.6126619296506002
2.252568192777214 0.5505812634166258
2.7256517187946208 0.49995244071005973
3.0886872407893753 0.46068895185679704
3.3455622981244653 0.43270319550048303
3.498806048981183 0.4159343389319149
3.5497527076226625 0.4103483529599532
3.4988060489811925 0.41593433893191434
3.345562298124484 0.4327031955004819
3.088687240789378 0.46068895185679515
2.7256517187946576 0.4999524407100576
2.252568192777266 0.5505812634166221
1.6685404927496736 0.6126619296505954
1.0225816078011776 0.6860472514009437
0.49424624994287136 0.7693150415093939
0.20623766860849732 0.8589550588485192
0.06656465546698133 0.9520861451588749
0.006943749083128725 1.0477893615282354
0.004000199040263695 1.1470954147845558
0.004 1.254209768886546
0.004 1.3738868035873402
0.004 1.5069840219183945
0.004 1.652853889143672
0.004 1.8108430434776808
0.004 1.9804529870322296
0.004 2.1613064910415445
0.004 2.3531168471905324
0.004 2.555664992660419
0.004 2.7687834543515404
0.004 2.9923439938538277
0.004 3.22624873413514
0.004 3.470423200355187
0.004 3.724811322385553
0.004 3.989371502484033
0.004 4.264073890696611
0.004 4.548898254021496
0.004 4.8438328512406725
0.004 4.818865697178752
0.004 4.523932846122554
0.004 4.2391132509659615
0.004 3.96441907300088
0.004 3.699871278987382
0.004 3.445500827948831
0.004 3.2013509053778115
0.004 2.967479790944262
0.004 2.7439649892613955
0.004 2.5309084947049367
0.004 2.3284440951139604
0.004 2.1367466900244794
0.004 1.9560451432642196
0.004 1.7866388723721813
0.004 1.6289209030446403
0.004 1.483407759535297
0.004 1.350759810316498
0.004000000000014154 1.2314865382347275
0.004001362411207237 1.1240166105330596
0.010262013679756933 1.0232061826155021
0.11030064182166698 0.9256462438030102
0.30976414220439225 0.8307934516770363
0.6962975513493553 0.7399119288894175
1.3081360423639965 0.6564580290010615
1.9666023034266227 0.5835253943314839
2.534508691424766 0.5219269267591948
2.9930455340266526 0.4716813715239694
3.3455622981244626 0.4327031955004835
3.5952501498979923 0.4049159571993082
3.7442535569259334 0.38826492355288605
3.7937909053031555 0.38271810950808255
3.744253556925935 0.38826492355288567
3.595250149898005 0.40491595719930734
3.3455622981244835 0.43270319550048175
2.9930455340266784 0.4716813715239672
2.5345086914248265 0.5219269267591914
1.9666023034267321 0.5835253943314791
1.3081360423641903 0.656458029001054
0.6962975513494398 0.7399119288894079
0.3097641422043874 0.8307934516770269
0.11030064182170811 0.9256462438030011
0.01026201367975428 1.0232061826154926
0.004001362411207237 1.1240166105330514
0.004000000000014154 1.23148653823472
0.004 1.3507598103164933
0.004 1.4834077595352928
0.004 1.6289209030446374
0.004 1.7866388723721793
0.004 1.9560451432642187
0.004 2.136746690024478
0.004 2.328444095113959
0.004 2.5309084947049345
0.004 2.7439649892613946
0.004 2.96747979094426
0.004 3.2013509053778093
0.004 3.4455008279488277
0.004 3.6998712789873784
0.004 3.9644190730008746
0.004 4.239113250965955
0.004 4.523932846122545
0.004 4.818865697178742
0.004 4.803885773599147
0.004 4.508953993502066
0.004 4.224137323489366
0.004 3.949448184560283
0.004 3.684907993928801
0.004 3.4305483955762868
0.004 3.18641354963533
0.004 2.9525630978819364
0.004 2.7290764002834087
0.004 2.516057975989998
0.004 2.313644982994255
0.004 2.122016808966378
0.004 1.9414081267844896
0.004 1.7721257216942112
0.004 1.6145712876339522
0.004 1.4692702164072942
0.004 1.336880088161912
0.0040000000001070395 1.2177864260018612
0.004003147581829076 1.1098934538289145
0.011932138038308187 1.0079159365869927
0.14390438686613763 0.9089680831448179
0.40730335196142375 0.8130049950084632
0.8640067455797247 0.7217359357285129
1.501140879433387 0.6385605394527034
2.1488142845326963 0.5660262948213602
2.7034741683194214 0.504748249853656
3.152683035940021 0.45474039953727946
3.498806048981181 0.41593433893191545
3.7442535569259294 0.38826492355288633
3.8908035316772716 0.3716831159189116
3.9395338008162817 0.3661591907417185
3.890803531677277 0.371683115918911
3.744253556925936 0.3882649235528852
3.498806048981191 0.4159343389319139
3.1526830359400497 0.4547403995372774
2.7034741683194823 0.5047482498536527
2.1488142845327505 0.5660262948213558
1.5011408794335002 0.638560539452698
0.8640067455798945 0.7217359357285051
0.4073033519614901 0.8130049950084541
0.14390438686611243 0.9089680831448085
0.011932138038301995 1.0079159365869843
0.004003147581829076 1.1098934538289065
0.0040000000001070395 1.217786426001856
0.004 1.3368800881619078
0.004 1.469270216407292
0.004 1.6145712876339506
0.004 1.7721257216942092
0.004 1.9414081267844883
0.004 2.1220168089663765
0.004 2.313644982994253
0.004 2.5160579759899973
0.004 2.7290764002834065
0.004 2.9525630978819333
0.004 3.186413549635328
0.004 3.430548395576283
0.004 3.684907993928797
0.004 3.949448184560277
0.004 4.22413732348936
0.004 4.508953993502056
0.004 4.803885773599138
0.004 4.798892528100067
0.004 4.503961108919429
0.004 4.2191454248465154
0.004 3.944457984673427
0.004 3.679920357580789
0.004 3.4255644190111423
0.004 3.18143465780788
0.004 2.947591175577061
0.004 2.724113957040195
0.004 2.5111083711399846
0.004 2.3087127051134337
0.004 2.11710784476281
0.004 1.9365303821703894
0.004 1.7672895037331107
0.004 1.609789641578024
0.004 1.4645588026088687
0.004 1.3322524356155692
0.004000000000206118 1.2132073284525424
0.004003967544675737 1.1051383624382172
0.012226905432446668 1.0027275900958832
0.1557386645894944 0.9032536884879481
0.4480140637354591 0.8068858164442794
0.9303677287347556 0.7155638921785977
1.5699215126249653 0.6325644341650621
2.210259620700722 0.5601888291522102
2.7598113608648474 0.49902364996044235
3.205788443709161 0.44909668752058163
3.549752707622659 0.41034835295995364
3.7937909053031524 0.38271810950808277
3.939533800816281 0.36615919074171854
3.988 0.3606428120718906
3.9395338008162857 0.3661591907417182
3.7937909053031618 0.38271810950808177
3.549752707622664 0.41034835295995226
3.2057884437091886 0.44909668752057985
2.7598113608648855 0.4990236499604395
2.2102596207007776 0.5601888291522068
1.5699215126250503 0.6325644341650573
0.9303677287348104 0.7155638921785917
0.4480140637355117 0.8068858164442727
0.15573866458950059 0.903253688487941
0.012226905432438708 1.0027275900958763
0.004003967544675737 1.1051383624382107
0.004000000000206118 1.2132073284525378
0.004 1.3322524356155647
0.004 1.4645588026088658
0.004 1.6097896415780226
0.004 1.7672895037331087
0.004 1.936530382170388
0.004 2.117107844762808
0.004 2.308712705113432
0.004 2.5111083711399824
0.004 2.7241139570401924
0.004 2.9475911755770596
0.004 3.181434657807877
0.004 3.4255644190111405
0.004 3.6799203575807846
0.004 3.9444579846734205
0.004 4.219145424846507
0.004 4.503961108919418
0.004 4.798892528100057
0.004 4.803885773599146
0.004 4.5089539935020655
0.004 4.224137323489366
0.004 3.949448184560283
0.004 3.6849079939288005
0.004 3.430548395576287
0.004 3.1864135496353296
0.004 2.952563097881936
0.004 2.7290764002834087
0.004 2.516057975989998
0.004 2.313644982994255
0.004 2.1220168089663773
0.004 1.9414081267844894
0.004 1.7721257216942108
0.004 1.614571287633952
0.004 1.4692702164072942
0.004 1.3368800881619118
0.0040000000001070395 1.2177864260018612
0.004003147581829076 1.109893453828914
0.011932138038304648 1.0079159365869923
0.14390438686612347 0.9089680831448167
0.407303351961433 0.8130049950084622
0.8640067455797451 0.7217359357285117
1.5011408794333985 0.6385605394527023
2.1488142845327 0.566026294821359
2.703474168319451 0.5047482498536547
3.152683035940033 0.4547403995372789
3.498806048981183 0.41593433893191467
3.7442535569259325 0.3882649235528858
3.890803531677276 0.37168311591891084
3.9395338008162866 0.366159190741718
3.89080353167728 0.3716831159189105
3.744253556925938 0.3882649235528849
3.498806048981194 0.4159343389319135
3.152683035940045 0.4547403995372772
2.7034741683194685 0.5047482498536529
2.148814284532725 0.5660262948213561
1.5011408794334369 0.638560539452699
0.8640067455797911 0.721735935728507
0.40730335196141976 0.8130049950084574
0.1439043868661403 0.9089680831448115
0.011932138038307302 1.0079159365869865
0.004003147581829076 1.1098934538289085
0.0040000000001070395 1.2177864260018574
0.004 1.3368800881619087
0.004 1.4692702164072924
0.004 1.6145712876339509
0.004 1.7721257216942095
0.004 1.9414081267844887
0.004 2.1220168089663765
0.004 2.313644982994253
0.004 2.5160579759899973
0.004 2.7290764002834065
0.004 2.9525630978819333
0.004 3.186413549635328
0.004 3.4305483955762828
0.004 3.684907993928797
0.004 3.949448184560277
0.004 4.2241373234893596
0.004 4.5089539935020575
0.004 4.803885773599138
0.004 4.81886569717875
0.004 4.523932846122552
0.004 4.2391132509659615
0.004 3.96441907300088
0.004 3.6998712789873816
0.004 3.445500827948831
0.004 3.2013509053778115
0.004 2.9674797909442616
0.004 2.7439649892613955
0.004 2.5309084947049363
0.004 2.3284440951139604
0.004 2.1367466900244794
0.004 1.9560451432642196
0.004 1.7866388723721807
0.004 1.6289209030446394
0.004 1.483407759535296
0.004 1.350759810316497
0.004000000000014154 1.2314865382347258
0.004001362411207237 1.124016610533058
0.01026201367976224 1.0232061826155001
0.11030064182167848 0.9256462438030083
0.30976414220439313 0.8307934516770338
0.6962975513493854 0.7399119288894143
1.3081360423640482 0.6564580290010583
1.9666023034266742 0.5835253943314812
2.5345086914248167 0.5219269267591926
2.99304553402668 0.4716813715239678
3.345562298124484 0.43270319550048236
3.5952501498979985 0.40491595719930756
3.7442535569259388 0.3882649235528851
3.7937909053031627 0.3827181095080815
3.7442535569259414 0.3882649235528848
3.595250149898008 0.40491595719930673
3.3455622981244932 0.43270319550048114
2.993045534026674 0.47168137152396644
2.5345086914248114 0.5219269267591916
1.966602303426672 0.5835253943314797
1.308136042364055 0.6564580290010568
0.6962975513493819 0.739911928889412
0.30976414220437193 0.830793451677031
0.11030064182169573 0.9256462438030053
0.010262013679753395 1.0232061826154963
0.004001362411207237 1.124016610533055
0.004000000000014154 1.2314865382347226
0.004 1.350759810316495
0.004 1.4834077595352944
0.004 1.628920903044638
0.004 1.78663887237218
0.004 1.956045143264219
0.004 2.1367466900244785
0.004 2.328444095113959
0.004 2.530908494704935
0.004 2.7439649892613946
0.004 2.9674797909442603
0.004 3.2013509053778093
0.004 3.4455008279488273
0.004 3.6998712789873776
0.004 3.964419073000875
0.004 4.239113250965955
0.004 4.523932846122544
0.004 4.81886569717874
0.004 4.84383285124068
0.004 4.548898254021502
0.004 4.264073890696617
0.004 3.9893715024840377
0.004 3.7248113223855563
0.004 3.47042320035519
0.004 3.226248734135143
0.004 2.9923439938538294
0.004 2.7687834543515417
0.004 2.5556649926604207
0.004 2.3531168471905337
0.004 2.1613064910415454
0.004 1.9804529870322305
0.004 1.8108430434776814
0.004 1.6528538891436737
0.004 1.5069840219183965
0.004 1.3738868035873437
0.004 1.2542097688865503
0.004000199040263695 1.1470954147845598
0.006943749083141111 1.0477893615282414
0.06656465546698444 0.9520861451588811
0.20623766860844644 0.8589550588485242
0.4942462499428979 0.7693150415093976
1.0225816078011556 0.6860472514009466
1.6685404927496275 0.6126619296505965
2.252568192777273 0.550581263416622
2.725651718794673 0.4999524407100578
3.088687240789396 0.4606889518567953
3.3455622981244857 0.4327031955004818
3.4988060489811916 0.4159343389319132
3.5497527076226754 0.41034835295995176
3.4988060489812014 0.4159343389319128
3.345562298124504 0.4327031955004807
3.0886872407894064 0.46068895185679404
2.725651718794673 0.49995244071005623
2.2525681927772676 0.5505812634166212
1.6685404927496081 0.6126619296505953
1.022581607801086 0.6860472514009456
0.4942462499427719 0.7693150415093973
0.20623766860839646 0.8589550588485247
0.0665646554669539 0.9520861451588805
0.0069437490831340334 1.047789361528241
0.004000199040263695 1.1470954147845591
0.004 1.2542097688865474
0.004 1.3738868035873422
0.004 1.506984021918396
0.004 1.6528538891436728
0.004 1.8108430434776812
0.004 1.98045298703223
0.004 2.1613064910415445
0.004 2.353116847190533
0.004 2.555664992660419
0.004 2.768783454351541
0.004 2.992343993853827
0.004 3.22624873413514
0.004 3.470423200355186
0.004 3.724811322385553
0.004 3.9893715024840324
0.004 4.2640738906966105
0.004 4.548898254021493
0.004 4.843832851240671
0.004 4.87878812732172
0.004 4.583851164849785
0.004 4.299020345285744
0.004 4.02430684781685
0.004 3.759729913555876
0.004 3.5053179067395557
0.004 3.2611102796875393
0.004 3.0271601368093917
0.004 2.8035378493433782
0.004 2.5903357344209947
0.004 2.3876744435706825
0.004 2.195711250576866
0.004 2.0146514393602053
0.004 1.8447634072956964
0.004 1.6864001777201385
0.004 1.5400294350248227
0.004 1.4062742463170175
0.004 1.2858613480483079
0.00400000467756546 1.1786196680213898
0.0045831512986866125 1.0806561062169673
0.032319699018658526 0.987057041892754
0.12694854960469099 0.8963486826340352
0.312911458474985 0.8090497768887339
0.693043090941459 0.7269476151037871
1.2681802806468923 0.6533941036320455
1.856867399577639 0.5907579574684912
2.3478778950240393 0.5396158849769773
2.7256517187946847 0.499952440710057
2.993045534026691 0.47168137152396666
3.1526830359400613 0.4547403995372769
3.2057884437092 0.44909668752057896
3.1526830359400786 0.4547403995372763
2.993045534026705 0.47168137152396533
2.725651718794682 0.4999524407100556
2.3478778950240304 0.5396158849769758
1.856867399577581 0.5907579574684904
1.2681802806467934 0.6533941036320461
0.6930430909413298 0.7269476151037881
0.3129114584748245 0.809049776888736
0.12694854960459323 0.8963486826340382
0.032319699018615616 0.9870570418927572
0.0045831512986866125 1.0806561062169695
0.00400000467756546 1.1786196680213914
0.004 1.2858613480483074
0.004 1.4062742463170175
0.004 1.5400294350248225
0.004 1.6864001777201387
0.004 1.8447634072956955
0.004 2.0146514393602053
0.004 2.1957112505768657
0.004 2.3876744435706816
0.004 2.590335734420994
0.004 2.8035378493433765
0.004 3.0271601368093894
0.004 3.2611102796875366
0.004 3.5053179067395526
0.004 3.7597299135558724
0.004 4.024306847816845
0.004 4.299020345285738
0.004 4.583851164849777
0.004 4.878788127321709
0.004 4.9237327138252285
0.004 4.628792841304172
0.004 4.343954084583811
0.004 4.069226938693643
0.004 3.8046294354688888
0.004 3.5501881317504624
0.004 3.3059398652125838
0.004 3.0719341303947223
0.004 2.848236288063099
0.004 2.634931858610594
0.004 2.4321321545654015
0.004 2.239981802795611
0.004 2.0586687095470704
0.004 1.8884376244221286
0.004 1.7296088251826722
0.004 1.5826048164313031
0.004 1.447988176565106
0.004 1.3264672774364046
0.004000000007934208 1.2183472566649423
0.004029560262698052 1.1211153489630248
0.013174153961838377 1.0297993703125168
0.06845091776235049 0.9421075072515895
0.1784581420756072 0.8579219390562224
0.3992294730976632 0.7782636480357888
0.8170097500716818 0.7054806118542772
1.3558916339901363 0.6424856755380556
1.856867399577619 0.5907579574684905
2.2525681927772774 0.5505812634166207
2.534508691424832 0.5219269267591908
2.7034741683194965 0.5047482498536514
2.7598113608649166 0.49902364996043835
2.703474168319513 0.5047482498536505
2.5345086914248536 0.5219269267591893
2.2525681927773493 0.5505812634166193
1.8568673995776614 0.5907579574684888
1.3558916339900997 0.6424856755380545
0.8170097500715783 0.7054806118542783
0.39922947309747925 0.7782636480357922
0.1784581420754829 0.8579219390562273
0.06845091776227619 0.9421075072515944
0.013174153961830415 1.0297993703125219
0.004029560262698052 1.1211153489630294
0.004000000007934208 1.2183472566649456
0.004 1.3264672774364057
0.004 1.4479881765651075
0.004 1.5826048164313036
0.004 1.729608825182672
0.004 1.8884376244221286
0.004 2.0586687095470695
0.004 2.2399818027956115
0.004 2.4321321545654007
0.004 2.634931858610593
0.004 2.848236288063098
0.004 3.071934130394721
0.004 3.3059398652125815
0.004 3.5501881317504593
0.004 3.8046294354688843
0.004 4.069226938693639
0.004 4.343954084583804
0.004 4.628792841304166
0.004 4.923732713825223
0.004 4.978668041731864
0.004 4.683724802958394
0.004 4.398876876704175
0.004 4.1241339717209655
0.004 3.859512747932393
0.004 3.6050376921184077
0.004 3.360742676834396
0.004 3.1266730698538683
0.004 2.902888546537731
0.004 2.6894668521101055
0.004 2.486508652729304
0.004 2.2941439993387616
0.004 2.1125406934750663
0.004 1.941915588332058
0.004 1.7825495950438854
0.004 1.6348086098537296
0.004 1.499171913288926
0.004 1.3762525489803412
0.004000000000000885 1.2665661769214007
0.004000130038727925 1.1690818857454137
0.005196971545864278 1.0798269651867567
0.02827558664240055 0.995275221664824
0.0898518851302601 0.914606654202148
0.20425801148269707 0.8383725240431792
0.4320235048167285 0.7678868978915039
0.8170097500716202 0.7054806118542775
1.2681802806468316 0.6533941036320453
1.6685404927496108 0.6126619296505948
1.9666023034266895 0.5835253943314784
2.148814284532751 0.5660262948213546
2.2102596207008203 0.5601888291522045
2.148814284532784 0.5660262948213535
1.9666023034268 0.5835253943314762
1.6685404927497447 0.6126619296505907
1.2681802806469293 0.6533941036320415
0.8170097500716889 0.7054806118542757
0.4320235048166401 0.7678868978915043
0.2042580114825489 0.8383725240431827
0.08985188513014995 0.9146066542021537
0.028275586642397012 0.9952752216648304
0.005196971545867816 1.0798269651867618
0.004000130038727925 1.1690818857454173
0.004000000000000885 1.2665661769214038
0.004 1.3762525489803439
0.004 1.4991719132889278
0.004 1.63480860985373
0.004 1.7825495950438857
0.004 1.9419155883320582
0.004 2.112540693475066
0.004 2.294143999338761
0.004 2.486508652729303
0.004 2.6894668521101046
0.004 2.9028885465377305
0.004 3.126673069853867
0.004 3.3607426768343944
0.004 3.605037692118405
0.004 3.8595127479323894
0.004 4.124133971720962
0.004 4.39887687670417
0.004 4.683724802958387
0.004 4.978668041731856
0.004 5.043595722242308
0.004 4.748648759887028
0.004 4.463790705199492
0.004 4.189030408570104
0.004 3.924383045224478
0.004 3.6698708494352066
0.004 3.4255244927788566
0.004 3.1913848690073015
0.004 2.9675055320444774
0.004 2.7539558229819363
0.004 2.55082495993613
0.004 2.3582272472345265
0.004 2.1763088267627593
0.004 2.005256309370314
0.004 1.845307985889786
0.004 1.6967682275721663
0.004 1.5600258592340903
0.004 1.4355708673920575
0.004 1.3239285609621443
0.0040000000114231715 1.2250542618966043
0.004016177391208958 1.1366990067191745
0.0085861088335078 1.0549364608913905
0.03695712776229691 0.9778482563521648
0.09616003817839697 0.9053747036606646
0.2042580114826922 0.8383725240431802
0.39922947309754114 0.7782636480357907
0.6930430909413086 0.7269476151037874
1.0225816078010879 0.6860472514009448
1.3081360423640487 0.6564580290010547
1.501140879433502 0.6385605394526961
1.569921512625121 0.6325644341650543
1.5011408794335845 0.6385605394526942
1.3081360423642108 0.6564580290010504
1.022581607801244 0.6860472514009395
0.6930430909415696 0.7269476151037809
0.3992294730976486 0.7782636480357846
0.20425801148258163 0.8383725240431789
0.09616003817829966 0.905374703660667
0.03695712776226419 0.9778482563521701
0.0085861088335078 1.0549364608913967
0.004016177391208958 1.136699006719181
0.0040000000114231715 1.2250542618966092
0.004 1.323928560962149
0.004 1.4355708673920597
0.004 1.5600258592340905
0.004 1.6967682275721665
0.004 1.8453079858897867
0.004 2.0052563093703135
0.004 2.1763088267627593
0.004 2.3582272472345265
0.004 2.5508249599361297
0.004 2.7539558229819354
0.004 2.9675055320444756
0.004 3.191384869007301
0.004 3.4255244927788544
0.004 3.6698708494352035
0.004 3.9243830452244755
0.004 4.1890304085700985
0.004 4.463790705199487
0.004 4.74864875988702
0.004 5.043595722242296
0.004 5.1185174755269385
0.004 4.823566536929684
0.004 4.53869768004004
0.004 4.263918862452839
0.004 3.9992437034199972
0.004 3.744692099440779
0.004 3.500291386198028
0.004 3.2660778372426007
0.004 3.042098671376409
0.004 2.828414606732293
0.004 2.6251031109749734
0.004 2.4322624624106037
0.004 2.250016806027653
0.004 2.0785223625012113
0.004 1.9179749705587634
0.004 1.7686189996459536
0.004 1.630757418672321
0.004 1.5047610224400139
0.004 1.391056760814876
0.004 1.2899398634664974
0.004000002413014769 1.2006872878748664
0.004104562516260664 1.1205868823211425
0.010423481412148971 1.0466211395852347
0.0369571277623177 0.9778482563521661
0.08985188513021719 0.9146066542021501
0.1784581420755736 0.8579219390562257
0.31291145847485585 0.8090497768887356
0.49424624994278776 0.7693150415093964
0.696297551349358 0.7399119288894102
0.8640067455798552 0.7217359357285033
0.9303677287348834 0.7155638921785874
0.8640067455799393 0.7217359357285003
0.6962975513494779 0.7399119288894042
0.49424624994303634 0.7693150415093883
0.31291145847500496 0.8090497768887254
0.1784581420755435 0.8579219390562166
0.08985188513017252 0.9146066542021459
0.036957127762261524 0.9778482563521665
0.010423481412137472 1.0466211395852378
0.004104562516260664 1.120586882321149
0.004000002413014769 1.2006872878748716
0.004 1.2899398634665007
0.004 1.3910567608148796
0.004 1.5047610224400163
0.004 1.630757418672322
0.004 1.768618999645954
0.004 1.9179749705587643
0.004 2.0785223625012113
0.004 2.250016806027653
0.004 2.4322624624106033
0.004 2.6251031109749725
0.004 2.828414606732292
0.004 3.0420986713764075
0.004 3.2660778372426
0.004 3.5002913861980267
0.004 3.7446920994407753
0.004 3.9992437034199937
0.004 4.263918862452835
0.004 4.538697680040034
0.004 4.823566536929675
0.004 5.118517475526931
0.004 5.20343505818564
0.004 4.908479994622848
0.004 4.623599950285525
0.004 4.348801978612307
0.004 4.0840981313718485
0.004 3.8295059501714612
0.004 3.5850494310082865
0.004 3.350760232003156
0.004 3.1266792887408466
0.004 2.9128588041411487
0.004 2.7093647427603167
0.004 2.5162798098393293
0.004 2.3337070286667596
0.004 2.1617738197546412
0.004 2.000636568399812
0.004 1.8504852525583497
0.004 1.7115475746535678
0.004 1.5840909833224397
0.004 1.4684172351244498
0.004 1.364809557576923
0.004000000000000885 1.2732515150474848
0.004000012507130158 1.1926505680060406
0.004104562516260664 1.1205868823211438
0.0085861088335078 1.0549364608913914
0.028275586642422666 0.9952752216648276
0.06845091776231997 0.9421075072515925
0.12694854960464544 0.8963486826340364
0.2062376686084301 0.8589550588485229
0.3097641422044144 0.8307934516770286
0.40730335196146755 0.8130049950084522
0.4480140637355962 0.8068858164442675
0.4073033519615144 0.8130049950084489
0.3097641422044577 0.8307934516770225
0.20623766860853182 0.8589550588485129
0.12694854960467683 0.8963486826340262
0.0684509177623297 0.9421075072515824
0.02827558664238551 0.9952752216648206
0.008586108833503376 1.05493646089139
0.004104562516260664 1.1205868823211458
0.004000012507130158 1.1926505680060449
0.004000000000000885 1.2732515150474875
0.004 1.3648095575769263
0.004 1.468417235124451
0.004 1.5840909833224406
0.004 1.7115475746535684
0.004 1.8504852525583506
0.004 2.000636568399813
0.004 2.1617738197546417
0.004 2.3337070286667596
0.004 2.5162798098393284
0.004 2.7093647427603162
0.004 2.9128588041411483
0.004 3.1266792887408457
0.004 3.3507602320031546
0.004 3.5850494310082848
0.004 3.829505950171459
0.004 4.084098131371844
0.004 4.348801978612301
0.004 4.623599950285522
0.004 4.908479994622845
0.004 5.203435058185636
0.004 5.298350198738298
0.004 5.003390961237297
0.004 4.718499615987846
0.004 4.44368233034565
0.004 4.1789496191651425
0.004 3.924316729005563
0.004 3.6798044092471613
0.004 3.4454398653545564
0.004 3.2212580024970725
0.004 3.0073029299940837
0.004 2.8036297709322575
0.004 2.6103067432877407
0.004 2.427417485499625
0.004 2.255063485741804
0.004 2.093366381279715
0.004 1.942469638833519
0.004 1.8025387964194537
0.004 1.6737588333400804
0.004 1.5563259295920662
0.004 1.4504245971683296
0.004 1.3561490661852504
0.004000000000000885 1.2732515150474852
0.004000002413014769 1.200687287874868
0.004016177391208958 1.136699006719178
0.005196971545866931 1.0798269651867591
0.013174153961842799 1.0297993703125197
0.03231969901861473 0.9870570418927552
0.06656465546697338 0.952086145158878
0.1103006418217236 0.9256462438030015
0.1439043868661801 0.9089680831448057
0.1557386645896408 0.903253688487934
0.14390438686620266 0.9089680831448022
0.11030064182177005 0.9256462438029955
0.06656465546698709 0.9520861451588682
0.032319699018641714 0.9870570418927439
0.013174153961832184 1.0297993703125088
0.005196971545864278 1.0798269651867514
0.004016177391208958 1.1366990067191731
0.004000002413014769 1.2006872878748664
0.004000000000000885 1.273251515047486
0.004 1.3561490661852516
0.004 1.4504245971683305
0.004 1.5563259295920666
0.004 1.6737588333400812
0.004 1.8025387964194548
0.004 1.942469638833519
0.004 2.0933663812797154
0.004 2.255063485741804
0.004 2.427417485499626
0.004 2.6103067432877403
0.004 2.8036297709322575
0.004 3.0073029299940828
0.004 3.2212580024970707
0.004 3.445439865354555
0.004 3.6798044092471596
0.004 3.9243167290055596
0.004 4.178949619165139
0.004 4.443682330345645
0.004 4.718499615987842
0.004 5.003390961237293
0.004 5.298350198738293
0.004 5.403264535837294
0.004 5.108301166132965
0.004 4.823398654502994
0.004 4.548562321010389
0.004 4.283801215874823
0.004 4.029128406345439
0.004 3.78456157804096
0.004 3.5501237606297913
0.004 3.325844253787558
0.004 3.1117597137965705
0.004 2.9079154025562395
0.004 2.714366540964534
0.004 2.5311796797216157
0.004 2.358433913545545
0.004 2.196221644873293
0.004 2.044648414493078
0.004 1.903831025650614
0.004 1.7738927859602038
0.004 1.6549540770377469
0.004 1.547115262225178
0.004 1.4504245971683294
0.004 1.364809557576924
0.004 1.289939863466498
0.0040000000114231715 1.2250542618966058
0.004000130038727925 1.1690818857454155
0.004029560262698052 1.1211153489630263
0.004583151298687497 1.080656106216968
0.006943749083132264 1.0477893615282377
0.010262013679756049 1.0232061826154923
0.011932138038291379 1.00791593658698
0.012226905432425439 1.002727590095868
0.011932138038295802 1.0079159365869768
0.01026201367975074 1.0232061826154866
0.006943749083130495 1.047789361528229
0.004583151298685728 1.080656106216957
0.004029560262698052 1.121115348963016
0.004000130038727925 1.1690818857454066
0.0040000000114231715 1.2250542618966014
0.004 1.2899398634664956
0.004 1.3648095575769235
0.004 1.4504245971683292
0.004 1.54711526222518
0.004 1.6549540770377473
0.004 1.7738927859602047
0.004 1.9038310256506144
0.004 2.044648414493079
0.004 2.1962216448732934
0.004 2.358433913545545
0.004 2.5311796797216166
0.004 2.714366540964534
0.004 2.9079154025562395
0.004 3.11175971379657
0.004 3.3258442537875568
0.004 3.55012376062979
0.004 3.7845615780409587
0.004 4.029128406345436
0.004 4.283801215874819
0.004 4.548562321010386
0.004 4.823398654502989
0.004 5.108301166132959
0.004 5.403264535837288
0.004 5.5181795687866675
0.004 5.223212187683783
0.004 4.9382988580629625
0.004 4.663444109254005
0.004 4.398655629038838
0.004 4.143944466607598
0.004 3.8993254891381306
0.004 3.664817913609593
0.004 3.4404459709873745
0.004 3.22623965207812
0.004 3.022235518581057
0.004 2.828477503496012
0.004 2.6450175988365903
0.004 2.471916249141472
0.004 2.3092421769126066
0.004 2.1570712231319247
0.004 2.015483600078815
0.004 1.8845587230855363
0.004 1.764366537668032
0.004 1.6549540770377467
0.004 1.556325929592066
0.004 1.4684172351244498
0.004 1.391056760814877
0.004 1.3239285609621456
0.004000000000000885 1.2665661769214016
0.004000000007934208 1.2183472566649434
0.00400000467756546 1.1786196680213883
0.004000199040263695 1.147095414784556
0.004001362411207237 1.1240166105330502
0.004003147581829076 1.109893453828904
0.004003967544675737 1.1051383624382052
0.004003147581829076 1.1098934538289007
0.004001362411207237 1.124016610533046
0.004000199040263695 1.147095414784549
0.00400000467756546 1.1786196680213803
0.004000000007934208 1.218347256664935
0.004000000000000885 1.2665661769213947
0.004 1.323928560962142
0.004 1.3910567608148747
0.004 1.4684172351244482
0.004 1.5563259295920648
0.004 1.6549540770377473
0.004 1.7643665376680322
0.004 1.8845587230855363
0.004 2.0154836000788157
0.004 2.157071223131925
0.004 2.3092421769126075
0.004 2.471916249141473
0.004 2.6450175988365907
0.004 2.828477503496013
0.004 3.0222355185810565
0.004 3.226239652078119
0.004 3.4404459709873736
0.004 3.664817913609592
0.004 3.899325489138128
0.004 4.143944466607595
0.004 4.398655629038832
0.004 4.663444109254002
0.004 4.938298858062958
0.004 5.223212187683777
0.004 5.518179568786662
0.004 5.643096619934909
0.004 5.34812541341835
0.004 5.0632017890716225
0.004 4.7883295545467375
0.004 4.5235151579570285
0.004 4.268767822092044
0.004 4.0240998807649335
0.004 3.789527153051527
0.004 3.5650693989038644
0.004 3.3507508012504577
0.004 3.146600449950709
0.004 2.9526527482738043
0.004 2.768947643777443
0.004 2.5955305201243934
0.004 2.43245152493723
0.004 2.279764013390083
0.004 2.1375216898118286
0.004 2.0057739297029253
0.004 1.884558723085536
0.004 1.7738927859602038
0.004 1.6737588333400804
0.004 1.5840909833224397
0.004 1.5047610224400145
0.004 1.435570867392057
0.004 1.3762525489803419
0.004 1.3264672774364032
0.004 1.2858613480483052
0.004 1.254209768886545
0.004000000000014154 1.231486538234719
0.0040000000001070395 1.2177864260018518
0.004000000000206118 1.2132073284525315
0.0040000000001070395 1.2177864260018498
0.004000000000014154 1.2314865382347147
0.004 1.2542097688865408
0.004 1.2858613480483003
0.004 1.3264672774363981
0.004 1.376252548980337
0.004 1.4355708673920538
0.004 1.5047610224400114
0.004 1.5840909833224384
0.004 1.6737588333400795
0.004 1.7738927859602038
0.004 1.884558723085536
0.004 2.0057739297029253
0.004 2.1375216898118286
0.004 2.279764013390083
0.004 2.43245152493723
0.004 2.595530520124394
0.004 2.7689476437774436
0.004 2.9526527482738048
0.004 3.1466004499507094
0.004 3.350750801250457
0.004 3.565069398903863
0.004 3.7895271530515267
0.004 4.024099880764933
0.004 4.268767822092041
0.004 4.523515157957026
0.004 4.788329554546734
0.004 5.063201789071617
0.004 5.34812541341834
0.004 5.6430966199349
0.004 5.778016810240609
0.004 5.483042014655686
0.004 5.1981087525576966
0.004 4.923220186216661
0.004 4.6583816586216935
0.004 4.403600773699269
0.004 4.158887636000125
0.004 3.9242551016879137
0.004 3.699719074333517
0.004 3.485298791989642
0.004 3.2810170790041817
0.004 3.086900489364252
0.004 2.9029792567879724
0.004 2.729286918227398
0.004 2.5658594412933176
0.004 2.412733631003254
0.004 2.2699445529598044
0.004 2.137521689811828
0.004 2.0154836000788157
0.004 1.9038310256506137
0.004 1.8025387964194535
0.004 1.7115475746535678
0.004 1.6307574186723213
0.004 1.5600258592340899
0.004 1.4991719132889256
0.004 1.447988176565105
0.004 1.4062742463170157
0.004 1.373886803587339
0.004 1.3507598103164924
0.004 1.3368800881619043
0.004 1.33225243561556
0.004 1.336880088161903
0.004 1.3507598103164895
0.004 1.3738868035873357
0.004 1.4062742463170133
0.004 1.4479881765651021
0.004 1.4991719132889234
0.004 1.5600258592340874
0.004 1.63075741867232
0.004 1.7115475746535667
0.004 1.802538796419454
0.004 1.903831025650614
0.004 2.015483600078815
0.004 2.137521689811828
0.004 2.2699445529598044
0.004 2.4127336310032543
0.004 2.565859441293318
0.004 2.7292869182273987
0.004 2.902979256787973
0.004 3.086900489364252
0.004 3.2810170790041817
0.004 3.485298791989642
0.004 3.6997190743335167
0.004 3.924255101687913
0.004 4.158887636000121
0.004 4.403600773699267
0.004 4.65838165862169
0.004 4.923220186216654
0.004 5.198108752557691
0.004 5.48304201465568
0.004 5.778016810240603
0.004 5.922941047739817
0.004 5.627962935085846
0.004 5.343020785324934
0.004 5.068117194305248
0.004 4.803256538240508
0.004 4.5484450132719045
0.004 4.303690799978895
0.004 4.069004221449051
0.004 3.8443979214792168
0.004 3.6298870139548023
0.004 3.425489179022526
0.004 3.2312246434629817
0.004 3.047115977607657
0.004 2.873187607292828
0.004 2.7094649219613687
0.004 2.5559728328210616
0.004 2.412733631003254
0.004 2.279764013390083
0.004 2.1570712231319247
0.004 2.0446484144930785
0.004 1.9424696388335183
0.004 1.85048525255835
0.004 1.7686189996459534
0.004 1.6967682275721652
0.004 1.6348086098537291
0.004 1.5826048164313018
0.004 1.5400294350248211
0.004 1.5069840219183936
0.004 1.483407759535291
0.004 1.4692702164072895
0.004 1.4645588026088618
0.004 1.4692702164072886
0.004 1.4834077595352892
0.004 1.5069840219183914
0.004 1.5400294350248187
0.004 1.5826048164313
0.004 1.6348086098537271
0.004 1.6967682275721636
0.004 1.7686189996459527
0.004 1.850485252558349
0.004 1.9424696388335176
0.004 2.0446484144930785
0.004 2.1570712231319247
0.004 2.2797640133900825
0.004 2.4127336310032543
0.004 2.555972832821061
0.004 2.7094649219613696
0.004 2.8731876072928273
0.004 3.0471159776076573
0.004 3.231224643462982
0.004 3.425489179022526
0.004 3.6298870139548023
0.004 3.844397921479216
0.004 4.069004221449051
0.004 4.303690799978893
0.004 4.548445013271902
0.004 4.803256538240505
0.004 5.068117194305243
0.004 5.34302078532493
0.004 5.62796293508584
0.004 5.922941047739808
0.004 6.077870027854486
0.004 5.782888892019547
0.004 5.497938660100942
0.004 5.223021439391051
0.004 4.958140774934963
0.004 4.703301659926163
0.004 4.4585106436123665
0.004 4.22377592197005
0.004 3.999107432946329
0.004 3.784516913529169
0.004 3.580017898399891
0.004 3.3856256095294928
0.004 3.201356685982764
0.004 3.0272286807987516
0.004 2.8632592466597453
0.004 2.709464921961369
0.004 2.5658594412933176
0.004 2.43245152493723
0.004 2.3092421769126066
0.004 2.1962216448732934
0.004 2.093366381279715
0.004 2.0006365683998117
0.004 1.9179749705587628
0.004 1.8453079858897854
0.004 1.7825495950438848
0.004 1.7296088251826716
0.004 1.686400177720137
0.004 1.6528538891436713
0.004 1.6289209030446359
0.004 1.614571287633949
0.004 1.6097896415780204
0.004 1.6145712876339484
0.004 1.628920903044635
0.004 1.6528538891436702
0.004 1.686400177720136
0.004 1.7296088251826698
0.004 1.782549595043883
0.004 1.8453079858897836
0.004 1.9179749705587628
0.004 2.0006365683998113
0.004 2.0933663812797145
0.004 2.1962216448732934
0.004 2.309242176912607
0.004 2.43245152493723
0.004 2.5658594412933176
0.004 2.709464921961369
0.004 2.863259246659746
0.004 3.0272286807987525
0.004 3.201356685982765
0.004 3.3856256095294928
0.004 3.580017898399891
0.004 3.784516913529169
0.004 3.999107432946329
0.004 4.22377592197005
0.004 4.458510643612365
0.004 4.703301659926161
0.004 4.95814077493496
0.004 5.223021439391046
0.004 5.497938660100936
0.004 5.782888892019541
0.004 6.077870027854479
0.004 6.242804243609459
0.004 5.947820388166655
0.004 5.662862901882188
0.004 5.38793347739233
0.004 5.123034956548664
0.004 4.868171321080749
0.004 4.623347759273318
0.004 4.388570709764668
0.004 4.163847900961087
0.004 3.9491883499925233
0.004 3.7446023057270343
0.004 3.5501010965112503
0.004 3.3656968466374417
0.004 3.1914020111693624
0.004 3.0272286807987516
0.004 2.8731876072928277
0.004 2.7292869182273978
0.004 2.595530520124393
0.004 2.471916249141472
0.004 2.3584339135455443
0.004 2.255063485741803
0.004 2.1617738197546412
0.004 2.0785223625012104
0.004 2.005256309370313
0.004 1.9419155883320574
0.004 1.888437624422128
0.004 1.8447634072956944
0.004 1.8108430434776799
0.004 1.7866388723721782
0.004 1.7721257216942077
0.004 1.7672895037331067
0.004 1.772125721694207
0.004 1.7866388723721773
0.004 1.8108430434776788
0.004 1.8447634072956938
0.004 1.8884376244221275
0.004 1.9419155883320565
0.004 2.005256309370313
0.004 2.0785223625012104
0.004 2.161773819754641
0.004 2.2550634857418026
0.004 2.3584339135455448
0.004 2.471916249141472
0.004 2.5955305201243934
0.004 2.729286918227398
0.004 2.8731876072928273
0.004 3.0272286807987525
0.004 3.191402011169363
0.004 3.3656968466374426
0.004 3.5501010965112503
0.004 3.744602305727035
0.004 3.9491883499925233
0.004 4.163847900961086
0.004 4.388570709764666
0.004 4.623347759273317
0.004 4.868171321080746
0.004 5.123034956548661
0.004 5.387933477392326
0.004 5.662862901882183
0.004 5.94782038816665
0.004 6.242804243609453
0.004 6.417744003690003
0.004 6.122757731647173
0.004 5.837793813507766
0.004 5.562853595210404
0.004 5.297939332470279
0.004 5.043054169122273
0.004 4.798202174799151
0.004 4.563388357695435
0.004 4.33861866849137
0.004 4.123899965796471
0.004 3.9192399321001905
0.004 3.7246469106825106
0.004 3.540129639194152
0.004 3.3656968466374426
0.004 3.201356685982764
0.004 3.0471159776076573
0.004 2.902979256787972
0.004 2.768947643777443
0.004 2.64501759883659
0.004 2.5311796797216157
0.004 2.4274174854996255
0.004 2.333707028666759
0.004 2.250016806027652
0.004 2.1763088267627584
0.004 2.1125406934750655
0.004 2.058668709547068
0.004 2.0146514393602044
0.004 1.9804529870322292
0.004 1.9560451432642187
0.004 1.941408126784488
0.004 1.9365303821703874
0.004 1.9414081267844876
0.004 1.9560451432642183
0.004 1.9804529870322285
0.004 2.014651439360204
0.004 2.0586687095470677
0.004 2.112540693475065
0.004 2.176308826762758
0.004 2.250016806027652
0.004 2.333707028666759
0.004 2.427417485499625
0.004 2.531179679721616
0.004 2.6450175988365903
0.004 2.7689476437774436
0.004 2.902979256787973
0.004 3.0471159776076573
0.004 3.2013566859827645
0.004 3.365696846637442
0.004 3.540129639194153
0.004 3.7246469106825106
0.004 3.91923993210019
0.004 4.12389996579647
0.004 4.338618668491368
0.004 4.563388357695435
0.004 4.798202174799151
0.004 5.043054169122272
0.004 5.297939332470277
0.004 5.5628535952104015
0.004 5.837793813507762
0.004 6.122757731647168
0.004 6.417744003689997
0.004 6.602689455878943
0.004 6.307701061555042
0.004 6.0227315071803345
0.004 5.747781852844338
0.004 5.482853872414198
0.004 5.227950025116976
0.004 4.983073473609418
0.004 4.748228077444322
0.004 4.523418376132553
0.004 4.308649537920301
0.004 4.103927267065973
0.004 3.9092576479758847
0.004 3.72464691068251
0.004 3.5501010965112503
0.004 3.3856256095294923
0.004 3.2312246434629817
0.004 3.086900489364252
0.004 2.9526527482738048
0.004 2.828477503496012
0.004 2.7143665409645332
0.004 2.61030674328774
0.004 2.5162798098393284
0.004 2.432262462410603
0.004 2.3582272472345256
0.004 2.2941439993387607
0.004 2.23998180279561
0.004 2.195711250576865
0.004 2.161306491041544
0.004 2.136746690024478
0.004 2.122016808966376
0.004 2.1171078447628067
0.004 2.122016808966376
0.004 2.1367466900244785
0.004 2.1613064910415436
0.004 2.1957112505768643
0.004 2.2399818027956098
0.004 2.29414399933876
0.004 2.358227247234526
0.004 2.4322624624106024
0.004 2.5162798098393275
0.004 2.61030674328774
0.004 2.7143665409645332
0.004 2.828477503496013
0.004 2.9526527482738048
0.004 3.086900489364252
0.004 3.2312246434629817
0.004 3.3856256095294923
0.004 3.5501010965112503
0.004 3.7246469106825106
0.004 3.9092576479758843
0.004 4.103927267065973
0.004 4.3086495379203
0.004 4.523418376132553
0.004 4.748228077444324
0.004 4.983073473609418
0.004 5.227950025116973
0.004 5.482853872414198
0.004 5.7477818528443345
0.004 6.02273150718033
0.004 6.307701061555037
0.004 6.60268945587894
0.004 6.797640613834835
0.004 6.50265037686134
0.004 6.217675939242255
0.004 5.942718128469053
0.004 5.677778327398008
0.004 5.422858443044645
0.004 5.1779609119977765
0.004 4.94308868294641
0.004 4.718245188934891
0.004 4.503434290408885
0.004 4.2986601847891075
0.004 4.1039272670659726
0.004 3.91923993210019
0.004 3.7446023057270343
0.004 3.5800178983998903
0.004 3.4254891790225255
0.004 3.281017079004181
0.004 3.1466004499507085
0.004 3.0222355185810557
0.004 2.907915402556239
0.004 2.8036297709322566
0.004 2.7093647427603154
0.004 2.6251031109749716
0.004 2.550824959936129
0.004 2.4865086527293028
0.004 2.4321321545654
0.004 2.3876744435706816
0.004 2.353116847190532
0.004 2.3284440951139587
0.004 2.3136449829942523
0.004 2.3087127051134315
0.004 2.313644982994252
0.004 2.3284440951139582
0.004 2.3531168471905315
0.004 2.3876744435706816
0.004 2.4321321545654
0.004 2.4865086527293023
0.004 2.550824959936129
0.004 2.625103110974972
0.004 2.7093647427603154
0.004 2.8036297709322566
0.004 2.907915402556239
0.004 3.022235518581056
0.004 3.1466004499507094
0.004 3.2810170790041813
0.004 3.425489179022526
0.004 3.580017898399891
0.004 3.744602305727035
0.004 3.91923993210019
0.004 4.103927267065973
0.004 4.298660184789109
0.004 4.503434290408885
0.004 4.718245188934891
0.004 4.943088682946411
0.004 5.1779609119977765
0.004 5.422858443044645
0.004 5.677778327398007
0.004 5.9427181284690525
0.004 6.217675939242254
0.004 6.502650376861336
0.004 6.7976406138348295
0.004 7.002597385035548
0.004 6.707605566341974
0.004 6.422626945526817
0.004 6.147662163172408
0.004 5.882712288722682
0.004 5.6277787891612565
0.004 5.382863526743895
0.004 5.147968736267937
0.004 4.923096993102871
0.004 4.708251157116095
0.004 4.503434290408884
0.004 4.308649537920299
0.004 4.123899965796469
0.004 3.949188349992523
0.004 3.7845169135291683
0.004 3.629887013954802
0.004 3.485298791989641
0.004 3.350750801250457
0.004 3.226239652078119
0.004 3.1117597137965696
0.004 3.007302929994082
0.004 2.912858804141148
0.004 2.8284146067322915
0.004 2.753955822981935
0.004 2.689466852110104
0.004 2.6349318586105923
0.004 2.590335734420994
0.004 2.555664992660419
0.004 2.5309084947049345
0.004 2.5160579759899977
0.004 2.5111083711399824
0.004 2.5160579759899977
0.004 2.5309084947049345
0.004 2.555664992660419
0.004 2.590335734420994
0.004 2.6349318586105928
0.004 2.689466852110104
0.004 2.753955822981935
0.004 2.8284146067322915
0.004 2.912858804141148
0.004 3.0073029299940828
0.004 3.11175971379657
0.004 3.226239652078119
0.004 3.350750801250457
0.004 3.485298791989642
0.004 3.6298870139548023
0.004 3.784516913529169
0.004 3.9491883499925233
0.004 4.12389996579647
0.004 4.3086495379203
0.004 4.503434290408885
0.004 4.708251157116096
0.004 4.923096993102873
0.004 5.147968736267938
0.004 5.382863526743895
0.004 5.627778789161257
0.004 5.882712288722682
0.004 6.147662163172409
0.004 6.422626945526816
0.004 6.707605566341971
0.004 7.0025973850355445
0.004 7.217559598557788
0.004 6.922566438121803
0.004 6.637584275672924
0.004 6.362613603425049
0.004 6.097655242601652
0.004 5.8427103136580305
0.004 5.5977802297507475
0.004 5.362866672414948
0.004 5.137971559403685
0.004 4.92309699310287
0.004 4.718245188934891
0.004 4.523418376132552
0.004 4.338618668491368
0.004 4.163847900961085
0.004 3.999107432946327
0.004 3.8443979214792163
0.004 3.699719074333516
0.004 3.565069398903863
0.004 3.440445970987374
0.004 3.3258442537875563
0.004 3.2212580024970707
0.004 3.126679288740845
0.004 3.0420986713764075
0.004 2.967505532044475
0.004 2.9028885465377297
0.004 2.848236288063098
0.004 2.8035378493433765
0.004 2.7687834543515404
0.004 2.7439649892613946
0.004 2.7290764002834065
0.004 2.724113957040193
0.004 2.7290764002834065
0.004 2.7439649892613946
0.004 2.768783454351541
0.004 2.803537849343376
0.004 2.848236288063098
0.004 2.90288854653773
0.004 2.967505532044475
0.004 3.0420986713764075
0.004 3.126679288740845
0.004 3.2212580024970707
0.004 3.3258442537875563
0.004 3.4404459709873736
0.004 3.565069398903863
0.004 3.699719074333516
0.004 3.8443979214792163
0.004 3.999107432946329
0.004 4.163847900961086
0.004 4.338618668491368
0.004 4.523418376132553
0.004 4.718245188934891
0.004 4.923096993102873
0.004 5.137971559403688
0.004 5.36286667241495
0.004 5.597780229750749
0.004 5.842710313658031
0.004 6.097655242601654
0.004 6.362613603425053
0.004 6.637584275672927
0.004 6.922566438121804
0.004 7.217559598557789
0.004 7.442527031116702
0.004 7.147532747204221
0.004 6.862547624641831
0.004 6.587572039322704
0.004 6.322606618260226
0.004 6.067652212251832
0.004 5.822709887335989
0.004 5.587780901067417
0.004 5.362866672414948
0.004 5.147968736267937
0.004 4.943088682946409
0.004 4.748228077444322
0.004 4.563388357695434
0.004 4.388570709764666
0.004 4.2237759219700495
0.004 4.06900422144905
0.004 3.9242551016879124
0.004 3.7895271530515267
0.004 3.6648179136095917
0.004 3.5501237606297895
0.004 3.4454398653545546
0.004 3.350760232003154
0.004 3.2660778372425994
0.004 3.1913848690073006
0.004 3.126673069853866
0.004 3.0719341303947205
0.004 3.0271601368093894
0.004 2.9923439938538277
0.004 2.9674797909442603
0.004 2.9525630978819333
0.004 2.94759117557706
0.004 2.9525630978819333
0.004 2.9674797909442603
0.004 2.9923439938538277
0.004 3.0271601368093894
0.004 3.0719341303947205
0.004 3.1266730698538665
0.004 3.191384869007301
0.004 3.2660778372426
0.004 3.350760232003154
0.004 3.445439865354555
0.004 3.55012376062979
0.004 3.664817913609592
0.004 3.789527153051527
0.004 3.924255101687913
0.004 4.069004221449051
0.004 4.22377592197005
0.004 4.388570709764666
0.004 4.563388357695435
0.004 4.748228077444323
0.004 4.943088682946411
0.004 5.147968736267938
0.004 5.36286667241495
0.004 5.58778090106742
0.004 5.822709887335991
0.004 6.067652212251835
0.004 6.32260661826023
0.004 6.587572039322707
0.004 6.862547624641835
0.004 7.147532747204226
0.004 7.442527031116707
0.004 7.677499431011077
0.004 7.382504220634564
0.004 7.097516661103564
0.004 6.822537038340301
0.004 6.557565829404559
0.004 6.302603677953216
0.004 6.05765138507761
0.004 5.822709887335988
0.004 5.5977802297507475
0.004 5.382863526743894
0.004 5.177960911997776
0.004 4.9830734736094175
0.004 4.79820217479915
0.004 4.623347759273316
0.004 4.458510643612364
0.004 4.3036907999788925
0.004 4.158887636000119
0.004 4.024099880764931
0.004 3.8993254891381275
0.004 3.7845615780409583
0.004 3.679804409247159
0.004 3.5850494310082843
0.004 3.500291386198026
0.004 3.4255244927788544
0.004 3.360742676834394
0.004 3.3059398652125815
0.004 3.261110279687536
0.004 3.2262487341351402
0.004 3.2013509053778093
0.004 3.186413549635328
0.004 3.1814346578078774
0.004 3.1864135496353274
0.004 3.2013509053778093
0.004 3.2262487341351402
0.004 3.261110279687536
0.004 3.305939865212582
0.004 3.3607426768343935
0.004 3.4255244927788544
0.004 3.5002913861980263
0.004 3.5850494310082843
0.004 3.6798044092471596
0.004 3.7845615780409587
0.004 3.899325489138128
0.004 4.024099880764933
0.004 4.158887636000122
0.004 4.303690799978893
0.004 4.458510643612364
0.004 4.623347759273317
0.004 4.798202174799151
0.004 4.983073473609419
0.004 5.177960911997778
0.004 5.382863526743896
0.004 5.597780229750749
0.004 5.822709887335991
0.004 6.057651385077612
0.004 6.30260367795322
0.004 6.557565829404564
0.004 6.822537038340309
0.004 7.097516661103567
0.004 7.382504220634573
0.004 7.6774994310110865
0.004 7.922476538801239
0.004 7.627480579118913
0.004 7.342491051517078
0.004 7.067508173446784
0.004 6.802532308015691
0.004 6.54756394222037
0.004 6.302603677953215
0.004 6.067652212251831
0.004 5.84271031365803
0.004 5.627778789161255
0.004 5.422858443044644
0.004 5.227950025116973
0.004 5.0430541691222714
0.004 4.868171321080746
0.004 4.703301659926161
0.004 4.548445013271902
0.004 4.4036007736992655
0.004 4.26876782209204
0.004 4.143944466607594
0.004 4.029128406345436
0.004 3.92431672900556
0.004 3.8295059501714577
0.004 3.744692099440775
0.004 3.6698708494352035
0.004 3.605037692118405
0.004 3.5501881317504598
0.004 3.505317906739552
0.004 3.470423200355187
0.004 3.445500827948828
0.004 3.430548395576284
0.004 3.4255644190111405
0.004 3.4305483955762837
0.004 3.445500827948828
0.004 3.470423200355187
0.004 3.5053179067395526
0.004 3.5501881317504598
0.004 3.605037692118405
0.004 3.6698708494352035
0.004 3.7446920994407757
0.004 3.829505950171458
0.004 3.92431672900556
0.004 4.0291284063454365
0.004 4.143944466607595
0.004 4.268767822092041
0.004 4.403600773699267
0.004 4.548445013271903
0.004 4.7033016599261614
0.004 4.868171321080747
0.004 5.043054169122274
0.004 5.227950025116974
0.004 5.422858443044645
0.004 5.6277787891612565
0.004 5.842710313658031
0.004 6.0676522122518355
0.004 6.302603677953221
0.004 6.547563942220374
0.004 6.8025323080156985
0.004 7.067508173446789
0.004 7.342491051517086
0.004 7.627480579118918
0.004 7.922476538801246
0.004 8.177458105470457
0.004 7.88246155590751
0.004 7.597470480877314
0.004 7.322485046859415
0.004 7.057505532234078
0.004 6.802532308015691
0.004 6.557565829404558
0.004 6.3226066182602265
0.004 6.09765524260165
0.004 5.882712288722678
0.004 5.6777783273980065
0.004 5.482853872414196
0.004 5.297939332470277
0.004 5.123034956548661
0.004 4.958140774934959
0.004 4.803256538240506
0.004 4.658381658621689
0.004 4.523515157957025
0.004 4.398655629038832
0.004 4.283801215874819
0.004 4.17894961916514
0.004 4.084098131371843
0.004 3.9992437034199924
0.004 3.924383045224475
0.004 3.8595127479323903
0.004 3.804629435468885
0.004 3.7597299135558733
0.004 3.7248113223855532
0.004 3.699871278987379
0.004 3.6849079939287974
0.004 3.679920357580786
0.004 3.684907993928798
0.004 3.699871278987379
0.004 3.7248113223855532
0.004 3.7597299135558724
0.004 3.804629435468885
0.004 3.85951274793239
0.004 3.924383045224475
0.004 3.9992437034199937
0.004 4.084098131371845
0.004 4.17894961916514
0.004 4.28380121587482
0.004 4.398655629038833
0.004 4.523515157957027
0.004 4.658381658621692
0.004 4.803256538240507
0.004 4.958140774934961
0.004 5.123034956548661
0.004 5.2979393324702775
0.004 5.482853872414198
0.004 5.677778327398008
0.004 5.882712288722681
0.004 6.097655242601653
0.004 6.322606618260231
0.004 6.557565829404564
0.004 6.8025323080156985
0.004 7.057505532234087
0.004 7.322485046859427
0.004 7.597470480877325
0.004 7.882461555907517
0.004 8.177458105470468
0.004 8.442443906538882
0.004 8.147446911404888
0.004 7.862454668584873
0.004 7.587467307902081
0.004 7.322485046859414
0.004 7.0675081734467815
0.004 6.8225370383402995
0.004 6.587572039322702
0.004 6.362613603425047
0.004 6.147662163172407
0.004 5.942718128469051
0.004 5.747781852844335
0.004 5.562853595210401
0.004 5.387933477392326
0.004 5.223021439391046
0.004 5.068117194305243
0.004 4.923220186216653
0.004 4.788329554546733
0.004 4.663444109254003
0.004 4.548562321010384
0.004 4.443682330345644
0.004 4.348801978612301
0.004 4.263918862452834
0.004 4.189030408570097
0.004 4.124133971720959
0.004 4.069226938693641
0.004 4.024306847816845
0.004 3.9893715024840333
0.004 3.964419073000876
0.004 3.949448184560279
0.004 3.944457984673423
0.004 3.949448184560279
0.004 3.964419073000876
0.004 3.989371502484033
0.004 4.024306847816845
0.004 4.06922693869364
0.004 4.124133971720961
0.004 4.1890304085700985
0.004 4.263918862452836
0.004 4.348801978612302
0.004 4.443682330345644
0.004 4.548562321010385
0.004 4.663444109254003
0.004 4.788329554546736
0.004 4.923220186216658
0.004 5.068117194305245
0.004 5.223021439391047
0.004 5.387933477392327
0.004 5.562853595210402
0.004 5.747781852844335
0.004 5.9427181284690525
0.004 6.147662163172408
0.004 6.362613603425053
0.004 6.5875720393227075
0.004 6.822537038340309
0.004 7.067508173446788
0.004 7.322485046859426
0.004 7.587467307902095
0.004 7.862454668584888
0.004 8.14744691140491
0.004 8.442443906538902
0.004 8.71743375478594
0.004 8.422436446277908
0.004 8.13744338252205
0.004 7.862454668584873
0.004 7.597470480877314
0.004 7.342491051517074
0.004 7.097516661103561
0.004 6.862547624641827
0.004 6.637584275672919
0.004 6.422626945526812
0.004 6.217675939242253
0.004 6.022731507180331
0.004 5.837793813507763
0.004 5.6628629018821846
0.004 5.497938660100935
0.004 5.343020785324929
0.004 5.19810875255769
0.004 5.063201789071617
0.004 4.938298858062957
0.004 4.823398654502988
0.004 4.718499615987842
0.004 4.623599950285519
0.004 4.538697680040034
0.004 4.463790705199486
0.004 4.398876876704172
0.004 4.343954084583806
0.004 4.299020345285739
0.004 4.264073890696612
0.004 4.239113250965956
0.004 4.224137323489361
0.004 4.219145424846511
0.004 4.224137323489361
0.004 4.239113250965956
0.004 4.264073890696611
0.004 4.299020345285738
0.004 4.343954084583805
0.004 4.398876876704171
0.004 4.463790705199487
0.004 4.538697680040034
0.004 4.623599950285519
0.004 4.7184996159878425
0.004 4.823398654502987
0.004 4.938298858062959
0.004 5.06320178907162
0.004 5.198108752557691
0.004 5.3430207853249305
0.004 5.497938660100937
0.004 5.662862901882185
0.004 5.837793813507763
0.004 6.022731507180332
0.004 6.217675939242255
0.004 6.422626945526818
0.004 6.637584275672927
0.004 6.8625476246418335
0.004 7.097516661103568
0.004 7.342491051517086
0.004 7.597470480877324
0.004 7.862454668584888
0.004 8.13744338252207
0.004 8.422436446277933
0.004 8.71743375478597
0.004 9.002427506907866
0.004 8.707430008280566
0.004 8.422436446277906
0.004 8.14744691140489
0.004 7.882461555907509
0.004 7.627480579118908
0.004 7.382504220634558
0.004 7.147532747204213
0.004 6.922566438121801
0.004 6.70760556634197
0.004 6.502650376861337
0.004 6.307701061555039
0.004 6.1227577316471695
0.004 5.947820388166652
0.004 5.78288889201954
0.004 5.627962935085837
0.004 5.4830420146556795
0.004 5.34812541341834
0.004 5.2232121876837745
0.004 5.108301166132957
0.004 5.00339096123729
0.004 4.908479994622843
0.004 4.823566536929673
0.004 4.748648759887019
0.004 4.683724802958387
0.004 4.6287928413041675
0.004 4.58385116484978
0.004 4.5488982540214975
0.004 4.523932846122544
0.004 4.50895399350206
0.004 4.503961108919423
0.004 4.508953993502061
0.004 4.523932846122546
0.004 4.548898254021495
0.004 4.583851164849778
0.004 4.628792841304166
0.004 4.683724802958387
0.004 4.748648759887018
0.004 4.823566536929675
0.004 4.908479994622841
0.004 5.003390961237288
0.004 5.10830116613296
0.004 5.223212187683779
0.004 5.348125413418342
0.004 5.483042014655683
0.004 5.627962935085843
0.004 5.782888892019541
0.004 5.947820388166652
0.004 6.12275773164717
0.004 6.307701061555039
0.004 6.502650376861338
0.004 6.707605566341974
0.004 6.922566438121806
0.004 7.147532747204224
0.004 7.382504220634571
0.004 7.6274805791189175
0.004 7.882461555907518
0.004 8.147446911404908
0.004 8.422436446277931
0.004 8.707430008280603
0.004 9.0024275069079
0.004 9.297425077787523
0.004 9.002427506907864
0.004 8.717433754785938
0.004 8.442443906538882
0.004 8.177458105470455
0.004 7.922476538801234
0.004 7.677499431011068
0.004 7.442527031116695
0.004 7.217559598557783
0.004 7.002597385035545
0.004 6.7976406138348295
0.004 6.60268945587894
0.004 6.417744003689998
0.004 6.242804243609456
0.004 6.077870027854479
0.004 5.922941047739807
0.004 5.778016810240602
0.004 5.643096619934898
0.004 5.518179568786659
0.004 5.403264535837285
0.004 5.298350198738292
0.004 5.203435058185633
0.004 5.118517475526927
0.004 5.043595722242297
0.004 4.978668041731855
0.004 4.923732713825224
0.004 4.878788127321713
0.004 4.843832851240674
0.004 4.818865697178743
0.004 4.80388577359914
0.004 4.79889252810006
0.004 4.80388577359914
0.004 4.818865697178744
0.004 4.843832851240672
0.004 4.878788127321711
0.004 4.923732713825223
0.004 4.978668041731855
0.004 5.043595722242297
0.004 5.118517475526929
0.004 5.203435058185632
0.004 5.29835019873829
0.004 5.403264535837288
0.004 5.518179568786662
0.004 5.6430966199349015
0.004 5.778016810240604
0.004 5.922941047739814
0.004 6.0778700278544795
0.004 6.242804243609454
0.004 6.41774400369
0.004 6.60268945587894
0.004 6.797640613834829
0.004 7.002597385035547
0.004 7.217559598557788
0.004 7.442527031116707
0.004 7.677499431011084
0.004 7.922476538801245
0.004 8.177458105470468
0.004 8.4424439065389
0.004 8.717433754785967
0.004 9.002427506907898
0.004 9.297425077787558
