0.01 9.294868974613161
0.01 8.999871362684026
0.01 8.714877500421323
0.01 8.439887471906015
0.01 8.17490141863263
0.01 7.91991952549172
0.01 7.674942014229965
0.01 7.439969130945634
0.01 7.215001132209223
0.01 7.000038267194793
0.01 6.795080757322998
0.01 6.60012877267476
0.01 6.415182406323625
0.01 6.240241646934644
0.01 6.075306351177756
0.01 5.920376217265728
0.01 5.775450761759992
0.01 5.640529301659056
0.01 5.515610944200359
0.01 5.400694586425401
0.01 5.295778926425958
0.01 5.200862487328485
0.01 5.1159436543007315
0.01 5.041020723332638
0.01 4.97609196218714
0.01 4.921155674090746
0.01 4.8762102693553055
0.01 4.841254335826762
0.01 4.816286700558016
0.01 4.801306483517638
0.01 4.796313139399204
0.01 4.801306483517637
0.01 4.816286700558017
0.01 4.841254335826762
0.01 4.8762102693553055
0.01 4.921155674090746
0.01 4.976091962187142
0.01 5.04102072333264
0.01 5.115943654300732
0.01 5.200862487328488
0.01 5.295778926425957
0.01 5.400694586425401
0.01 5.515610944200357
0.01 5.640529301659055
0.01 5.775450761759994
0.01 5.920376217265727
0.01 6.075306351177754
0.01 6.240241646934642
0.01 6.415182406323622
0.01 6.600128772674754
0.01 6.795080757322991
0.01 7.00003826719479
0.01 7.215001132209216
0.01 7.439969130945627
0.01 7.674942014229956
0.01 7.91991952549171
0.01 8.174901418632615
0.01 8.439887471905989
0.01 8.714877500421292
0.01 8.999871362683992
0.01 9.29486897461312
0.01 8.999871362684026
0.01 8.704873822026189
0.01 8.419880147161667
0.01 8.144890427499982
0.01 7.8799048133776814
0.01 7.624923501662886
0.01 7.379946729052002
0.01 7.144974759185801
0.01 6.920007868282001
0.01 6.7050463265553475
0.01 6.500090376932947
0.01 6.305140210265602
0.01 6.120195938188559
0.01 5.94525756397604
0.01 5.7803249529919265
0.01 5.625397804123411
0.01 5.480475624479333
0.01 5.345557709539452
0.01 5.22064313140346
0.01 5.105730737414629
0.01 5.000819161282837
0.01 4.905906847982017
0.01 4.82099209298394
0.01 4.7460730935644575
0.01 4.681148014626576
0.01 4.62621505575848
0.01 4.581272529337393
0.01 4.546318935442829
0.01 4.521353027521804
0.01 4.50637386994268
0.01 4.501380882873352
0.01 4.5063738699426805
0.01 4.521353027521804
0.01 4.546318935442829
0.01 4.581272529337393
0.01 4.62621505575848
0.01 4.681148014626578
0.01 4.746073093564458
0.01 4.82099209298394
0.01 4.90590684798202
0.01 5.000819161282838
0.01 5.105730737414628
0.01 5.220643131403457
0.01 5.345557709539451
0.01 5.4804756244793325
0.01 5.62539780412341
0.01 5.780324952991929
0.01 5.945257563976037
0.01 6.120195938188554
0.01 6.305140210265595
0.01 6.500090376932939
0.01 6.705046326555343
0.01 6.920007868281995
0.01 7.144974759185794
0.01 7.379946729051991
0.01 7.624923501662877
0.01 7.879904813377665
0.01 8.144890427499963
0.01 8.419880147161631
0.01 8.704873822026151
0.01 8.99987136268399
0.01 8.714877500421323
0.01 8.419880147161667
0.01 8.134886963039838
0.01 7.859898051854337
0.01 7.5949135878156655
0.01 7.339933800184064
0.01 7.094958966175224
0.01 6.859989397126253
0.01 6.635025422890451
0.01 6.420067371423716
0.01 6.21511554507578
0.01 6.020170192623264
0.01 5.835231478196592
0.01 5.660299447423057
0.01 5.495373992517052
0.01 5.340454817903838
0.01 5.195541409018797
0.01 5.060633006940443
0.01 4.935728592101337
0.01 4.820826880017508
0.01 4.715926331817246
0.01 4.621025181263683
0.01 4.536121478743723
0.01 4.4612131528646115
0.01 4.396298083092747
0.01 4.341374186858656
0.01 4.296439505878419
0.01 4.2614922941832365
0.01 4.236531100077547
0.01 4.2215548344348655
0.01 4.216562822135191
0.01 4.2215548344348655
0.01 4.236531100077547
0.01 4.2614922941832365
0.01 4.296439505878419
0.01 4.341374186858656
0.01 4.396298083092748
0.01 4.4612131528646115
0.01 4.536121478743724
0.01 4.621025181263684
0.01 4.715926331817246
0.01 4.820826880017508
0.01 4.935728592101338
0.01 5.060633006940442
0.01 5.195541409018796
0.01 5.3404548179038365
0.01 5.4953739925170515
0.01 5.6602994474230535
0.01 5.83523147819659
0.01 6.020170192623258
0.01 6.215115545075774
0.01 6.42006737142371
0.01 6.635025422890446
0.01 6.859989397126248
0.01 7.094958966175214
0.01 7.339933800184052
0.01 7.594913587815654
0.01 7.8598980518543184
0.01 8.13488696303981
0.01 8.41988014716163
0.01 8.71487750042129
0.01 8.439887471906015
0.01 8.144890427499986
0.01 7.859898051854338
0.01 7.584910473227625
0.01 7.319927906422054
0.01 7.0649506358931875
0.01 6.819979008095536
0.01 6.5850134161731715
0.01 6.360054282402333
0.01 6.1451020348199075
0.01 5.940157079541851
0.01 5.745219767506193
0.01 5.560290356764378
0.01 5.385368970572922
0.01 5.2204555532083425
0.01 5.065549825401887
0.01 4.920651242649678
0.01 4.785758959862848
0.01 4.660871806675861
0.01 4.5459882775129445
0.01 4.441106540372218
0.01 4.346224467176195
0.01 4.2613396873832485
0.01 4.186449661645362
0.01 4.12155177869568
0.01 4.066643457997276
0.01 4.021722267947729
0.01 3.9867860382796225
0.01 3.961832960925431
0.01 3.946861677157166
0.01 3.9418713443818336
0.01 3.9468616771571665
0.01 3.961832960925431
0.01 3.986786038279623
0.01 4.021722267947729
0.01 4.066643457997276
0.01 4.121551778695681
0.01 4.186449661645362
0.01 4.2613396873832485
0.01 4.346224467176196
0.01 4.441106540372218
0.01 4.545988277512942
0.01 4.660871806675861
0.01 4.785758959862848
0.01 4.920651242649678
0.01 5.065549825401885
0.01 5.22045555320834
0.01 5.38536897057292
0.01 5.560290356764374
0.01 5.74521976750619
0.01 5.940157079541846
0.01 6.145102034819903
0.01 6.360054282402327
0.01 6.585013416173166
0.01 6.819979008095527
0.01 7.064950635893176
0.01 7.319927906422038
0.01 7.584910473227608
0.01 7.859898051854316
0.01 8.144890427499957
0.01 8.439887471905983
0.01 8.174901418632633
0.01 7.879904813377683
0.01 7.594913587815666
0.01 7.319927906422054
0.01 7.054948044134447
0.01 6.799974367426732
0.01 6.555007326026834
0.01 6.3200474356999745
0.01 6.095095258099243
0.01 5.8801513733342174
0.01 5.675216346699584
0.01 5.480290687815097
0.01 5.295374803194863
0.01 5.120468942334464
0.01 4.955573139452922
0.01 4.800687153202799
0.01 4.65581040848092
0.01 4.520941945039335
0.01 4.3960803788823215
0.01 4.281223882488465
0.01 4.176370189874924
0.01 4.081516630901457
0.01 3.996660196872158
0.01 3.9217976397606233
0.01 3.8569255927643225
0.01 3.802040720292983
0.01 3.757139865446534
0.01 3.7222202011587444
0.01 3.6972793712528382
0.01 3.6823156061435847
0.01 3.6773278084052485
0.01 3.6823156061435847
0.01 3.6972793712528382
0.01 3.7222202011587444
0.01 3.757139865446534
0.01 3.802040720292983
0.01 3.856925592764324
0.01 3.921797639760624
0.01 3.9966601968721585
0.01 4.081516630901458
0.01 4.176370189874923
0.01 4.281223882488465
0.01 4.396080378882321
0.01 4.520941945039335
0.01 4.655810408480918
0.01 4.800687153202799
0.01 4.9555731394529206
0.01 5.12046894233446
0.01 5.2953748031948615
0.01 5.480290687815094
0.01 5.675216346699581
0.01 5.880151373334213
0.01 6.095095258099237
0.01 6.3200474356999665
0.01 6.555007326026825
0.01 6.799974367426722
0.01 7.054948044134433
0.01 7.319927906422036
0.01 7.59491358781565
0.01 7.879904813377658
0.01 8.174901418632608
0.01 7.9199195254917205
0.01 7.624923501662887
0.01 7.339933800184067
0.01 7.0649506358931875
0.01 6.7999743674267314
0.01 6.545005475840709
0.01 6.300044555806614
0.01 6.065092296220277
0.01 5.840149456974677
0.01 5.625216836447632
0.01 5.420295230989063
0.01 5.22538538391477
0.01 5.040487924770613
0.01 4.865603298609004
0.01 4.700731687592423
0.01 4.545872927704714
0.01 4.401026425881522
0.01 4.266191083996847
0.01 4.141365238194511
0.01 4.0265466225353075
0.01 3.921732366179301
0.01 3.826919031712571
0.01 3.7421026998561766
0.01 3.6672790965715993
0.01 3.602443767467827
0.01 3.5475922684802197
0.01 3.502720385534097
0.01 3.467824343435943
0.01 3.4429009915517828
0.01 3.427947961157377
0.01 3.4229637835126976
0.01 3.4279479611573764
0.01 3.4429009915517828
0.01 3.4678243434359426
0.01 3.5027203855340967
0.01 3.5475922684802192
0.01 3.6024437674678276
0.01 3.6672790965715993
0.01 3.7421026998561766
0.01 3.8269190317125705
0.01 3.921732366179301
0.01 4.0265466225353075
0.01 4.141365238194511
0.01 4.266191083996846
0.01 4.401026425881519
0.01 4.545872927704713
0.01 4.700731687592424
0.01 4.8656032986090025
0.01 5.040487924770612
0.01 5.225385383914769
0.01 5.420295230989058
0.01 5.625216836447629
0.01 5.840149456974672
0.01 6.065092296220268
0.01 6.300044555806607
0.01 6.5450054758407
0.01 6.799974367426721
0.01 7.064950635893173
0.01 7.339933800184049
0.01 7.62492350166287
0.01 7.919919525491701
0.01 7.674942014229969
0.01 7.379946729052006
0.01 7.094958966175225
0.01 6.819979008095536
0.01 6.555007326026834
0.01 6.300044555806614
0.01 6.055091488946397
0.01 5.820149051081215
0.01 5.595218275455752
0.01 5.380300264517058
0.01 5.175396140565706
0.01 4.980506981870918
0.01 4.795633744481227
0.01 4.62077716882101
0.01 4.4559376733859
0.01 4.3011152387645994
0.01 4.1563092887319115
0.01 4.021518577230416
0.01 3.896741093294595
0.01 3.7819739974280693
0.01 3.677213603861123
0.01 3.582455420934213
0.01 3.497694257314854
0.01 3.42292440008738
0.01 3.3581398447233224
0.01 3.303334584889896
0.01 3.258502903897123
0.01 3.223639669295694
0.01 3.1987406016237245
0.01 3.183802489343841
0.01 3.1788233431170236
0.01 3.183802489343841
0.01 3.1987406016237245
0.01 3.223639669295694
0.01 3.2585029038971234
0.01 3.303334584889896
0.01 3.358139844723322
0.01 3.4229244000873797
0.01 3.497694257314854
0.01 3.582455420934213
0.01 3.677213603861123
0.01 3.781973997428069
0.01 3.8967410932945947
0.01 4.021518577230415
0.01 4.1563092887319115
0.01 4.301115238764599
0.01 4.4559376733858995
0.01 4.620777168821007
0.01 4.795633744481228
0.01 4.9805069818709145
0.01 5.175396140565703
0.01 5.380300264517056
0.01 5.595218275455748
0.01 5.820149051081212
0.01 6.055091488946392
0.01 6.300044555806606
0.01 6.555007326026824
0.01 6.8199790080955225
0.01 7.094958966175208
0.01 7.379946729051984
0.01 7.674942014229947
0.01 7.439969130945636
0.01 7.144974759185803
0.01 6.859989397126253
0.01 6.585013416173173
0.01 6.320047435699975
0.01 6.065092296220277
0.01 5.820149051081215
0.01 5.58521894321658
0.01 5.360303375618774
0.01 5.145403866633527
0.01 4.9405219904434965
0.01 4.745659297520421
0.01 4.560817214313907
0.01 4.3859969200733016
0.01 4.221199202743365
0.01 4.066424297362931
0.01 3.9216717153411107
0.01 3.7869400764741656
0.01 3.662226960780907
0.01 3.547528800307721
0.01 3.4428408333233116
0.01 3.3481571417356464
0.01 3.263470787972622
0.01 3.1887740502170105
0.01 3.1240587620339
0.01 3.069316701538219
0.01 3.02454003495577
0.01 2.9897217365276183
0.01 2.964855952154528
0.01 2.94993829324653
0.01 2.9449660461444744
0.01 2.94993829324653
0.01 2.964855952154528
0.01 2.9897217365276183
0.01 3.0245400349557703
0.01 3.069316701538219
0.01 3.1240587620339006
0.01 3.1887740502170105
0.01 3.263470787972622
0.01 3.348157141735646
0.01 3.442840833323311
0.01 3.5475288003077208
0.01 3.662226960780907
0.01 3.7869400764741656
0.01 3.9216717153411094
0.01 4.066424297362931
0.01 4.221199202743364
0.01 4.3859969200733
0.01 4.5608172143139045
0.01 4.745659297520418
0.01 4.940521990443494
0.01 5.145403866633523
0.01 5.36030337561877
0.01 5.585218943216574
0.01 5.820149051081211
0.01 6.065092296220267
0.01 6.320047435699963
0.01 6.585013416173163
0.01 6.859989397126243
0.01 7.144974759185785
0.01 7.43996913094562
0.01 7.215001132209223
0.01 6.920007868282003
0.01 6.635025422890453
0.01 6.360054282402335
0.01 6.095095258099244
0.01 5.840149456974676
0.01 5.595218275455752
0.01 5.360303375618774
0.01 5.135406653690077
0.01 4.920530189396285
0.01 4.715676175553591
0.01 4.520846820353468
0.01 4.336044219941185
0.01 4.161270197155288
0.01 3.9965261072288314
0.01 3.841812613516004
0.01 3.697129443125442
0.01 3.562475138041455
0.01 3.4378468255516212
0.01 3.3232400379618507
0.01 3.218648616622842
0.01 3.124064734315412
0.01 3.0394790624507952
0.01 2.9648811018899273
0.01 2.900259648287392
0.01 2.845603389736323
0.01 2.8009015238042303
0.01 2.76614436490517
0.01 2.741323872083088
0.01 2.72643404481964
0.01 2.7214711851812905
0.01 2.7264340448196402
0.01 2.741323872083088
0.01 2.76614436490517
0.01 2.8009015238042303
0.01 2.845603389736323
0.01 2.9002596482873924
0.01 2.9648811018899273
0.01 3.039479062450795
0.01 3.124064734315412
0.01 3.2186486166228416
0.01 3.3232400379618507
0.01 3.4378468255516204
0.01 3.5624751380414548
0.01 3.6971294431254424
0.01 3.841812613516004
0.01 3.996526107228831
0.01 4.161270197155287
0.01 4.336044219941183
0.01 4.520846820353468
0.01 4.7156761755535905
0.01 4.920530189396284
0.01 5.135406653690074
0.01 5.36030337561877
0.01 5.595218275455746
0.01 5.840149456974669
0.01 6.095095258099235
0.01 6.360054282402324
0.01 6.63502542289044
0.01 6.9200078682819886
0.01 7.215001132209209
0.01 7.000038267194793
0.01 6.7050463265553475
0.01 6.420067371423716
0.01 6.1451020348199075
0.01 5.880151373334218
0.01 5.625216836447632
0.01 5.380300264517058
0.01 5.145403866633527
0.01 4.920530189396285
0.01 4.705682061925202
0.01 4.500862515019203
0.01 4.306074663626622
0.01 4.121321547534966
0.01 3.946605922780069
0.01 3.781930002133139
0.01 3.627295146107261
0.01 3.4827015152248393
0.01 3.348147703113654
0.01 3.2236303829943553
0.01 3.1091440113558786
0.01 3.0046806428656603
0.01 2.910229913416227
0.01 2.825779242334551
0.01 2.751314272837007
0.01 2.686819563375254
0.01 2.6322794302411183
0.01 2.587678902273488
0.01 2.5530046094794736
0.01 2.5282455067921465
0.01 2.513393397719795
0.01 2.5084432581480645
0.01 2.5133933977197946
0.01 2.5282455067921465
0.01 2.5530046094794736
0.01 2.587678902273488
0.01 2.6322794302411183
0.01 2.686819563375254
0.01 2.751314272837006
0.01 2.825779242334551
0.01 2.9102299134162273
0.01 3.0046806428656594
0.01 3.1091440113558786
0.01 3.2236303829943553
0.01 3.348147703113654
0.01 3.4827015152248393
0.01 3.6272951461072607
0.01 3.7819300021331386
0.01 3.946605922780068
0.01 4.121321547534965
0.01 4.306074663626622
0.01 4.500862515019202
0.01 4.705682061925199
0.01 4.920530189396283
0.01 5.145403866633522
0.01 5.380300264517055
0.01 5.625216836447629
0.01 5.8801513733342095
0.01 6.1451020348198995
0.01 6.420067371423705
0.01 6.705046326555335
0.01 7.000038267194783
0.01 6.795080757322998
0.01 6.500090376932947
0.01 6.21511554507578
0.01 5.940157079541851
0.01 5.675216346699584
0.01 5.420295230989063
0.01 5.175396140565706
0.01 4.9405219904434965
0.01 4.715676175553591
0.01 4.500862515019203
0.01 4.296085163397092
0.01 4.101348473535566
0.01 3.9166568017810146
0.01 3.7420142427074374
0.01 3.5774242870665565
0.01 3.4228894005041113
0.01 3.278410532798879
0.01 3.143986580603801
0.01 3.0196138466266786
0.01 2.9052855581320562
0.01 2.8009915275661164
0.01 2.7067180480167616
0.01 2.622448110218508
0.01 2.548162010030744
0.01 2.483838322721701
0.01 2.429455214094727
0.01 2.3849918412958466
0.01 2.3504296823785014
0.01 2.3257535857662353
0.01 2.310952432563643
0.01 2.306019468579965
0.01 2.310952432563643
0.01 2.3257535857662353
0.01 2.3504296823785014
0.01 2.3849918412958457
0.01 2.4294552140947268
0.01 2.4838383227217005
0.01 2.5481620100307443
0.01 2.6224481102185075
0.01 2.7067180480167616
0.01 2.8009915275661155
0.01 2.9052855581320562
0.01 3.019613846626678
0.01 3.1439865806038005
0.01 3.278410532798879
0.01 3.42288940050411
0.01 3.577424287066557
0.01 3.7420142427074365
0.01 3.9166568017810137
0.01 4.101348473535565
0.01 4.296085163397091
0.01 4.500862515019202
0.01 4.71567617555359
0.01 4.940521990443494
0.01 5.175396140565701
0.01 5.4202952309890575
0.01 5.675216346699578
0.01 5.940157079541842
0.01 6.215115545075771
0.01 6.500090376932932
0.01 6.795080757322984
0.01 6.600128772674761
0.01 6.305140210265602
0.01 6.020170192623265
0.01 5.745219767506193
0.01 5.480290687815097
0.01 5.22538538391477
0.01 4.980506981870918
0.01 4.74565929752042
0.01 4.520846820353469
0.01 4.306074663626622
0.01 4.101348473535566
0.01 3.906674276029657
0.01 3.7220582458574807
0.01 3.5475063768395656
0.01 3.383024038983151
0.01 3.2286154120580437
0.01 3.0842828006239267
0.01 2.950025854209649
0.01 2.8258407463787494
0.01 2.71171939994288
0.01 2.6076488824443986
0.01 2.513611122823574
0.01 2.4295831077416037
0.01 2.3555376680447444
0.01 2.2914449243640105
0.01 2.2372742273458086
0.01 2.1929964022084016
0.01 2.1585857882466564
0.01 2.1340216996075445
0.01 2.1192892036444397
0.01 2.114379360761258
0.01 2.1192892036444393
0.01 2.1340216996075445
0.01 2.158585788246656
0.01 2.192996402208401
0.01 2.237274227345808
0.01 2.29144492436401
0.01 2.3555376680447444
0.01 2.4295831077416037
0.01 2.513611122823573
0.01 2.6076488824443986
0.01 2.7117193999428806
0.01 2.825840746378749
0.01 2.9500258542096485
0.01 3.084282800623926
0.01 3.2286154120580437
0.01 3.3830240389831503
0.01 3.5475063768395656
0.01 3.722058245857481
0.01 3.906674276029655
0.01 4.101348473535564
0.01 4.306074663626622
0.01 4.5208468203534675
0.01 4.745659297520417
0.01 4.980506981870914
0.01 5.225385383914766
0.01 5.480290687815092
0.01 5.7452197675061845
0.01 6.020170192623255
0.01 6.305140210265592
0.01 6.600128772674749
0.01 6.415182406323625
0.01 6.120195938188558
0.01 5.835231478196592
0.01 5.560290356764378
0.01 5.295374803194862
0.01 5.040487924770614
0.01 4.795633744481227
0.01 4.560817214313906
0.01 4.336044219941185
0.01 4.121321547534966
0.01 3.9166568017810146
0.01 3.7220582458574807
0.01 3.537534539279107
0.01 3.3630943406043814
0.01 3.1987457473713925
0.01 3.0444955484860223
0.01 2.900348282036578
0.01 2.766305116465713
0.01 2.6423626163098732
0.01 2.5285115082834
0.01 2.424735629233231
0.01 2.3310112952855344
0.01 2.247307360315232
0.01 2.173586221719047
0.01 2.1098058697831505
0.01 2.055922963157867
0.01 2.0118963663298928
0.01 1.9776904211574116
0.01 1.953277098224898
0.01 1.9386367434976166
0.01 1.9337578776958146
0.01 1.9386367434976166
0.01 1.9532770982248977
0.01 1.9776904211574102
0.01 2.0118963663298923
0.01 2.0559229631578666
0.01 2.1098058697831497
0.01 2.173586221719046
0.01 2.247307360315231
0.01 2.331011295285534
0.01 2.4247356292332305
0.01 2.5285115082833993
0.01 2.6423626163098723
0.01 2.766305116465712
0.01 2.900348282036577
0.01 3.0444955484860214
0.01 3.1987457473713925
0.01 3.3630943406043805
0.01 3.537534539279106
0.01 3.7220582458574807
0.01 3.916656801781013
0.01 4.121321547534964
0.01 4.336044219941182
0.01 4.560817214313904
0.01 4.795633744481226
0.01 5.040487924770608
0.01 5.295374803194859
0.01 5.560290356764369
0.01 5.835231478196585
0.01 6.1201959381885525
0.01 6.415182406323618
0.01 6.240241646934644
0.01 5.94525756397604
0.01 5.660299447423056
0.01 5.385368970572923
0.01 5.120468942334464
0.01 4.865603298609005
0.01 4.620777168821009
0.01 4.3859969200733016
0.01 4.161270197155288
0.01 3.946605922780069
0.01 3.742014242707437
0.01 3.547506376839566
0.01 3.3630943406043814
0.01 3.1887904866940135
0.01 3.0246068191499687
0.01 2.870554030593788
0.01 2.7266402312050433
0.01 2.592869368002536
0.01 2.469239392223926
0.01 2.3557403166748876
0.01 2.2523524172834435
0.01 2.159044950256384
0.01 2.075775848378324
0.01 2.002492842963602
0.01 1.9391363985971042
0.01 1.8856444195911517
0.01 1.8419582768051497
0.01 1.8080283595995663
0.01 1.7838172157286358
0.01 1.7692998217283042
0.01 1.764462179476806
0.01 1.769299821728304
0.01 1.7838172157286352
0.01 1.8080283595995659
0.01 1.8419582768051486
0.01 1.8856444195911506
0.01 1.9391363985971037
0.01 2.0024928429636004
0.01 2.075775848378324
0.01 2.159044950256382
0.01 2.252352417283442
0.01 2.355740316674887
0.01 2.4692393922239253
0.01 2.5928693680025345
0.01 2.7266402312050433
0.01 2.8705540305937873
0.01 3.0246068191499678
0.01 3.188790486694013
0.01 3.363094340604381
0.01 3.5475063768395656
0.01 3.742014242707436
0.01 3.9466059227800674
0.01 4.161270197155286
0.01 4.3859969200733
0.01 4.620777168821006
0.01 4.865603298609002
0.01 5.120468942334457
0.01 5.385368970572916
0.01 5.66029944742305
0.01 5.945257563976033
0.01 6.240241646934637
0.01 6.075306351177755
0.01 5.7803249529919265
0.01 5.495373992517052
0.01 5.2204555532083425
0.01 4.955573139452922
0.01 4.700731687592424
0.01 4.4559376733859
0.01 4.221199202743366
0.01 3.9965261072288314
0.01 3.781930002133139
0.01 3.577424287066557
0.01 3.383024038983151
0.01 3.1987457473713925
0.01 3.0246068191499687
0.01 2.8606247755890166
0.01 2.706816053468349
0.01 2.5631943347532493
0.01 2.429768359127647
0.01 2.3065392475786908
0.01 2.1934974874569346
0.01 2.090619913407145
0.01 1.9978672393527892
0.01 1.915182895781083
0.01 1.8424940362275126
0.01 1.7797154024215798
0.01 1.7267566805623482
0.01 1.6835328475342335
0.01 1.6499744473529372
0.01 1.6260326418472126
0.01 1.6116776660574923
0.01 1.6068942221086224
0.01 1.6116776660574916
0.01 1.6260326418472115
0.01 1.6499744473529365
0.01 1.683532847534232
0.01 1.7267566805623469
0.01 1.779715402421577
0.01 1.8424940362275108
0.01 1.9151828957810821
0.01 1.9978672393527872
0.01 2.090619913407142
0.01 2.193497487456934
0.01 2.306539247578689
0.01 2.4297683591276464
0.01 2.563194334753248
0.01 2.7068160534683483
0.01 2.8606247755890153
0.01 3.0246068191499678
0.01 3.1987457473713925
0.01 3.3830240389831503
0.01 3.577424287066556
0.01 3.7819300021331372
0.01 3.99652610722883
0.01 4.221199202743363
0.01 4.455937673385897
0.01 4.7007316875924205
0.01 4.955573139452918
0.01 5.220455553208338
0.01 5.495373992517048
0.01 5.780324952991923
0.01 6.075306351177751
0.01 5.920376217265729
0.01 5.625397804123411
0.01 5.340454817903837
0.01 5.065549825401887
0.01 4.800687153202799
0.01 4.545872927704714
0.01 4.3011152387645994
0.01 4.066424297362932
0.01 3.841812613516004
0.01 3.627295146107261
0.01 3.4228894005041113
0.01 3.2286154120580437
0.01 3.0444955484860223
0.01 2.870554030593788
0.01 2.706816053468349
0.01 2.5533063632118487
0.01 2.410047140118977
0.01 2.277055056445147
0.01 2.154337455011126
0.01 2.041887755354281
0.01 1.9396804778487335
0.01 1.8476666757603215
0.01 1.765771012007863
0.01 1.6938919191953763
0.01 1.6319061972693614
0.01 1.5796794664269407
0.01 1.5370848813497484
0.01 1.504024246080412
0.01 1.480436919309031
0.01 1.4662926575343134
0.01 1.461578993035864
0.01 1.4662926575343134
0.01 1.4804369193090297
0.01 1.5040242460804103
0.01 1.5370848813497469
0.01 1.5796794664269378
0.01 1.631906197269359
0.01 1.6938919191953739
0.01 1.7657710120078602
0.01 1.8476666757603195
0.01 1.9396804778487318
0.01 2.0418877553542796
0.01 2.154337455011124
0.01 2.2770550564451457
0.01 2.4100471401189756
0.01 2.5533063632118482
0.01 2.7068160534683487
0.01 2.870554030593787
0.01 3.0444955484860214
0.01 3.2286154120580433
0.01 3.422889400504109
0.01 3.6272951461072602
0.01 3.8418126135160025
0.01 4.06642429736293
0.01 4.301115238764599
0.01 4.545872927704711
0.01 4.800687153202795
0.01 5.065549825401883
0.01 5.340454817903834
0.01 5.625397804123406
0.01 5.920376217265724
0.01 5.775450761759993
0.01 5.480475624479333
0.01 5.195541409018796
0.01 4.9206512426496785
0.01 4.65581040848092
0.01 4.401026425881521
0.01 4.1563092887319115
0.01 3.9216717153411107
0.01 3.697129443125442
0.01 3.4827015152248397
0.01 3.278410532798879
0.01 3.0842828006239267
0.01 2.900348282036578
0.01 2.7266402312050433
0.01 2.5631943347532493
0.01 2.4100471401189765
0.01 2.2672335098053322
0.01 2.134782820346786
0.01 2.0127136758610935
0.01 1.9010270808898517
0.01 1.7996984143284278
0.01 1.7086692327296855
0.01 1.6278408578612642
0.01 1.5570724123306723
0.01 1.496184676873004
0.01 1.4449717703713105
0.01 1.4032339558438625
0.01 1.3708278353559817
0.01 1.3476873172389394
0.01 1.3337994095540895
0.01 1.3291690277421526
0.01 1.3337994095540882
0.01 1.3476873172389368
0.01 1.3708278353559793
0.01 1.4032339558438582
0.01 1.4449717703713068
0.01 1.4961846768730007
0.01 1.5570724123306698
0.01 1.627840857861261
0.01 1.7086692327296829
0.01 1.7996984143284247
0.01 1.901027080889849
0.01 2.0127136758610904
0.01 2.134782820346784
0.01 2.267233509805331
0.01 2.410047140118975
0.01 2.563194334753248
0.01 2.726640231205043
0.01 2.9003482820365774
0.01 3.084282800623926
0.01 3.278410532798878
0.01 3.4827015152248384
0.01 3.6971294431254407
0.01 3.921671715341109
0.01 4.156309288731911
0.01 4.401026425881519
0.01 4.655810408480917
0.01 4.920651242649676
0.01 5.195541409018793
0.01 5.480475624479329
0.01 5.775450761759989
0.01 5.640529301659054
0.01 5.345557709539451
0.01 5.060633006940444
0.01 4.785758959862847
0.01 4.520941945039336
0.01 4.266191083996847
0.01 4.021518577230416
0.01 3.786940076474166
0.01 3.562475138041455
0.01 3.348147703113654
0.01 3.143986580603801
0.01 2.9500258542096494
0.01 2.766305116465713
0.01 2.592869368002536
0.01 2.4297683591276473
0.01 2.277055056445147
0.01 2.134782820346786
0.01 2.003000780254309
0.01 1.8817468524980188
0.01 1.7710379500038471
0.01 1.670857373905684
0.01 1.5811403450842891
0.01 1.5017603779815876
0.01 1.4325217942909703
0.01 1.37315971019935
0.01 1.3233384776727395
0.01 1.2827054365979615
0.01 1.251034207392316
0.010000000000010553 1.2282973547205807
0.01000000000008617 1.2145892087231482
0.010000000000165307 1.2100074811079617
0.01000000000008617 1.2145892087231467
0.010000000000010553 1.228297354720579
0.01 1.2510342073923133
0.01 1.2827054365979573
0.01 1.3233384776727335
0.01 1.3731597101993451
0.01 1.4325217942909654
0.01 1.5017603779815827
0.01 1.5811403450842854
0.01 1.6708573739056802
0.01 1.771037950003844
0.01 1.8817468524980163
0.01 2.0030007802543075
0.01 2.1347828203467833
0.01 2.2770550564451457
0.01 2.4297683591276455
0.01 2.592869368002534
0.01 2.766305116465712
0.01 2.9500258542096485
0.01 3.1439865806038005
0.01 3.3481477031136526
0.01 3.562475138041454
0.01 3.786940076474165
0.01 4.021518577230413
0.01 4.266191083996845
0.01 4.520941945039333
0.01 4.785758959862845
0.01 5.0606330069404395
0.01 5.345557709539447
0.01 5.64052930165905
0.01 5.515610944200359
0.01 5.22064313140346
0.01 4.935728592101337
0.01 4.660871806675861
0.01 4.396080378882321
0.01 4.141365238194511
0.01 3.8967410932945956
0.01 3.6622269607809073
0.01 3.4378468255516212
0.01 3.2236303829943553
0.01 3.0196138466266786
0.01 2.8258407463787494
0.01 2.642362616309873
0.01 2.469239392223926
0.01 2.3065392475786908
0.01 2.1543374550111256
0.01 2.0127136758610926
0.01 1.8817468524980188
0.01 1.7615066289408252
0.01 1.6520400470321217
0.01 1.553352212111994
0.01 1.465379589523226
0.01 1.3879535839919301
0.01 1.3207627770781578
0.01000000000000088 1.2633474073263968
0.010000000006253559 1.215092741215693
0.010000003859467706 1.175347758994548
0.010000170616383742 1.1438170444983655
0.010001195288854974 1.1207351108977492
0.010002789215980381 1.1066096002384296
0.010003524180041433 1.101853543044303
0.010002789215980381 1.106609600238428
0.010001195288854974 1.1207351108977457
0.010000170616383742 1.1438170444983613
0.010000003859467706 1.1753477589945427
0.010000000006253559 1.2150927412156844
0.01000000000000088 1.2633474073263906
0.01 1.320762777078153
0.01 1.3879535839919241
0.01 1.4653795895232196
0.01 1.5533522121119892
0.01 1.6520400470321177
0.01 1.7615066289408212
0.01 1.881746852498016
0.01 2.01271367586109
0.01 2.1543374550111234
0.01 2.306539247578689
0.01 2.4692393922239244
0.01 2.642362616309872
0.01 2.8258407463787485
0.01 3.0196138466266773
0.01 3.223630382994354
0.01 3.437846825551619
0.01 3.662226960780907
0.01 3.8967410932945934
0.01 4.14136523819451
0.01 4.396080378882319
0.01 4.660871806675859
0.01 4.935728592101334
0.01 5.2206431314034525
0.01 5.515610944200353
0.01 5.400694586425401
0.01 5.105730737414629
0.01 4.820826880017509
0.01 4.545988277512944
0.01 4.281223882488466
0.01 4.0265466225353075
0.01 3.7819739974280693
0.01 3.547528800307721
0.01 3.3232400379618507
0.01 3.109144011355879
0.01 2.9052855581320562
0.01 2.71171939994288
0.01 2.5285115082833998
0.01 2.355740316674888
0.01 2.193497487456934
0.01 2.041887755354282
0.01 1.9010270808898513
0.01 1.7710379500038465
0.01 1.6520400470321215
0.01 1.54413335236416
0.01 1.447366477445735
0.01 1.3616690882037843
0.01 1.2867173806068266
0.010000000008807915 1.221762885236978
0.010000107388251892 1.165747412125724
0.010026100767459028 1.117767879411038
0.010539424272548588 1.0773175022772477
0.012805129448590517 1.0444656232165916
0.016069070040468696 1.0198917342062401
0.017741125297678906 1.0046035432436085
0.018039526700100124 0.9994148961074408
0.01774112529767627 1.0046035432436067
0.016069070040470455 1.0198917342062368
0.012805129448590517 1.0444656232165865
0.010539424272547709 1.0773175022772403
0.010026100767459028 1.1177678794110288
0.010000107388251892 1.1657474121257165
0.010000000008807915 1.221762885236968
0.01 1.286717380606819
0.01 1.3616690882037767
0.01 1.4473664774457278
0.01 1.544133352364155
0.01 1.652040047032117
0.01 1.7710379500038431
0.01 1.9010270808898482
0.01 2.0418877553542787
0.01 2.1934974874569337
0.01 2.3557403166748863
0.01 2.528511508283399
0.01 2.7117193999428797
0.01 2.9052855581320554
0.01 3.1091440113558773
0.01 3.32324003796185
0.01 3.54752880030772
0.01 3.7819739974280675
0.01 4.026546622535307
0.01 4.281223882488463
0.01 4.545988277512941
0.01 4.820826880017506
0.01 5.105730737414626
0.01 5.400694586425398
0.01 5.29577892642596
0.01 5.00081916128284
0.01 4.715926331817246
0.01 4.4411065403722185
0.01 4.176370189874924
0.01 3.9217323661793015
0.01 3.6772136038611234
0.01 3.4428408333233116
0.01 3.218648616622842
0.01 3.00468064286566
0.01 2.800991527566116
0.01 2.607648882444399
0.01 2.424735629233232
0.01 2.252352417283443
0.01 2.0906199134071435
0.01 1.9396804778487342
0.01 1.7996984143284274
0.01 1.670857373905684
0.01 1.553352212111994
0.01 1.4473664774457342
0.01 1.3529953287306835
0.01000000000000088 1.2699987417750576
0.01000000190307226 1.1973514980230007
0.010014004789426387 1.1333161462595003
0.011115974821982646 1.0764325385922504
0.01890662931571481 1.0264135001038546
0.037939487123379814 0.9836918668919201
0.07215455781358343 0.9487470239679825
0.11602213254634974 0.9223268456586223
0.14986358502325345 0.9056566668518566
0.16181521296246065 0.8999433678042027
0.14986358502323718 0.9056566668518542
0.11602213254637392 0.9223268456586183
0.07215455781358167 0.948747023967977
0.03793948712340971 0.9836918668919123
0.018906629315720964 1.0264135001038452
0.01111597482197913 1.0764325385922409
0.010014004789426387 1.1333161462594914
0.01000000190307226 1.1973514980229898
0.01000000000000088 1.2699987417750482
0.01 1.3529953287306749
0.01 1.4473664774457267
0.01 1.5533522121119876
0.01 1.6708573739056796
0.01 1.7996984143284234
0.01 1.9396804778487307
0.01 2.0906199134071417
0.01 2.252352417283441
0.01 2.42473562923323
0.01 2.6076488824443986
0.01 2.8009915275661146
0.01 3.0046806428656585
0.01 3.2186486166228407
0.01 3.4428408333233103
0.01 3.677213603861121
0.01 3.9217323661792998
0.01 4.176370189874923
0.01 4.441106540372217
0.01 4.7159263318172435
0.01 5.000819161282837
0.01 5.295778926425956
0.01 5.200862487328488
0.01 4.90590684798202
0.01 4.621025181263685
0.01 4.346224467176198
0.01 4.081516630901458
0.01 3.826919031712571
0.01 3.5824554209342137
0.01 3.348157141735647
0.01 3.1240647343154127
0.01 2.9102299134162277
0.01 2.7067180480167625
0.01 2.5136111228235745
0.01 2.3310112952855353
0.01 2.1590449502563853
0.01 1.997867239352789
0.01 1.8476666757603213
0.01 1.708669232729685
0.01 1.5811403450842887
0.01 1.465379589523225
0.01 1.3616690882037832
0.01000000000000088 1.269998741775056
0.010000009965431041 1.1893005381986879
0.010092872448904524 1.117182532083714
0.014387800139029556 1.0515156446010954
0.033952610827503255 0.9918580624367359
0.0742958169591617 0.9387070507987276
0.1329347626695952 0.8929734391251711
0.21205598102167775 0.8556118181803986
0.3152315531034716 0.8274802208246611
0.4125268513856627 0.8097096753002724
0.45318303533447657 0.8035955073700848
0.41252685138568074 0.8097096753002698
0.31523155310348744 0.8274802208246576
0.21205598102174456 0.8556118181803926
0.13293476266961324 0.8929734391251634
0.07429581695920083 0.938707050798718
0.03395261082752348 0.991858062436726
0.014387800139020763 1.0515156446010836
0.010092872448904524 1.1171825320837028
0.010000009965431041 1.1893005381986759
0.01000000000000088 1.2699987417750453
0.01 1.3616690882037739
0.01 1.4653795895232162
0.01 1.5811403450842825
0.01 1.708669232729681
0.01 1.8476666757603166
0.01 1.9978672393527854
0.01 2.159044950256381
0.01 2.3310112952855344
0.01 2.5136111228235727
0.01 2.7067180480167603
0.01 2.9102299134162264
0.01 3.124064734315411
0.01 3.348157141735645
0.01 3.582455420934212
0.01 3.8269190317125688
0.01 4.081516630901455
0.01 4.346224467176196
0.01 4.621025181263682
0.01 4.905906847982016
0.01 5.200862487328485
0.01 5.115943654300732
0.01 4.820992092983941
0.01 4.536121478743725
0.01 4.26133968738325
0.01 3.996660196872158
0.01 3.742102699856177
0.01 3.4976942573148544
0.01 3.263470787972623
0.01 3.0394790624507957
0.01 2.8257792423345514
0.01 2.622448110218508
0.01 2.429583107741605
0.01 2.2473073603152325
0.01 2.0757758483783255
0.01 1.9151828957810835
0.01 1.765771012007862
0.01 1.6278408578612635
0.01 1.5017603779815865
0.01 1.387953583991928
0.01 1.2867173806068246
0.01000000190307226 1.1973514980229973
0.010092872448904524 1.1171825320837125
0.016184945954074978 1.0431921755696478
0.04262761118127451 0.9744148156646099
0.09582788307313633 0.9111810260929445
0.18480943230510577 0.8545182456877974
0.319299489393186 0.805678844833632
0.4998739630481984 0.7659826241154004
0.7004937303602119 0.7366163022705611
0.8669258388134103 0.7184650325444079
0.932817229680912 0.7123011610885311
0.8669258388134587 0.7184650325444056
0.7004937303602725 0.7366163022705565
0.4998739630482811 0.7659826241153952
0.31929948939326025 0.8056788448336233
0.18480943230514094 0.8545182456877881
0.09582788307319393 0.9111810260929344
0.04262761118132287 0.974414815664598
0.0161849459540697 1.0431921755696352
0.010092872448904524 1.1171825320837
0.01000000190307226 1.1973514980229853
0.01 1.2867173806068135
0.01 1.3879535839919193
0.01 1.5017603779815778
0.01 1.6278408578612578
0.01 1.7657710120078571
0.01 1.9151828957810801
0.01 2.075775848378322
0.01 2.2473073603152307
0.01 2.4295831077416032
0.01 2.6224481102185067
0.01 2.8257792423345496
0.01 3.0394790624507935
0.01 3.263470787972621
0.01 3.4976942573148526
0.01 3.7421026998561757
0.01 3.9966601968721567
0.01 4.261339687383248
0.01 4.536121478743722
0.01 4.82099209298394
0.01 5.115943654300732
0.01 5.0410207233326405
0.01 4.74607309356446
0.01 4.461213152864613
0.01 4.186449661645363
0.01 3.9217976397606242
0.01 3.6672790965716
0.01 3.42292440008738
0.01 3.188774050217011
0.01 2.9648811018899273
0.01 2.751314272837007
0.01 2.5481620100307443
0.01 2.355537668044745
0.01 2.173586221719047
0.01 2.002492842963602
0.01 1.8424940362275137
0.01 1.6938919191953765
0.01 1.5570724123306714
0.01 1.432521794290968
0.01 1.3207627770781565
0.010000000008807915 1.2217628852369717
0.010014004789426387 1.1333161462594954
0.014387800139017247 1.0515156446010892
0.04262761118130616 0.9744148156646065
0.10214228375898311 0.9019402752226356
0.21086075768476298 0.8349506017345213
0.4060974996355433 0.7748721180246386
0.6988245974758048 0.7236008930134558
1.0260558987969886 0.6827465305043725
1.309110789506088 0.6531945692960269
1.5003172412718402 0.6353206600031934
1.5684625558071492 0.6293324923026788
1.5003172412718722 0.6353206600031917
1.309110789506176 0.6531945692960242
1.0260558987971156 0.682746530504367
0.6988245974759351 0.723600893013448
0.4060974996356317 0.7748721180246301
0.21086075768484389 0.8349506017345114
0.10214228375904466 0.9019402752226238
0.042627611181308804 0.974414815664594
0.014387800139015488 1.0515156446010765
0.010014004789426387 1.1333161462594816
0.010000000008807915 1.221762885236958
0.01 1.3207627770781452
0.01 1.4325217942909594
0.01 1.557072412330665
0.01 1.6938919191953703
0.01 1.8424940362275084
0.01 2.002492842963598
0.01 2.1735862217190443
0.01 2.3555376680447426
0.01 2.548162010030743
0.01 2.751314272837005
0.01 2.964881101889927
0.01 3.1887740502170105
0.01 3.4229244000873784
0.01 3.6672790965715985
0.01 3.9217976397606225
0.01 4.18644966164536
0.01 4.461213152864611
0.01 4.746073093564461
0.01 5.0410207233326405
0.01 4.976091962187144
0.01 4.681148014626578
0.01 4.3962980830927485
0.01 4.12155177869568
0.01 3.856925592764324
0.01 3.6024437674678285
0.01 3.3581398447233224
0.01 3.1240587620339006
0.01 2.900259648287392
0.01 2.686819563375254
0.01 2.4838383227217014
0.01 2.2914449243640105
0.01 2.109805869783151
0.01 1.9391363985971057
0.01 1.7797154024215802
0.01 1.631906197269361
0.01 1.496184676873004
0.01 1.373159710199349
0.01000000000000088 1.2633474073263944
0.010000107388251892 1.1657474121257196
0.01111597482197913 1.0764325385922442
0.03395261082751205 0.9918580624367291
0.09582788307321723 0.9111810260929395
0.21086075768478188 0.8349506017345188
0.4391290498369724 0.7644871631166491
0.8229073753947684 0.702125529017648
1.270940271012509 0.6500905688558813
1.6678927351700532 0.6094029865294521
1.963281486793026 0.580299516901509
2.143830532756552 0.5628206192838019
2.2047131506055906 0.5569899322049383
2.1438305327565703 0.5628206192838001
1.9632814867930273 0.5802995169015058
1.6678927351701465 0.6094029865294482
1.2709402710126105 0.6500905688558747
0.8229073753948063 0.7021255290176397
0.43912904983703127 0.764487163116639
0.21086075768487772 0.8349506017345071
0.09582788307323657 0.911181026092926
0.033952610827520845 0.9918580624367145
0.01111597482197825 1.0764325385922289
0.010000107388251892 1.1657474121257048
0.01000000000000088 1.2633474073263815
0.01 1.3731597101993371
0.01 1.4961846768729947
0.01 1.631906197269355
0.01 1.7797154024215736
0.01 1.9391363985971015
0.01 2.109805869783148
0.01 2.291444924364009
0.01 2.4838383227216996
0.01 2.6868195633752525
0.01 2.9002596482873915
0.01 3.1240587620338998
0.01 3.358139844723321
0.01 3.6024437674678254
0.01 3.856925592764321
0.01 4.121551778695679
0.01 4.396298083092748
0.01 4.681148014626576
0.01 4.976091962187143
0.01 4.9211556740907465
0.01 4.626215055758482
0.01 4.3413741868586575
0.01 4.0666434579972774
0.01 3.8020407202929833
0.01 3.54759226848022
0.01 3.3033345848898965
0.01 3.0693167015382197
0.01 2.8456033897363238
0.01 2.6322794302411188
0.01 2.429455214094727
0.01 2.237274227345809
0.01 2.055922963157867
0.01 1.885644419591153
0.01 1.726756680562349
0.01 1.5796794664269405
0.01 1.4449717703713107
0.01 1.3233384776727388
0.010000000006253559 1.21509274121569
0.010026100767459028 1.1177678794110335
0.018906629315718328 1.026413500103849
0.07429581695922896 0.9387070507987213
0.18480943230515326 0.8545182456877917
0.40609749963566333 0.7748721180246338
0.8229073753948986 0.7021255290176465
1.358401435913788 0.6391808551758248
1.8553403265329105 0.5875009822860185
2.247682359427202 0.5473632386498227
2.5272053120414193 0.5187372905238328
2.6947153683076843 0.5015758476174403
2.750566207035683 0.4958570233646703
2.6947153683077048 0.501575847617439
2.527205312041442 0.5187372905238298
2.24768235942722 0.5473632386498186
1.8553403265330317 0.5875009822860114
1.3584014359138723 0.6391808551758156
0.8229073753949228 0.7021255290176356
0.40609749963572844 0.7748721180246217
0.18480943230520908 0.854518245687777
0.07429581695923072 0.9387070507987058
0.018906629315724482 1.026413500103832
0.010026100767459028 1.117767879411016
0.010000000006253559 1.2150927412156738
0.01 1.3233384776727262
0.01 1.4449717703713
0.01 1.579679466426933
0.01 1.7267566805623429
0.01 1.8856444195911475
0.01 2.055922963157864
0.01 2.2372742273458055
0.01 2.4294552140947245
0.01 2.632279430241117
0.01 2.845603389736321
0.01 3.069316701538218
0.01 3.3033345848898947
0.01 3.547592268480218
0.01 3.802040720292981
0.01 4.066643457997275
0.01 4.341374186858655
0.01 4.626215055758477
0.01 4.921155674090742
0.01 4.876210269355306
0.01 4.581272529337393
0.01 4.2964395058784195
0.01 4.02172226794773
0.01 3.757139865446534
0.01 3.502720385534097
0.01 3.258502903897124
0.01 3.0245400349557707
0.01 2.8009015238042307
0.01 2.5876789022734883
0.01 2.384991841295847
0.01 2.192996402208403
0.01 2.0118963663298945
0.01 1.8419582768051508
0.01 1.6835328475342346
0.01 1.5370848813497495
0.01 1.4032339558438647
0.01 1.282705436597964
0.010000003859467706 1.1753477589945494
0.010539424272548588 1.0773175022772477
0.037939487123387725 0.9836918668919185
0.13293476266959256 0.8929734391251681
0.31929948939327524 0.8056788448336277
0.6988245974760221 0.7236008930134522
1.2709402710126296 0.6500905688558806
1.8553403265329271 0.5875009822860178
2.342475082772708 0.536400323347802
2.7172063419655474 0.49677036949861386
2.9824276255874715 0.46852377574187204
3.1407615632909986 0.4515976918451075
3.1934322869678837 0.4459589745750023
3.140761563291005 0.4515976918451062
2.9824276255875155 0.46852377574186926
2.717206341965578 0.4967703694986092
2.3424750827727863 0.5364003233477961
1.85534032653307 0.5875009822860091
1.2709402710127773 0.6500905688558694
0.6988245974761157 0.7236008930134381
0.3192994893933614 0.8056788448336114
0.13293476266962861 0.89297343912515
0.03793948712338685 0.9836918668918994
0.01053942427254683 1.077317502277228
0.010000003859467706 1.1753477589945311
0.01 1.282705436597948
0.01 1.4032339558438516
0.01 1.5370848813497417
0.01 1.6835328475342284
0.01 1.8419582768051455
0.01 2.01189636632989
0.01 2.192996402208399
0.01 2.384991841295845
0.01 2.5876789022734856
0.01 2.800901523804229
0.01 3.02454003495577
0.01 3.2585029038971225
0.01 3.502720385534096
0.01 3.757139865446532
0.01 4.021722267947727
0.01 4.296439505878415
0.01 4.581272529337388
0.01 4.876210269355302
0.01 4.841254335826764
0.01 4.546318935442832
0.01 4.261492294183238
0.01 3.9867860382796243
0.01 3.7222202011587457
0.01 3.467824343435944
0.01 3.2236396692956952
0.01 2.9897217365276183
0.01 2.7661443649051702
0.01 2.5530046094794745
0.01 2.3504296823785027
0.01 2.1585857882466573
0.01 1.9776904211574122
0.01 1.808028359599568
0.01 1.64997444735294
0.01 1.5040242460804139
0.01 1.3708278353559842
0.01 1.2510342073923209
0.010000170616383742 1.1438170444983708
0.012805129448586122 1.0444656232165959
0.0721545578135232 0.9487470239679846
0.21205598102172127 0.8556118181803987
0.49987396304825116 0.7659826241154
1.0260558987970958 0.6827465305043714
1.667892735170124 0.6094029865294526
2.2476823594271833 0.5473632386498231
2.717206341965541 0.49677036949861325
3.077460684468495 0.4575361114606761
3.3323454442969447 0.42957183865674725
3.4843938530184877 0.4128160979876348
3.5349418590173123 0.4072345192350819
3.4843938530184992 0.41281609798763313
3.332345444296965 0.4295718386567448
3.0774606844685453 0.4575361114606716
2.7172063419656105 0.49677036949860726
2.247682359427296 0.5473632386498142
1.667892735170269 0.6094029865294409
1.0260558987973007 0.6827465305043567
0.49987396304837867 0.7659826241153824
0.212055981021807 0.8556118181803788
0.07215455781356761 0.9487470239679626
0.012805129448581726 1.044465623216573
0.010000170616383742 1.1438170444983493
0.01 1.251034207392302
0.01 1.370827835355972
0.01 1.504024246080403
0.01 1.6499744473529314
0.01 1.8080283595995614
0.01 1.9776904211574076
0.01 2.158585788246654
0.01 2.350429682378499
0.01 2.553004609479473
0.01 2.766144364905169
0.01 2.9897217365276174
0.01 3.223639669295693
0.01 3.4678243434359413
0.01 3.7222202011587426
0.01 3.98678603827962
0.01 4.261492294183233
0.01 4.546318935442821
0.01 4.841254335826753
0.01 4.816286700558019
0.01 4.5213530275218075
0.01 4.23653110007755
0.01 3.9618329609254332
0.01 3.6972793712528396
0.01 3.442900991551783
0.01 3.198740601623725
0.01 2.964855952154528
0.01 2.741323872083088
0.01 2.5282455067921474
0.01 2.3257535857662357
0.01 2.134021699607545
0.01 1.9532770982249
0.01 1.783817215728638
0.01 1.6260326418472133
0.01 1.4804369193090352
0.01 1.347687317238943
0.010000000000010553 1.2282973547205873
0.010001195288854974 1.1207351108977546
0.01606907004047661 1.0198917342062466
0.11602213254638095 0.9223268456586285
0.3152315531033551 0.8274802208246668
0.7004937303600681 0.7366163022705624
1.3091107895061034 0.6531945692960283
1.9632814867930133 0.5802995169015097
2.5272053120413998 0.5187372905238333
2.982427625587485 0.46852377574187193
3.332345444296959 0.4295718386567477
3.5801680146273602 0.4018039894793803
3.7280493216774753 0.38516483315549177
3.7772122093213403 0.3796220165187484
3.7280493216774926 0.3851648331554906
3.580168014627387 0.40180398947937723
3.332345444296996 0.4295718386567433
2.9824276255875573 0.4685237757418656
2.52720531204151 0.5187372905238244
1.9632814867931654 0.5802995169014983
1.3091107895063405 0.6531945692960138
0.7004937303603956 0.7366163022705434
0.3152315531035296 0.8274802208246437
0.11602213254640777 0.9223268456586039
0.01606907004047309 1.0198917342062217
0.010001195288854974 1.1207351108977304
0.010000000000010553 1.228297354720567
0.01 1.3476873172389263
0.01 1.4804369193090228
0.01 1.6260326418472055
0.01 1.7838172157286314
0.01 1.9532770982248948
0.01 2.134021699607541
0.01 2.325753585766234
0.01 2.528245506792145
0.01 2.741323872083085
0.01 2.964855952154527
0.01 3.1987406016237228
0.01 3.442900991551781
0.01 3.6972793712528365
0.01 3.9618329609254297
0.01 4.236531100077545
0.01 4.521353027521801
0.01 4.8162867005580114
0.01 4.801306483517639
0.01 4.5063738699426805
0.01 4.221554834434866
0.01 3.9468616771571674
0.01 3.6823156061435864
0.01 3.4279479611573773
0.01 3.183802489343842
0.01 2.94993829324653
0.01 2.726434044819641
0.01 2.5133933977197964
0.01 2.310952432563644
0.01 2.1192892036444406
0.01 1.9386367434976184
0.01 1.7692998217283058
0.01 1.611677666057495
0.01 1.4662926575343176
0.01 1.3337994095540933
0.01000000000008617 1.2145892087231545
0.010002789215980381 1.1066096002384367
0.017741125297667474 1.0046035432436147
0.14986358502326225 0.9056566668518624
0.41252685138551765 0.8097096753002783
0.8669258388132416 0.7184650325444106
1.5003172412718147 0.6353206600031952
2.143830532756558 0.5628206192838032
2.6947153683076697 0.501575847617442
3.140761563290991 0.4515976918451083
3.4843938530184846 0.4128160979876356
3.7280493216774695 0.3851648331554922
3.873519818706918 0.3685941696856791
3.92188964505907 0.36307399951802277
3.873519818706927 0.3685941696856778
3.7280493216774997 0.3851648331554895
3.4843938530185317 0.41281609798763086
3.140761563291078 0.4515976918451016
2.6947153683077416 0.5015758476174326
2.1438305327567173 0.5628206192837926
1.5003172412720485 0.6353206600031799
0.8669258388134922 0.7184650325443926
0.4125268513858157 0.8097096753002557
0.14986358502339503 0.9056566668518372
0.01774112529766132 1.0046035432435887
0.010002789215980381 1.1066096002384123
0.01000000000008617 1.2145892087231347
0.01 1.3337994095540764
0.01 1.4662926575343058
0.01 1.611677666057485
0.01 1.7692998217282996
0.01 1.9386367434976126
0.01 2.119289203644437
0.01 2.310952432563641
0.01 2.5133933977197933
0.01 2.7264340448196385
0.01 2.949938293246528
0.01 3.1838024893438406
0.01 3.427947961157374
0.01 3.682315606143584
0.01 3.9468616771571643
0.01 4.221554834434863
0.01 4.506373869942678
0.01 4.801306483517636
0.01 4.7963131393992064
0.01 4.501380882873354
0.01 4.216562822135191
0.01 3.941871344381834
0.01 3.677327808405249
0.01 3.422963783512698
0.01 3.1788233431170236
0.01 2.944966046144475
0.01 2.721471185181291
0.01 2.508443258148065
0.01 2.3060194685799664
0.01 2.11437936076126
0.01 1.933757877695816
0.01 1.7644621794768065
0.01 1.6068942221086249
0.01 1.4615789930358674
0.01 1.3291690277421588
0.010000000000165307 1.2100074811079669
0.010003524180041433 1.1018535430443093
0.018039526700099243 0.9994148961074465
0.16181521296241227 0.8999433678042082
0.45318303533440624 0.8035955073700891
0.9328172296808996 0.7123011610885355
1.568462555807073 0.6293324923026827
2.204713150605524 0.5569899322049404
2.750566207035677 0.49585702336467186
3.1934322869678664 0.44595897457500366
3.5349418590173003 0.40723451923508264
3.777212209321338 0.37962201651874894
3.9218896450590677 0.36307399951802294
3.9699999999999998 0.35756129578161905
3.92188964505908 0.36307399951802133
3.7772122093213696 0.37962201651874594
3.5349418590173465 0.4072345192350774
3.1934322869679264 0.44595897457499695
2.750566207035789 0.495857023364663
2.2047131506057163 0.5569899322049287
1.5684625558073026 0.6293324923026669
0.9328172296811168 0.7123011610885164
0.4531830353345966 0.8035955073700667
0.16181521296252965 0.899943367804184
0.018039526700105397 0.9994148961074211
0.010003524180041433 1.1018535430442848
0.010000000000165307 1.2100074811079464
0.01 1.329169027742142
0.01 1.461578993035855
0.01 1.6068942221086169
0.01 1.7644621794768012
0.01 1.9337578776958113
0.01 2.1143793607612564
0.01 2.3060194685799624
0.01 2.508443258148064
0.01 2.7214711851812887
0.01 2.944966046144472
0.01 3.1788233431170227
0.01 3.422963783512696
0.01 3.6773278084052463
0.01 3.941871344381832
0.01 4.216562822135189
0.01 4.501380882873351
0.01 4.796313139399203
0.01 4.80130648351764
0.01 4.506373869942681
0.01 4.2215548344348655
0.01 3.9468616771571674
0.01 3.6823156061435864
0.01 3.4279479611573773
0.01 3.183802489343842
0.01 2.94993829324653
0.01 2.726434044819641
0.01 2.5133933977197964
0.01 2.310952432563644
0.01 2.1192892036444406
0.01 1.9386367434976184
0.01 1.7692998217283058
0.01 1.6116776660574947
0.01 1.4662926575343167
0.01 1.333799409554093
0.01000000000008617 1.2145892087231542
0.010002789215980381 1.1066096002384358
0.017741125297667474 1.004603543243614
0.14986358502323893 0.905656666851861
0.4125268513855792 0.8097096753002772
0.8669258388132838 0.7184650325444103
1.5003172412718004 0.6353206600031944
2.1438305327565406 0.5628206192838024
2.694715368307682 0.5015758476174407
3.1407615632910084 0.45159769184510734
3.484393853018494 0.4128160979876345
3.728049321677483 0.38516483315549116
3.873519818706926 0.36859416968567793
3.9218896450590797 0.36307399951802144
3.8735198187069346 0.3685941696856764
3.7280493216775143 0.38516483315548833
3.4843938530185445 0.4128160979876294
3.14076156329109 0.4515976918451005
2.6947153683077563 0.501575847617431
2.1438305327567124 0.5628206192837915
1.5003172412720678 0.6353206600031788
0.8669258388134962 0.7184650325443913
0.4125268513857893 0.8097096753002547
0.14986358502339678 0.9056566668518365
0.017741125297663078 1.0046035432435878
0.010002789215980381 1.1066096002384116
0.01000000000008617 1.2145892087231343
0.01 1.3337994095540764
0.01 1.4662926575343058
0.01 1.6116776660574847
0.01 1.7692998217282994
0.01 1.9386367434976128
0.01 2.119289203644437
0.01 2.310952432563641
0.01 2.5133933977197933
0.01 2.7264340448196385
0.01 2.949938293246528
0.01 3.1838024893438406
0.01 3.427947961157374
0.01 3.682315606143584
0.01 3.9468616771571643
0.01 4.221554834434863
0.01 4.506373869942679
0.01 4.801306483517636
0.01 4.8162867005580186
0.01 4.521353027521807
0.01 4.236531100077551
0.01 3.961832960925433
0.01 3.697279371252839
0.01 3.442900991551783
0.01 3.1987406016237245
0.01 2.9648559521545286
0.01 2.7413238720830884
0.01 2.5282455067921474
0.01 2.3257535857662357
0.01 2.134021699607545
0.01 1.9532770982248997
0.01 1.7838172157286378
0.01 1.626032641847213
0.01 1.4804369193090345
0.01 1.3476873172389416
0.010000000000010553 1.2282973547205849
0.010001195288854974 1.1207351108977526
0.01606907004047309 1.0198917342062432
0.11602213254644601 0.9223268456586258
0.3152315531033793 0.8274802208246645
0.7004937303601257 0.7366163022705607
1.3091107895061782 0.653194569296027
1.9632814867929873 0.5802995169015089
2.5272053120413913 0.5187372905238311
2.9824276255875017 0.46852377574186976
3.33234544429697 0.4295718386567453
3.5801680146273864 0.40180398947937734
3.7280493216775015 0.38516483315548966
3.777212209321369 0.379622016518746
3.7280493216775126 0.3851648331554884
3.5801680146274273 0.4018039894793743
3.332345444297007 0.42957183865674037
2.9824276255875795 0.46852377574186327
2.527205312041535 0.5187372905238218
1.9632814867931636 0.5802995169014957
1.309110789506336 0.6531945692960116
0.7004937303603644 0.7366163022705416
0.3152315531035314 0.8274802208246426
0.11602213254644074 0.9223268456586027
0.016069070040471332 1.0198917342062204
0.010001195288854974 1.1207351108977297
0.010000000000010553 1.2282973547205671
0.01 1.3476873172389257
0.01 1.4804369193090223
0.01 1.6260326418472055
0.01 1.7838172157286314
0.01 1.9532770982248948
0.01 2.134021699607541
0.01 2.325753585766234
0.01 2.528245506792145
0.01 2.741323872083085
0.01 2.9648559521545272
0.01 3.1987406016237228
0.01 3.442900991551781
0.01 3.697279371252837
0.01 3.9618329609254297
0.01 4.236531100077546
0.01 4.521353027521802
0.01 4.816286700558014
0.01 4.841254335826763
0.01 4.546318935442831
0.01 4.261492294183237
0.01 3.9867860382796234
0.01 3.722220201158745
0.01 3.4678243434359435
0.01 3.223639669295695
0.01 2.9897217365276183
0.01 2.7661443649051702
0.01 2.553004609479474
0.01 2.3504296823785027
0.01 2.1585857882466577
0.01 1.977690421157412
0.01 1.808028359599568
0.01 1.6499744473529392
0.01 1.504024246080413
0.01 1.3708278353559837
0.01 1.2510342073923184
0.010000170616383742 1.143817044498368
0.012805129448585242 1.0444656232165928
0.07215455781351968 0.9487470239679815
0.2120559810217916 0.8556118181803957
0.4998739630482283 0.7659826241153983
1.0260558987970914 0.6827465305043681
1.6678927351701829 0.6094029865294502
2.247682359427186 0.5473632386498201
2.717206341965552 0.4967703694986106
3.07746068446852 0.4575361114606722
3.3323454442969873 0.4295718386567435
3.4843938530185268 0.41281609798763097
3.5349418590173505 0.4072345192350775
3.4843938530185556 0.41281609798762964
3.332345444297012 0.4295718386567401
3.0774606844685697 0.4575361114606677
2.717206341965666 0.49677036949860326
2.247682359427282 0.5473632386498102
1.6678927351702646 0.6094029865294387
1.0260558987973583 0.6827465305043536
0.4998739630483624 0.7659826241153794
0.21205598102177622 0.8556118181803762
0.07215455781356409 0.9487470239679606
0.012805129448579087 1.0444656232165712
0.010000170616383742 1.1438170444983484
0.01 1.251034207392301
0.01 1.3708278353559715
0.01 1.5040242460804025
0.01 1.6499744473529314
0.01 1.8080283595995614
0.01 1.9776904211574073
0.01 2.158585788246654
0.01 2.3504296823784996
0.01 2.553004609479473
0.01 2.7661443649051685
0.01 2.9897217365276174
0.01 3.2236396692956926
0.01 3.4678243434359417
0.01 3.7222202011587426
0.01 3.9867860382796207
0.01 4.261492294183235
0.01 4.546318935442826
0.01 4.841254335826757
0.01 4.876210269355307
0.01 4.581272529337395
0.01 4.296439505878419
0.01 4.02172226794773
0.01 3.757139865446534
0.01 3.5027203855340963
0.01 3.2585029038971234
0.01 3.0245400349557707
0.01 2.8009015238042307
0.01 2.5876789022734883
0.01 2.384991841295847
0.01 2.1929964022084025
0.01 2.0118963663298945
0.01 1.8419582768051503
0.01 1.6835328475342344
0.01 1.5370848813497489
0.01 1.4032339558438638
0.01 1.2827054365979622
0.010000003859467706 1.1753477589945471
0.010539424272548588 1.0773175022772448
0.03793948712340707 0.9836918668919156
0.13293476266957938 0.8929734391251658
0.3192994893932616 0.8056788448336255
0.6988245974759214 0.7236008930134501
1.270940271012632 0.6500905688558769
1.8553403265329949 0.5875009822860146
2.342475082772732 0.5364003233477977
2.7172063419655954 0.4967703694986082
2.9824276255875617 0.468523775741866
3.1407615632910857 0.4515976918451019
3.1934322869679437 0.4459589745749968
3.1407615632911043 0.4515976918451
2.9824276255875817 0.46852377574186294
2.717206341965666 0.4967703694986032
2.3424750827728267 0.5364003233477904
1.8553403265331012 0.5875009822860043
1.2709402710128463 0.6500905688558651
0.6988245974761047 0.723600893013434
0.31929948939326597 0.8056788448336091
0.13293476266962553 0.892973439125148
0.03793948712336223 0.9836918668918972
0.01053942427254683 1.0773175022772263
0.010000003859467706 1.1753477589945296
0.01 1.282705436597947
0.01 1.4032339558438498
0.01 1.5370848813497415
0.01 1.6835328475342284
0.01 1.8419582768051452
0.01 2.01189636632989
0.01 2.1929964022083985
0.01 2.384991841295845
0.01 2.5876789022734856
0.01 2.8009015238042285
0.01 3.0245400349557694
0.01 3.258502903897123
0.01 3.502720385534096
0.01 3.757139865446532
0.01 4.021722267947728
0.01 4.296439505878418
0.01 4.581272529337392
0.01 4.876210269355305
0.01 4.921155674090746
0.01 4.62621505575848
0.01 4.341374186858656
0.01 4.066643457997276
0.01 3.802040720292983
0.01 3.5475922684802192
0.01 3.303334584889896
0.01 3.0693167015382192
0.01 2.8456033897363233
0.01 2.632279430241119
0.01 2.429455214094727
0.01 2.237274227345809
0.01 2.055922963157867
0.01 1.885644419591152
0.01 1.7267566805623487
0.01 1.5796794664269407
0.01 1.4449717703713094
0.01 1.3233384776727375
0.010000000006253559 1.2150927412156871
0.010026100767459028 1.1177678794110304
0.018906629315723605 1.0264135001038468
0.07429581695920083 0.9387070507987205
0.18480943230508773 0.8545182456877906
0.406097499635535 0.7748721180246327
0.8229073753947482 0.7021255290176426
1.358401435913828 0.6391808551758181
1.8553403265330124 0.5875009822860119
2.24768235942726 0.5473632386498148
2.5272053120415214 0.5187372905238242
2.6947153683077802 0.501575847617432
2.7505662070358174 0.4958570233646622
2.6947153683077767 0.5015758476174305
2.5272053120415614 0.518737290523821
2.247682359427303 0.5473632386498097
1.8553403265331254 0.5875009822860042
1.3584014359140337 0.6391808551758074
0.8229073753949544 0.702125529017629
0.4060974996356541 0.7748721180246168
0.18480943230515853 0.854518245687774
0.07429581695917313 0.9387070507987035
0.018906629315713054 1.0264135001038308
0.010026100767459028 1.1177678794110146
0.010000000006253559 1.215092741215673
0.01 1.3233384776727246
0.01 1.4449717703712994
0.01 1.5796794664269322
0.01 1.7267566805623424
0.01 1.8856444195911473
0.01 2.0559229631578635
0.01 2.2372742273458055
0.01 2.4294552140947245
0.01 2.6322794302411165
0.01 2.8456033897363207
0.01 3.069316701538218
0.01 3.3033345848898947
0.01 3.547592268480218
0.01 3.8020407202929816
0.01 4.066643457997274
0.01 4.341374186858655
0.01 4.626215055758479
0.01 4.921155674090744
0.01 4.976091962187143
0.01 4.681148014626578
0.01 4.396298083092747
0.01 4.12155177869568
0.01 3.856925592764323
0.01 3.6024437674678276
0.01 3.3581398447233224
0.01 3.1240587620339006
0.01 2.9002596482873924
0.01 2.6868195633752543
0.01 2.4838383227217014
0.01 2.291444924364011
0.01 2.109805869783151
0.01 1.939136398597105
0.01 1.7797154024215798
0.01 1.6319061972693616
0.01 1.496184676873003
0.01 1.3731597101993473
0.01000000000000088 1.2633474073263933
0.010000107388251892 1.1657474121257176
0.011115974821981766 1.0764325385922449
0.033952610827453135 0.9918580624367301
0.09582788307311303 0.9111810260929396
0.21086075768467155 0.8349506017345181
0.4391290498368378 0.7644871631166447
0.8229073753947702 0.7021255290176404
1.2709402710127236 0.6500905688558715
1.667892735170255 0.609402986529442
1.9632814867931843 0.5802995169014976
2.143830532756747 0.5628206192837913
2.204713150605742 0.5569899322049272
2.1438305327567524 0.5628206192837899
1.9632814867932094 0.5802995169014942
1.66789273517032 0.6094029865294371
1.270940271012902 0.6500905688558639
0.8229073753949817 0.702125529017628
0.43912904983699347 0.7644871631166301
0.21086075768481882 0.834950601734501
0.09582788307316754 0.9111810260929218
0.033952610827508535 0.9918580624367126
0.01111597482197913 1.0764325385922273
0.010000107388251892 1.1657474121257037
0.01000000000000088 1.2633474073263817
0.01 1.373159710199337
0.01 1.4961846768729938
0.01 1.6319061972693545
0.01 1.7797154024215742
0.01 1.9391363985971013
0.01 2.109805869783148
0.01 2.291444924364009
0.01 2.4838383227216996
0.01 2.6868195633752525
0.01 2.900259648287391
0.01 3.1240587620338998
0.01 3.358139844723321
0.01 3.6024437674678254
0.01 3.8569255927643216
0.01 4.121551778695679
0.01 4.396298083092748
0.01 4.681148014626576
0.01 4.976091962187141
0.01 5.041020723332637
0.01 4.746073093564458
0.01 4.461213152864612
0.01 4.186449661645362
0.01 3.9217976397606233
0.01 3.6672790965716
0.01 3.4229244000873797
0.01 3.188774050217011
0.01 2.9648811018899273
0.01 2.7513142728370066
0.01 2.5481620100307443
0.01 2.3555376680447444
0.01 2.173586221719047
0.01 2.0024928429636017
0.01 1.8424940362275128
0.01 1.6938919191953763
0.01 1.5570724123306712
0.01 1.4325217942909678
0.01 1.320762777078155
0.010000000008807915 1.2217628852369722
0.010014004789426387 1.1333161462594947
0.014387800139024281 1.0515156446010927
0.042627611181230984 0.9744148156646074
0.1021422837589299 0.901940275222633
0.21086075768468782 0.8349506017345149
0.40609749963559083 0.7748721180246272
0.6988245974760159 0.7236008930134403
1.026055898797372 0.6827465305043566
1.3091107895064307 0.653194569296012
1.5003172412721355 0.6353206600031779
1.5684625558073466 0.629332492302665
1.500317241272132 0.6353206600031767
1.3091107895064218 0.653194569296009
1.026055898797422 0.6827465305043513
0.6988245974761355 0.7236008930134319
0.40609749963565894 0.7748721180246151
0.2108607576848421 0.8349506017345001
0.10214228375903148 0.9019402752226153
0.042627611181304405 0.9744148156645887
0.014387800139018126 1.0515156446010725
0.010014004789426387 1.1333161462594785
0.010000000008807915 1.2217628852369573
0.01 1.320762777078145
0.01 1.432521794290958
0.01 1.5570724123306627
0.01 1.693891919195369
0.01 1.842494036227508
0.01 2.002492842963598
0.01 2.1735862217190443
0.01 2.3555376680447417
0.01 2.5481620100307434
0.01 2.751314272837005
0.01 2.964881101889927
0.01 3.18877405021701
0.01 3.4229244000873784
0.01 3.6672790965715976
0.01 3.9217976397606216
0.01 4.18644966164536
0.01 4.461213152864611
0.01 4.746073093564457
0.01 5.041020723332637
0.01 5.115943654300733
0.01 4.820992092983941
0.01 4.536121478743721
0.01 4.2613396873832485
0.01 3.996660196872158
0.01 3.742102699856176
0.01 3.4976942573148544
0.01 3.2634707879726226
0.01 3.0394790624507952
0.01 2.8257792423345514
0.01 2.6224481102185084
0.01 2.4295831077416046
0.01 2.247307360315232
0.01 2.0757758483783246
0.01 1.9151828957810832
0.01 1.7657710120078616
0.01 1.6278408578612626
0.01 1.5017603779815842
0.01 1.3879535839919266
0.01 1.2867173806068237
0.01000000190307226 1.1973514980229991
0.010092872448904524 1.1171825320837134
0.016184945954064424 1.0431921755696454
0.042627611181270994 0.9744148156646041
0.09582788307312577 0.9111810260929343
0.18480943230514182 0.8545182456877818
0.31929948939327785 0.8056788448336133
0.49987396304841913 0.7659826241153798
0.7004937303604374 0.7366163022705398
0.8669258388135819 0.7184650325443889
0.9328172296811679 0.7123011610885136
0.866925838813574 0.718465032544388
0.7004937303604647 0.7366163022705379
0.49987396304840503 0.7659826241153759
0.31929948939328534 0.8056788448336063
0.18480943230515326 0.854518245687772
0.09582788307321546 0.9111810260929197
0.04262761118132199 0.974414815664587
0.016184945954060028 1.0431921755696274
0.010092872448903644 1.1171825320836952
0.01000000190307226 1.1973514980229807
0.01 1.2867173806068108
0.01 1.3879535839919175
0.01 1.5017603779815771
0.01 1.6278408578612567
0.01 1.7657710120078562
0.01 1.9151828957810788
0.01 2.075775848378322
0.01 2.2473073603152307
0.01 2.4295831077416024
0.01 2.622448110218506
0.01 2.8257792423345496
0.01 3.0394790624507935
0.01 3.2634707879726204
0.01 3.497694257314852
0.01 3.7421026998561757
0.01 3.9966601968721562
0.01 4.261339687383247
0.01 4.53612147874372
0.01 4.820992092983938
0.01 5.1159436543007315
0.01 5.200862487328481
0.01 4.905906847982013
0.01 4.621025181263684
0.01 4.346224467176196
0.01 4.081516630901457
0.01 3.826919031712571
0.01 3.5824554209342128
0.01 3.348157141735647
0.01 3.124064734315412
0.01 2.9102299134162273
0.01 2.706718048016762
0.01 2.513611122823574
0.01 2.331011295285535
0.01 2.159044950256385
0.01 1.9978672393527883
0.01 1.8476666757603215
0.01 1.7086692327296855
0.01 1.5811403450842885
0.01 1.4653795895232227
0.01 1.361669088203782
0.01000000000000088 1.2699987417750531
0.010000009965431041 1.1893005381986865
0.010092872448904524 1.11718253208371
0.014387800139024281 1.0515156446010865
0.03395261082749271 0.9918580624367223
0.07429581695916962 0.9387070507987092
0.13293476266964796 0.8929734391251501
0.21205598102181272 0.8556118181803753
0.31523155310356044 0.8274802208246403
0.41252685138579986 0.8097096753002516
0.45318303533463 0.8035955073700635
0.41252685138580164 0.8097096753002511
0.31523155310353845 0.8274802208246377
0.2120559810217727 0.8556118181803722
0.1329347626696427 0.8929734391251444
0.07429581695916258 0.9387070507987014
0.03395261082751821 0.9918580624367103
0.01438780013901373 1.0515156446010698
0.010092872448903644 1.117182532083694
0.010000009965431041 1.18930053819867
0.01000000000000088 1.2699987417750407
0.01 1.3616690882037719
0.01 1.4653795895232151
0.01 1.5811403450842803
0.01 1.708669232729679
0.01 1.8476666757603157
0.01 1.997867239352785
0.01 2.1590449502563813
0.01 2.331011295285535
0.01 2.5136111228235727
0.01 2.7067180480167603
0.01 2.910229913416226
0.01 3.12406473431541
0.01 3.348157141735644
0.01 3.582455420934211
0.01 3.8269190317125688
0.01 4.081516630901454
0.01 4.346224467176196
0.01 4.621025181263682
0.01 4.905906847982015
0.01 5.200862487328484
0.01 5.295778926425957
0.01 5.000819161282836
0.01 4.715926331817245
0.01 4.441106540372218
0.01 4.176370189874924
0.01 3.921732366179301
0.01 3.677213603861123
0.01 3.4428408333233116
0.01 3.218648616622842
0.01 3.00468064286566
0.01 2.8009915275661155
0.01 2.6076488824443986
0.01 2.424735629233232
0.01 2.252352417283442
0.01 2.090619913407144
0.01 1.9396804778487338
0.01 1.7996984143284274
0.01 1.6708573739056833
0.01 1.5533522121119934
0.01 1.4473664774457322
0.01 1.3529953287306804
0.01000000000000088 1.2699987417750516
0.01000000190307226 1.1973514980229938
0.010014004789426387 1.1333161462594883
0.011115974821980009 1.0764325385922344
0.018906629315713932 1.0264135001038344
0.03793948712336223 0.9836918668918976
0.07215455781355133 0.9487470239679584
0.11602213254646493 0.9223268456585993
0.14986358502333566 0.9056566668518337
0.16181521296248041 0.8999433678041806
0.14986358502330885 0.9056566668518333
0.11602213254638272 0.9223268456585985
0.07215455781355397 0.9487470239679567
0.03793948712336574 0.983691866891893
0.01890662931571745 1.0264135001038281
0.01111597482197825 1.0764325385922249
0.010014004789426387 1.1333161462594772
0.01000000190307226 1.197351498022979
0.01000000000000088 1.2699987417750391
0.01 1.3529953287306713
0.01 1.447366477445723
0.01 1.5533522121119863
0.01 1.6708573739056787
0.01 1.7996984143284218
0.01 1.93968047784873
0.01 2.0906199134071413
0.01 2.2523524172834404
0.01 2.424735629233229
0.01 2.607648882444398
0.01 2.800991527566114
0.01 3.004680642865658
0.01 3.2186486166228403
0.01 3.4428408333233094
0.01 3.6772136038611203
0.01 3.921732366179299
0.01 4.176370189874922
0.01 4.441106540372215
0.01 4.715926331817243
0.01 5.000819161282832
0.01 5.295778926425952
0.01 5.4006945864254
0.01 5.10573073741463
0.01 4.820826880017508
0.01 4.545988277512942
0.01 4.281223882488465
0.01 4.0265466225353075
0.01 3.7819739974280684
0.01 3.547528800307721
0.01 3.3232400379618503
0.01 3.109144011355879
0.01 2.9052855581320562
0.01 2.7117193999428806
0.01 2.5285115082833998
0.01 2.3557403166748876
0.01 2.1934974874569346
0.01 2.041887755354281
0.01 1.901027080889851
0.01 1.7710379500038462
0.01 1.65204004703212
0.01 1.544133352364158
0.01 1.4473664774457315
0.01 1.36166908820378
0.01 1.286717380606819
0.010000000008807915 1.2217628852369642
0.010000107388251892 1.1657474121257079
0.010026100767459028 1.1177678794110166
0.01053942427254683 1.077317502277226
0.012805129448577328 1.0444656232165692
0.016069070040467818 1.0198917342062173
0.01774112529765956 1.0046035432435858
0.018039526700094843 0.9994148961074192
0.0177411252976622 1.0046035432435858
0.016069070040467818 1.0198917342062168
0.012805129448580845 1.0444656232165672
0.01053942427254595 1.0773175022772223
0.010026100767459028 1.1177678794110113
0.010000107388251892 1.1657474121257012
0.010000000008807915 1.2217628852369542
0.01 1.28671738060681
0.01 1.3616690882037716
0.01 1.4473664774457236
0.01 1.5441333523641518
0.01 1.6520400470321162
0.01 1.7710379500038418
0.01 1.9010270808898468
0.01 2.0418877553542782
0.01 2.1934974874569324
0.01 2.3557403166748854
0.01 2.528511508283398
0.01 2.71171939994288
0.01 2.9052855581320554
0.01 3.109144011355877
0.01 3.32324003796185
0.01 3.54752880030772
0.01 3.781973997428067
0.01 4.026546622535306
0.01 4.2812238824884625
0.01 4.545988277512938
0.01 4.820826880017504
0.01 5.105730737414624
0.01 5.400694586425396
0.01 5.515610944200359
0.01 5.22064313140346
0.01 4.935728592101339
0.01 4.660871806675861
0.01 4.396080378882321
0.01 4.141365238194511
0.01 3.896741093294595
0.01 3.6622269607809064
0.01 3.437846825551621
0.01 3.223630382994355
0.01 3.019613846626678
0.01 2.8258407463787494
0.01 2.642362616309873
0.01 2.469239392223926
0.01 2.30653924757869
0.01 2.154337455011125
0.01 2.0127136758610926
0.01 1.8817468524980177
0.01 1.761506628940824
0.01 1.6520400470321195
0.01 1.553352212111992
0.01 1.4653795895232198
0.01 1.387953583991922
0.01 1.3207627770781474
0.01000000000000088 1.2633474073263824
0.010000000006253559 1.2150927412156738
0.010000003859467706 1.1753477589945283
0.010000170616383742 1.143817044498346
0.010001195288854974 1.120735110897727
0.010002789215980381 1.1066096002384096
0.010003524180041433 1.1018535430442824
0.010002789215980381 1.1066096002384092
0.010001195288854974 1.1207351108977264
0.010000170616383742 1.143817044498344
0.010000003859467706 1.175347758994527
0.010000000006253559 1.2150927412156702
0.01000000000000088 1.2633474073263793
0.01 1.3207627770781427
0.01 1.3879535839919164
0.01 1.465379589523214
0.01 1.5533522121119856
0.01 1.6520400470321162
0.01 1.7615066289408194
0.01 1.8817468524980148
0.01 2.012713675861089
0.01 2.1543374550111225
0.01 2.306539247578688
0.01 2.4692393922239244
0.01 2.6423626163098723
0.01 2.8258407463787476
0.01 3.019613846626677
0.01 3.2236303829943536
0.01 3.437846825551619
0.01 3.6622269607809064
0.01 3.8967410932945934
0.01 4.141365238194509
0.01 4.396080378882317
0.01 4.660871806675856
0.01 4.935728592101333
0.01 5.220643131403449
0.01 5.51561094420035
0.01 5.640529301659056
0.01 5.345557709539453
0.01 5.060633006940442
0.01 4.785758959862847
0.01 4.520941945039335
0.01 4.266191083996846
0.01 4.021518577230415
0.01 3.7869400764741656
0.01 3.562475138041455
0.01 3.348147703113654
0.01 3.1439865806038005
0.01 2.950025854209649
0.01 2.766305116465713
0.01 2.5928693680025354
0.01 2.4297683591276464
0.01 2.2770550564451466
0.01 2.134782820346785
0.01 2.0030007802543084
0.01 1.881746852498017
0.01 1.7710379500038451
0.01 1.6708573739056813
0.01 1.5811403450842851
0.01 1.5017603779815791
0.01 1.4325217942909616
0.01 1.3731597101993387
0.01 1.3233384776727253
0.01 1.282705436597947
0.01 1.2510342073922998
0.010000000000010553 1.2282973547205653
0.01000000000008617 1.2145892087231323
0.010000000000165307 1.210007481107944
0.01000000000008617 1.2145892087231325
0.010000000000010553 1.2282973547205633
0.01 1.2510342073922978
0.01 1.2827054365979453
0.01 1.323338477672722
0.01 1.3731597101993347
0.01 1.4325217942909574
0.01 1.5017603779815758
0.01 1.58114034508428
0.01 1.6708573739056782
0.01 1.7710379500038418
0.01 1.8817468524980145
0.01 2.0030007802543066
0.01 2.134782820346784
0.01 2.2770550564451435
0.01 2.429768359127645
0.01 2.5928693680025336
0.01 2.7663051164657113
0.01 2.9500258542096476
0.01 3.1439865806038
0.01 3.348147703113653
0.01 3.5624751380414534
0.01 3.7869400764741648
0.01 4.021518577230413
0.01 4.266191083996843
0.01 4.520941945039331
0.01 4.785758959862843
0.01 5.060633006940439
0.01 5.345557709539442
0.01 5.640529301659045
0.01 5.775450761759994
0.01 5.4804756244793325
0.01 5.195541409018796
0.01 4.920651242649678
0.01 4.65581040848092
0.01 4.40102642588152
0.01 4.1563092887319115
0.01 3.9216717153411094
0.01 3.6971294431254416
0.01 3.4827015152248393
0.01 3.2784105327988784
0.01 3.0842828006239262
0.01 2.9003482820365774
0.01 2.7266402312050433
0.01 2.563194334753249
0.01 2.410047140118976
0.01 2.2672335098053313
0.01 2.134782820346785
0.01 2.0127136758610917
0.01 1.90102708088985
0.01 1.7996984143284251
0.01 1.7086692327296824
0.01 1.6278408578612593
0.01 1.5570724123306663
0.01 1.4961846768729956
0.01 1.4449717703712996
0.01 1.4032339558438502
0.01 1.3708278353559702
0.01 1.347687317238925
0.01 1.3337994095540746
0.01 1.3291690277421413
0.01 1.3337994095540748
0.01 1.3476873172389239
0.01 1.37082783535597
0.01 1.4032339558438494
0.01 1.4449717703712976
0.01 1.496184676872993
0.01 1.5570724123306627
0.01 1.6278408578612564
0.01 1.7086692327296786
0.01 1.7996984143284214
0.01 1.9010270808898468
0.01 2.0127136758610886
0.01 2.134782820346784
0.01 2.267233509805329
0.01 2.410047140118974
0.01 2.563194334753248
0.01 2.7266402312050424
0.01 2.9003482820365774
0.01 3.0842828006239253
0.01 3.278410532798878
0.01 3.482701515224838
0.01 3.6971294431254407
0.01 3.921671715341108
0.01 4.15630928873191
0.01 4.4010264258815175
0.01 4.655810408480916
0.01 4.920651242649673
0.01 5.195541409018791
0.01 5.480475624479323
0.01 5.775450761759983
0.01 5.920376217265728
0.01 5.625397804123411
0.01 5.3404548179038365
0.01 5.065549825401885
0.01 4.800687153202798
0.01 4.545872927704712
0.01 4.301115238764599
0.01 4.066424297362931
0.01 3.8418126135160033
0.01 3.6272951461072607
0.01 3.4228894005041104
0.01 3.2286154120580437
0.01 3.044495548486022
0.01 2.8705540305937878
0.01 2.706816053468349
0.01 2.5533063632118487
0.01 2.4100471401189756
0.01 2.2770550564451457
0.01 2.1543374550111243
0.01 2.0418877553542796
0.01 1.9396804778487315
0.01 1.8476666757603186
0.01 1.7657710120078582
0.01 1.6938919191953712
0.01 1.6319061972693554
0.01 1.5796794664269331
0.01 1.5370848813497413
0.01 1.504024246080402
0.01 1.4804369193090214
0.01 1.4662926575343047
0.01 1.461578993035855
0.01 1.4662926575343047
0.01 1.4804369193090205
0.01 1.504024246080401
0.01 1.53708488134974
0.01 1.579679466426931
0.01 1.6319061972693534
0.01 1.693891919195368
0.01 1.7657710120078558
0.01 1.8476666757603155
0.01 1.9396804778487295
0.01 2.0418877553542782
0.01 2.1543374550111225
0.01 2.2770550564451435
0.01 2.410047140118974
0.01 2.553306363211848
0.01 2.706816053468348
0.01 2.8705540305937864
0.01 3.0444955484860206
0.01 3.2286154120580433
0.01 3.42288940050411
0.01 3.6272951461072602
0.01 3.841812613516001
0.01 4.06642429736293
0.01 4.301115238764597
0.01 4.5458729277047105
0.01 4.800687153202794
0.01 5.065549825401882
0.01 5.340454817903832
0.01 5.625397804123403
0.01 5.920376217265719
0.01 6.075306351177754
0.01 5.7803249529919265
0.01 5.495373992517051
0.01 5.220455553208341
0.01 4.9555731394529206
0.01 4.700731687592423
0.01 4.4559376733858995
0.01 4.221199202743364
0.01 3.996526107228831
0.01 3.781930002133139
0.01 3.577424287066557
0.01 3.3830240389831507
0.01 3.1987457473713925
0.01 3.0246068191499678
0.01 2.860624775589016
0.01 2.706816053468349
0.01 2.563194334753249
0.01 2.4297683591276464
0.01 2.306539247578689
0.01 2.193497487456934
0.01 2.090619913407143
0.01 1.9978672393527859
0.01 1.9151828957810806
0.01 1.842494036227509
0.01 1.7797154024215744
0.01 1.7267566805623435
0.01 1.6835328475342282
0.01 1.649974447352931
0.01 1.6260326418472046
0.01 1.6116776660574843
0.01 1.6068942221086155
0.01 1.6116776660574843
0.01 1.6260326418472046
0.01 1.649974447352931
0.01 1.6835328475342264
0.01 1.7267566805623418
0.01 1.7797154024215731
0.01 1.8424940362275073
0.01 1.9151828957810786
0.01 1.9978672393527848
0.01 2.0906199134071413
0.01 2.1934974874569324
0.01 2.306539247578688
0.01 2.429768359127645
0.01 2.5631943347532484
0.01 2.706816053468348
0.01 2.8606247755890153
0.01 3.024606819149967
0.01 3.1987457473713925
0.01 3.3830240389831494
0.01 3.5774242870665556
0.01 3.7819300021331377
0.01 3.9965261072288296
0.01 4.221199202743363
0.01 4.455937673385896
0.01 4.700731687592419
0.01 4.955573139452918
0.01 5.220455553208337
0.01 5.495373992517045
0.01 5.78032495299192
0.01 6.075306351177749
0.01 6.240241646934639
0.01 5.945257563976035
0.01 5.660299447423054
0.01 5.38536897057292
0.01 5.120468942334461
0.01 4.8656032986090025
0.01 4.620777168821008
0.01 4.3859969200733
0.01 4.161270197155287
0.01 3.946605922780068
0.01 3.7420142427074365
0.01 3.5475063768395656
0.01 3.3630943406043805
0.01 3.1887904866940127
0.01 3.0246068191499673
0.01 2.8705540305937873
0.01 2.7266402312050433
0.01 2.592869368002535
0.01 2.4692393922239253
0.01 2.355740316674887
0.01 2.2523524172834417
0.01 2.1590449502563827
0.01 2.075775848378322
0.01 2.002492842963599
0.01 1.9391363985971017
0.01 1.885644419591148
0.01 1.8419582768051446
0.01 1.8080283595995617
0.01 1.7838172157286312
0.01 1.769299821728299
0.01 1.7644621794768007
0.01 1.769299821728299
0.01 1.783817215728631
0.01 1.808028359599561
0.01 1.841958276805144
0.01 1.8856444195911464
0.01 1.9391363985971002
0.01 2.0024928429635978
0.01 2.0757758483783215
0.01 2.159044950256381
0.01 2.2523524172834404
0.01 2.355740316674886
0.01 2.4692393922239244
0.01 2.5928693680025336
0.01 2.7266402312050424
0.01 2.8705540305937864
0.01 3.024606819149967
0.01 3.188790486694013
0.01 3.3630943406043805
0.01 3.5475063768395656
0.01 3.7420142427074357
0.01 3.946605922780067
0.01 4.161270197155285
0.01 4.385996920073298
0.01 4.6207771688210055
0.01 4.865603298609001
0.01 5.120468942334456
0.01 5.385368970572914
0.01 5.660299447423048
0.01 5.945257563976031
0.01 6.240241646934634
0.01 6.415182406323621
0.01 6.120195938188554
0.01 5.835231478196588
0.01 5.560290356764374
0.01 5.2953748031948615
0.01 5.040487924770612
0.01 4.795633744481228
0.01 4.5608172143139045
0.01 4.336044219941183
0.01 4.121321547534965
0.01 3.9166568017810137
0.01 3.722058245857481
0.01 3.5375345392791067
0.01 3.3630943406043805
0.01 3.198745747371393
0.01 3.044495548486021
0.01 2.9003482820365774
0.01 2.766305116465712
0.01 2.6423626163098723
0.01 2.5285115082833993
0.01 2.4247356292332305
0.01 2.3310112952855344
0.01 2.247307360315231
0.01 2.1735862217190443
0.01 2.109805869783148
0.01 2.055922963157864
0.01 2.01189636632989
0.01 1.9776904211574073
0.01 1.9532770982248944
0.01 1.9386367434976126
0.01 1.9337578776958102
0.01 1.9386367434976122
0.01 1.9532770982248941
0.01 1.977690421157407
0.01 2.0118963663298897
0.01 2.0559229631578635
0.01 2.1098058697831474
0.01 2.173586221719044
0.01 2.2473073603152307
0.01 2.331011295285535
0.01 2.424735629233229
0.01 2.5285115082833975
0.01 2.6423626163098723
0.01 2.7663051164657113
0.01 2.9003482820365774
0.01 3.0444955484860206
0.01 3.1987457473713925
0.01 3.3630943406043805
0.01 3.537534539279106
0.01 3.7220582458574807
0.01 3.9166568017810133
0.01 4.121321547534964
0.01 4.33604421994118
0.01 4.560817214313904
0.01 4.795633744481226
0.01 5.040487924770608
0.01 5.295374803194858
0.01 5.5602903567643684
0.01 5.835231478196585
0.01 6.120195938188547
0.01 6.415182406323616
0.01 6.600128772674753
0.01 6.305140210265593
0.01 6.020170192623257
0.01 5.745219767506188
0.01 5.480290687815094
0.01 5.225385383914769
0.01 4.9805069818709145
0.01 4.745659297520418
0.01 4.520846820353468
0.01 4.306074663626622
0.01 4.101348473535565
0.01 3.9066742760296553
0.01 3.7220582458574807
0.01 3.5475063768395656
0.01 3.3830240389831507
0.01 3.2286154120580437
0.01 3.084282800623926
0.01 2.9500258542096485
0.01 2.8258407463787485
0.01 2.7117193999428797
0.01 2.607648882444399
0.01 2.5136111228235727
0.01 2.4295831077416032
0.01 2.355537668044743
0.01 2.291444924364009
0.01 2.237274227345806
0.01 2.192996402208399
0.01 2.1585857882466537
0.01 2.1340216996075405
0.01 2.119289203644437
0.01 2.114379360761256
0.01 2.119289203644437
0.01 2.1340216996075405
0.01 2.1585857882466537
0.01 2.192996402208398
0.01 2.2372742273458055
0.01 2.291444924364009
0.01 2.355537668044742
0.01 2.429583107741603
0.01 2.5136111228235722
0.01 2.607648882444398
0.01 2.71171939994288
0.01 2.8258407463787476
0.01 2.9500258542096476
0.01 3.084282800623925
0.01 3.2286154120580433
0.01 3.3830240389831494
0.01 3.5475063768395656
0.01 3.7220582458574807
0.01 3.906674276029655
0.01 4.101348473535564
0.01 4.30607466362662
0.01 4.520846820353467
0.01 4.745659297520416
0.01 4.980506981870912
0.01 5.225385383914765
0.01 5.48029068781509
0.01 5.745219767506184
0.01 6.020170192623254
0.01 6.30514021026559
0.01 6.600128772674748
0.01 6.795080757322991
0.01 6.500090376932938
0.01 6.215115545075774
0.01 5.940157079541846
0.01 5.67521634669958
0.01 5.420295230989059
0.01 5.175396140565703
0.01 4.940521990443494
0.01 4.7156761755535905
0.01 4.500862515019202
0.01 4.296085163397091
0.01 4.101348473535565
0.01 3.9166568017810133
0.01 3.742014242707436
0.01 3.577424287066556
0.01 3.42288940050411
0.01 3.2784105327988784
0.01 3.1439865806038005
0.01 3.0196138466266773
0.01 2.9052855581320554
0.01 2.8009915275661146
0.01 2.7067180480167603
0.01 2.622448110218507
0.01 2.548162010030743
0.01 2.4838383227216996
0.01 2.4294552140947245
0.01 2.384991841295845
0.01 2.350429682378499
0.01 2.325753585766234
0.01 2.310952432563641
0.01 2.306019468579962
0.01 2.310952432563641
0.01 2.325753585766234
0.01 2.3504296823784987
0.01 2.384991841295845
0.01 2.4294552140947245
0.01 2.483838322721699
0.01 2.5481620100307434
0.01 2.622448110218506
0.01 2.70671804801676
0.01 2.800991527566114
0.01 2.9052855581320554
0.01 3.0196138466266764
0.01 3.1439865806038
0.01 3.278410532798878
0.01 3.4228894005041095
0.01 3.5774242870665556
0.01 3.7420142427074357
0.01 3.9166568017810133
0.01 4.101348473535564
0.01 4.29608516339709
0.01 4.500862515019201
0.01 4.71567617555359
0.01 4.940521990443493
0.01 5.1753961405657005
0.01 5.420295230989057
0.01 5.675216346699577
0.01 5.940157079541842
0.01 6.21511554507577
0.01 6.500090376932933
0.01 6.795080757322984
0.01 7.00003826719479
0.01 6.705046326555343
0.01 6.420067371423711
0.01 6.145102034819903
0.01 5.880151373334212
0.01 5.625216836447629
0.01 5.380300264517056
0.01 5.145403866633523
0.01 4.920530189396284
0.01 4.7056820619251996
0.01 4.500862515019201
0.01 4.306074663626622
0.01 4.121321547534965
0.01 3.946605922780068
0.01 3.7819300021331377
0.01 3.6272951461072607
0.01 3.482701515224839
0.01 3.348147703113653
0.01 3.2236303829943544
0.01 3.1091440113558773
0.01 3.0046806428656585
0.01 2.910229913416227
0.01 2.825779242334551
0.01 2.7513142728370057
0.01 2.686819563375253
0.01 2.632279430241117
0.01 2.587678902273486
0.01 2.5530046094794727
0.01 2.528245506792145
0.01 2.5133933977197933
0.01 2.5084432581480636
0.01 2.5133933977197933
0.01 2.528245506792145
0.01 2.5530046094794727
0.01 2.5876789022734856
0.01 2.6322794302411165
0.01 2.686819563375252
0.01 2.7513142728370052
0.01 2.8257792423345496
0.01 2.9102299134162255
0.01 3.004680642865658
0.01 3.109144011355877
0.01 3.2236303829943536
0.01 3.348147703113653
0.01 3.482701515224838
0.01 3.6272951461072602
0.01 3.7819300021331377
0.01 3.9466059227800665
0.01 4.121321547534964
0.01 4.30607466362662
0.01 4.5008625150192
0.01 4.705682061925199
0.01 4.920530189396283
0.01 5.145403866633523
0.01 5.380300264517055
0.01 5.625216836447628
0.01 5.88015137333421
0.01 6.1451020348198995
0.01 6.4200673714237055
0.01 6.705046326555339
0.01 7.0000382671947845
0.01 7.215001132209216
0.01 6.920007868281995
0.01 6.635025422890445
0.01 6.360054282402327
0.01 6.095095258099237
0.01 5.840149456974671
0.01 5.595218275455748
0.01 5.360303375618771
0.01 5.135406653690075
0.01 4.920530189396283
0.01 4.7156761755535905
0.01 4.520846820353467
0.01 4.336044219941183
0.01 4.161270197155286
0.01 3.9965261072288305
0.01 3.841812613516003
0.01 3.697129443125441
0.01 3.562475138041454
0.01 3.4378468255516195
0.01 3.32324003796185
0.01 3.2186486166228407
0.01 3.1240647343154113
0.01 3.039479062450794
0.01 2.964881101889927
0.01 2.9002596482873915
0.01 2.8456033897363215
0.01 2.8009015238042294
0.01 2.766144364905169
0.01 2.7413238720830853
0.01 2.7264340448196385
0.01 2.7214711851812887
0.01 2.726434044819638
0.01 2.7413238720830853
0.01 2.7661443649051685
0.01 2.800901523804229
0.01 2.845603389736321
0.01 2.9002596482873915
0.01 2.9648811018899264
0.01 3.039479062450793
0.01 3.1240647343154104
0.01 3.2186486166228403
0.01 3.3232400379618494
0.01 3.437846825551619
0.01 3.5624751380414534
0.01 3.697129443125441
0.01 3.841812613516002
0.01 3.996526107228829
0.01 4.161270197155285
0.01 4.33604421994118
0.01 4.520846820353467
0.01 4.71567617555359
0.01 4.920530189396283
0.01 5.135406653690073
0.01 5.36030337561877
0.01 5.5952182754557445
0.01 5.840149456974669
0.01 6.095095258099235
0.01 6.360054282402324
0.01 6.635025422890442
0.01 6.92000786828199
0.01 7.21500113220921
0.01 7.439969130945628
0.01 7.144974759185794
0.01 6.859989397126248
0.01 6.585013416173166
0.01 6.3200474356999665
0.01 6.065092296220269
0.01 5.820149051081212
0.01 5.585218943216576
0.01 5.360303375618772
0.01 5.145403866633522
0.01 4.940521990443494
0.01 4.745659297520418
0.01 4.560817214313904
0.01 4.3859969200733
0.01 4.221199202743363
0.01 4.06642429736293
0.01 3.9216717153411094
0.01 3.7869400764741656
0.01 3.6622269607809064
0.01 3.5475288003077203
0.01 3.4428408333233107
0.01 3.348157141735645
0.01 3.2634707879726217
0.01 3.1887740502170105
0.01 3.1240587620339
0.01 3.0693167015382183
0.01 3.02454003495577
0.01 2.9897217365276174
0.01 2.9648559521545277
0.01 2.9499382932465283
0.01 2.9449660461444727
0.01 2.9499382932465283
0.01 2.9648559521545272
0.01 2.9897217365276174
0.01 3.0245400349557694
0.01 3.0693167015382183
0.01 3.1240587620338993
0.01 3.18877405021701
0.01 3.263470787972621
0.01 3.348157141735644
0.01 3.4428408333233094
0.01 3.54752880030772
0.01 3.662226960780906
0.01 3.7869400764741648
0.01 3.921671715341108
0.01 4.06642429736293
0.01 4.221199202743363
0.01 4.385996920073299
0.01 4.560817214313904
0.01 4.745659297520416
0.01 4.940521990443493
0.01 5.145403866633523
0.01 5.36030337561877
0.01 5.585218943216575
0.01 5.82014905108121
0.01 6.065092296220266
0.01 6.320047435699964
0.01 6.5850134161731635
0.01 6.859989397126245
0.01 7.144974759185784
0.01 7.439969130945619
0.01 7.6749420142299565
0.01 7.379946729051992
0.01 7.094958966175215
0.01 6.819979008095526
0.01 6.555007326026827
0.01 6.300044555806607
0.01 6.055091488946394
0.01 5.82014905108121
0.01 5.595218275455747
0.01 5.380300264517055
0.01 5.175396140565701
0.01 4.980506981870914
0.01 4.7956337444812265
0.01 4.620777168821006
0.01 4.455937673385898
0.01 4.301115238764599
0.01 4.156309288731911
0.01 4.021518577230414
0.01 3.896741093294594
0.01 3.7819739974280675
0.01 3.6772136038611216
0.01 3.582455420934212
0.01 3.4976942573148535
0.01 3.422924400087379
0.01 3.3581398447233215
0.01 3.3033345848898947
0.01 3.258502903897123
0.01 3.2236396692956935
0.01 3.1987406016237236
0.01 3.1838024893438406
0.01 3.178823343117023
0.01 3.1838024893438406
0.01 3.198740601623723
0.01 3.223639669295693
0.01 3.2585029038971225
0.01 3.3033345848898947
0.01 3.358139844723321
0.01 3.4229244000873784
0.01 3.497694257314852
0.01 3.582455420934211
0.01 3.6772136038611207
0.01 3.781973997428067
0.01 3.8967410932945934
0.01 4.021518577230413
0.01 4.15630928873191
0.01 4.301115238764598
0.01 4.455937673385896
0.01 4.6207771688210055
0.01 4.7956337444812265
0.01 4.980506981870912
0.01 5.1753961405657005
0.01 5.380300264517055
0.01 5.5952182754557445
0.01 5.82014905108121
0.01 6.05509148894639
0.01 6.300044555806605
0.01 6.555007326026823
0.01 6.8199790080955225
0.01 7.094958966175207
0.01 7.3799467290519845
0.01 7.6749420142299485
0.01 7.919919525491711
0.01 7.624923501662878
0.01 7.3399338001840535
0.01 7.064950635893178
0.01 6.799974367426722
0.01 6.545005475840701
0.01 6.300044555806606
0.01 6.065092296220267
0.01 5.84014945697467
0.01 5.625216836447629
0.01 5.4202952309890575
0.01 5.225385383914766
0.01 5.040487924770609
0.01 4.865603298609002
0.01 4.7007316875924205
0.01 4.545872927704711
0.01 4.40102642588152
0.01 4.266191083996846
0.01 4.14136523819451
0.01 4.0265466225353075
0.01 3.9217323661793007
0.01 3.8269190317125696
0.01 3.742102699856176
0.01 3.6672790965715985
0.01 3.6024437674678267
0.01 3.547592268480219
0.01 3.502720385534096
0.01 3.467824343435942
0.01 3.442900991551782
0.01 3.427947961157375
0.01 3.4229637835126963
0.01 3.427947961157375
0.01 3.4429009915517814
0.01 3.467824343435942
0.01 3.5027203855340954
0.01 3.5475922684802184
0.01 3.6024437674678254
0.01 3.667279096571598
0.01 3.7421026998561757
0.01 3.826919031712569
0.01 3.9217323661792993
0.01 4.026546622535307
0.01 4.141365238194509
0.01 4.266191083996844
0.01 4.4010264258815175
0.01 4.5458729277047105
0.01 4.70073168759242
0.01 4.865603298609001
0.01 5.040487924770608
0.01 5.225385383914765
0.01 5.420295230989057
0.01 5.625216836447628
0.01 5.840149456974668
0.01 6.065092296220266
0.01 6.300044555806605
0.01 6.545005475840697
0.01 6.799974367426718
0.01 7.064950635893172
0.01 7.339933800184048
0.01 7.6249235016628685
0.01 7.9199195254917
0.01 8.174901418632611
0.01 7.879904813377663
0.01 7.594913587815652
0.01 7.319927906422039
0.01 7.054948044134434
0.01 6.799974367426721
0.01 6.555007326026825
0.01 6.320047435699966
0.01 6.095095258099237
0.01 5.88015137333421
0.01 5.675216346699578
0.01 5.480290687815092
0.01 5.295374803194859
0.01 5.120468942334458
0.01 4.95557313945292
0.01 4.800687153202796
0.01 4.655810408480917
0.01 4.5209419450393336
0.01 4.39608037888232
0.01 4.281223882488463
0.01 4.176370189874923
0.01 4.081516630901456
0.01 3.996660196872158
0.01 3.9217976397606233
0.01 3.8569255927643216
0.01 3.8020407202929816
0.01 3.7571398654465327
0.01 3.7222202011587435
0.01 3.697279371252837
0.01 3.682315606143584
0.01 3.6773278084052476
0.01 3.6823156061435838
0.01 3.6972793712528373
0.01 3.7222202011587435
0.01 3.757139865446532
0.01 3.8020407202929816
0.01 3.856925592764321
0.01 3.921797639760622
0.01 3.9966601968721567
0.01 4.081516630901455
0.01 4.176370189874922
0.01 4.2812238824884625
0.01 4.396080378882317
0.01 4.520941945039331
0.01 4.655810408480916
0.01 4.8006871532027935
0.01 4.955573139452917
0.01 5.1204689423344565
0.01 5.295374803194859
0.01 5.480290687815089
0.01 5.675216346699577
0.01 5.8801513733342095
0.01 6.095095258099235
0.01 6.320047435699963
0.01 6.555007326026824
0.01 6.799974367426718
0.01 7.054948044134431
0.01 7.319927906422035
0.01 7.594913587815647
0.01 7.879904813377655
0.01 8.174901418632603
0.01 8.439887471905994
0.01 8.144890427499965
0.01 7.859898051854318
0.01 7.584910473227608
0.01 7.319927906422039
0.01 7.064950635893175
0.01 6.819979008095525
0.01 6.585013416173163
0.01 6.360054282402325
0.01 6.1451020348198995
0.01 5.9401570795418435
0.01 5.745219767506186
0.01 5.56029035676437
0.01 5.385368970572917
0.01 5.22045555320834
0.01 5.065549825401883
0.01 4.920651242649676
0.01 4.785758959862846
0.01 4.66087180667586
0.01 4.545988277512942
0.01 4.441106540372217
0.01 4.346224467176196
0.01 4.261339687383248
0.01 4.186449661645361
0.01 4.121551778695679
0.01 4.066643457997276
0.01 4.021722267947729
0.01 3.986786038279621
0.01 3.9618329609254315
0.01 3.946861677157165
0.01 3.9418713443818323
0.01 3.9468616771571647
0.01 3.961832960925431
0.01 3.986786038279621
0.01 4.021722267947728
0.01 4.066643457997275
0.01 4.121551778695679
0.01 4.18644966164536
0.01 4.261339687383248
0.01 4.346224467176196
0.01 4.441106540372216
0.01 4.545988277512939
0.01 4.660871806675857
0.01 4.785758959862842
0.01 4.920651242649673
0.01 5.065549825401882
0.01 5.220455553208336
0.01 5.385368970572913
0.01 5.5602903567643684
0.01 5.745219767506184
0.01 5.940157079541842
0.01 6.1451020348198995
0.01 6.360054282402323
0.01 6.585013416173162
0.01 6.819979008095523
0.01 7.064950635893173
0.01 7.319927906422035
0.01 7.584910473227603
0.01 7.859898051854312
0.01 8.144890427499952
0.01 8.43988747190598
0.01 8.714877500421292
0.01 8.419880147161633
0.01 8.13488696303981
0.01 7.859898051854317
0.01 7.59491358781565
0.01 7.33993380018405
0.01 7.094958966175211
0.01 6.859989397126243
0.01 6.6350254228904415
0.01 6.420067371423706
0.01 6.21511554507577
0.01 6.020170192623256
0.01 5.835231478196586
0.01 5.660299447423051
0.01 5.495373992517048
0.01 5.340454817903834
0.01 5.1955414090187935
0.01 5.060633006940441
0.01 4.935728592101336
0.01 4.820826880017507
0.01 4.715926331817245
0.01 4.621025181263684
0.01 4.5361214787437225
0.01 4.461213152864612
0.01 4.396298083092748
0.01 4.341374186858657
0.01 4.296439505878419
0.01 4.2614922941832365
0.01 4.236531100077547
0.01 4.221554834434865
0.01 4.21656282213519
0.01 4.221554834434864
0.01 4.2365311000775465
0.01 4.261492294183236
0.01 4.296439505878418
0.01 4.341374186858655
0.01 4.396298083092747
0.01 4.4612131528646115
0.01 4.536121478743722
0.01 4.621025181263682
0.01 4.7159263318172435
0.01 4.8208268800175045
0.01 4.935728592101333
0.01 5.060633006940439
0.01 5.19554140901879
0.01 5.340454817903832
0.01 5.495373992517046
0.01 5.660299447423046
0.01 5.835231478196582
0.01 6.020170192623254
0.01 6.215115545075769
0.01 6.4200673714237055
0.01 6.63502542289044
0.01 6.859989397126245
0.01 7.0949589661752075
0.01 7.33993380018405
0.01 7.594913587815648
0.01 7.859898051854313
0.01 8.13488696303981
0.01 8.419880147161631
0.01 8.714877500421288
0.01 8.999871362683987
0.01 8.704873822026146
0.01 8.41988014716163
0.01 8.144890427499961
0.01 7.879904813377659
0.01 7.624923501662871
0.01 7.379946729051988
0.01 7.144974759185789
0.01 6.920007868281989
0.01 6.705046326555336
0.01 6.500090376932934
0.01 6.305140210265592
0.01 6.120195938188552
0.01 5.945257563976033
0.01 5.780324952991924
0.01 5.6253978041234065
0.01 5.48047562447933
0.01 5.345557709539447
0.01 5.220643131403455
0.01 5.1057307374146275
0.01 5.000819161282838
0.01 4.905906847982019
0.01 4.820992092983939
0.01 4.746073093564458
0.01 4.681148014626579
0.01 4.626215055758483
0.01 4.581272529337395
0.01 4.5463189354428275
0.01 4.521353027521803
0.01 4.50637386994268
0.01 4.5013808828733515
0.01 4.5063738699426805
0.01 4.521353027521803
0.01 4.546318935442826
0.01 4.581272529337393
0.01 4.62621505575848
0.01 4.681148014626577
0.01 4.746073093564458
0.01 4.82099209298394
0.01 4.905906847982016
0.01 5.000819161282834
0.01 5.105730737414626
0.01 5.220643131403452
0.01 5.345557709539443
0.01 5.480475624479324
0.01 5.625397804123404
0.01 5.780324952991919
0.01 5.945257563976028
0.01 6.120195938188548
0.01 6.305140210265588
0.01 6.500090376932931
0.01 6.705046326555336
0.01 6.9200078682819886
0.01 7.1449747591857875
0.01 7.379946729051986
0.01 7.624923501662871
0.01 7.879904813377657
0.01 8.144890427499956
0.01 8.41988014716163
0.01 8.704873822026155
0.01 8.999871362683997
0.01 9.294868974613117
0.01 8.999871362683983
0.01 8.714877500421288
0.01 8.439887471905987
0.01 8.174901418632608
0.01 7.919919525491704
0.01 7.674942014229949
0.01 7.439969130945623
0.01 7.21500113220921
0.01 7.0000382671947845
0.01 6.795080757322986
0.01 6.600128772674751
0.01 6.415182406323619
0.01 6.240241646934637
0.01 6.075306351177753
0.01 5.920376217265724
0.01 5.7754507617599895
0.01 5.6405293016590505
0.01 5.515610944200355
0.01 5.4006945864253995
0.01 5.295778926425957
0.01 5.200862487328487
0.01 5.115943654300732
0.01 5.041020723332639
0.01 4.9760919621871444
0.01 4.921155674090748
0.01 4.876210269355308
0.01 4.8412543358267595
0.01 4.816286700558013
0.01 4.801306483517638
0.01 4.796313139399204
0.01 4.801306483517638
0.01 4.816286700558014
0.01 4.841254335826758
0.01 4.8762102693553055
0.01 4.921155674090746
0.01 4.976091962187142
0.01 5.041020723332639
0.01 5.115943654300732
0.01 5.200862487328483
0.01 5.295778926425954
0.01 5.4006945864253995
0.01 5.5156109442003505
0.01 5.640529301659045
0.01 5.775450761759983
0.01 5.920376217265719
0.01 6.075306351177747
0.01 6.240241646934633
0.01 6.4151824063236145
0.01 6.600128772674746
0.01 6.795080757322983
0.01 7.000038267194783
0.01 7.215001132209209
0.01 7.439969130945621
0.01 7.674942014229951
0.01 7.919919525491702
0.01 8.174901418632606
0.01 8.439887471905982
0.01 8.714877500421288
0.01 8.999871362683995
0.01 9.294868974613129
