0.001 9.149167622220892
0.001 8.854168301519756
0.001 8.569169947139674
0.001 8.294172590407406
0.001 8.029176282351948
0.001 7.774181090238364
0.001 7.529187095922101
0.001 7.294194392572346
0.001 7.069203080881114
0.001 6.854213264004455
0.001 6.6492250415301255
0.001 6.454238502194027
0.001 6.2692537155596115
0.001 6.094270722695542
0.001 5.929289526229648
0.001 5.774310080156297
0.001 5.629332280057801
0.001 5.494355954462204
0.001 5.369380858255412
0.001 5.254406669070641
0.001 5.14943298758501
0.001 5.05445934248633
0.001 4.969485200641221
0.001 4.89450998352741
0.001 4.82953308662871
0.001 4.774553905399825
0.001 4.729571860813884
0.001 4.694586430498208
0.001 4.669597174844825
0.001 4.654603760481161
0.001 4.649605979270709
0.001 4.654603760481161
0.001 4.669597174844825
0.001 4.694586430498209
0.001 4.729571860813884
0.001 4.774553905399825
0.001 4.829533086628711
0.001 4.894509983527413
0.001 4.969485200641224
0.001 5.054459342486334
0.001 5.149432987585014
0.001 5.254406669070643
0.001 5.369380858255414
0.001 5.494355954462203
0.001 5.629332280057802
0.001 5.774310080156298
0.001 5.929289526229649
0.001 6.0942707226955415
0.001 6.269253715559612
0.001 6.454238502194027
0.001 6.649225041530125
0.001 6.854213264004454
0.001 7.069203080881114
0.001 7.294194392572346
0.001 7.529187095922099
0.001 7.774181090238362
0.001 8.029176282351951
0.001 8.29417259040741
0.001 8.56916994713968
0.001 8.85416830151976
0.001 9.149167622220894
0.001 8.854168301519756
0.001 8.559169006492201
0.001 8.274170715671136
0.001 7.999173462604838
0.001 7.734177301946712
0.001 7.47918230589162
0.001 7.2341885625099955
0.001 6.99919617238207
0.001 6.774205244681755
0.001 6.559215891910451
0.001 6.354228223570576
0.001 6.159242338470913
0.001 5.97425831586919
0.001 5.799276205471905
0.001 5.634296016676149
0.001 5.479317707444195
0.001 5.334341173514183
0.001 5.1993662387253625
0.001 5.074392647468919
0.001 4.959420060291795
0.001 4.854448053730376
0.001 4.759476125175532
0.001 4.674503703534831
0.001 4.599530166318925
0.001 4.534554862102665
0.001 4.4795771366463795
0.001 4.434596362677107
0.001 4.399611973422347
0.001 4.374623490994598
0.001 4.359630552728652
0.001 4.354632932279595
0.001 4.359630552728652
0.001 4.3746234909945985
0.001 4.399611973422347
0.001 4.434596362677107
0.001 4.47957713664638
0.001 4.5345548621026674
0.001 4.599530166318927
0.001 4.6745037035348345
0.001 4.759476125175534
0.001 4.854448053730379
0.001 4.959420060291798
0.001 5.07439264746892
0.001 5.1993662387253625
0.001 5.334341173514182
0.001 5.479317707444196
0.001 5.634296016676148
0.001 5.799276205471907
0.001 5.974258315869191
0.001 6.159242338470913
0.001 6.3542282235705745
0.001 6.559215891910452
0.001 6.774205244681756
0.001 6.999196172382069
0.001 7.2341885625099955
0.001 7.479182305891618
0.001 7.73417730194671
0.001 7.99917346260484
0.001 8.274170715671143
0.001 8.559169006492205
0.001 8.85416830151976
0.001 8.569169947139676
0.001 8.274170715671138
0.001 7.9891725814772085
0.001 7.714175583722291
0.001 7.449179786212229
0.001 7.194185273604505
0.001 6.949192149708553
0.001 6.714200533920798
0.001 6.489210557018444
0.001 6.2742223554006875
0.001 6.069236064049407
0.001 5.874251807824075
0.001 5.689269691267663
0.001 5.514289786903027
0.001 5.349312122410788
0.001 5.194336667115323
0.001 5.049363318573368
0.001 4.914391890200089
0.001 4.789422101156021
0.001 4.674453569804747
0.001 4.569485812113972
0.001 4.474518246354222
0.001 4.389550204913498
0.001 4.314580953882027
0.001 4.249609718178079
0.001 4.1946357166386745
0.001 4.149658197618555
0.001 4.114676477352919
0.001 4.089689978455998
0.001 4.074698262376153
0.001 4.069701054800712
0.001 4.074698262376153
0.001 4.089689978455998
0.001 4.114676477352919
0.001 4.149658197618556
0.001 4.194635716638675
0.001 4.249609718178081
0.001 4.314580953882027
0.001 4.389550204913499
0.001 4.474518246354225
0.001 4.569485812113974
0.001 4.674453569804749
0.001 4.789422101156022
0.001 4.91439189020009
0.001 5.049363318573369
0.001 5.194336667115322
0.001 5.349312122410789
0.001 5.51428978690303
0.001 5.689269691267664
0.001 5.874251807824074
0.001 6.069236064049406
0.001 6.274222355400687
0.001 6.489210557018444
0.001 6.714200533920798
0.001 6.949192149708553
0.001 7.194185273604504
0.001 7.4491797862122295
0.001 7.71417558372229
0.001 7.989172581477212
0.001 8.274170715671142
0.001 8.569169947139676
0.001 8.294172590407406
0.001 7.999173462604838
0.001 7.714175583722291
0.001 7.439179002351417
0.001 7.1741837976663385
0.001 6.919190075295585
0.001 6.674197965606639
0.001 6.439207619859429
0.001 6.214219205575044
0.001 5.999232900016567
0.001 5.794248882019916
0.001 5.599267321651889
0.001 5.4142883678129365
0.001 5.239312133682009
0.001 5.0743386803965125
0.001 4.919367999426968
0.001 4.774399994601167
0.001 4.639434464944317
0.001 4.51447108995495
0.001 4.399509419102927
0.001 4.294548867565887
0.001 4.199588719865709
0.001 4.11462814315386
0.001 4.039666210658097
0.001 3.9747019374882644
0.001 3.919734320136749
0.001 3.8747623874217356
0.001 3.8397852535227694
0.001 3.8148021665605563
0.001 3.799812553719382
0.001 3.794816056739613
0.001 3.799812553719382
0.001 3.8148021665605563
0.001 3.8397852535227694
0.001 3.874762387421735
0.001 3.9197343201367496
0.001 3.9747019374882653
0.001 4.039666210658097
0.001 4.114628143153861
0.001 4.1995887198657105
0.001 4.294548867565888
0.001 4.399509419102928
0.001 4.5144710899549505
0.001 4.639434464944319
0.001 4.774399994601168
0.001 4.919367999426968
0.001 5.074338680396513
0.001 5.239312133682009
0.001 5.414288367812937
0.001 5.5992673216518885
0.001 5.794248882019916
0.001 5.999232900016568
0.001 6.214219205575042
0.001 6.439207619859429
0.001 6.674197965606638
0.001 6.919190075295585
0.001 7.174183797666337
0.001 7.439179002351417
0.001 7.714175583722292
0.001 7.999173462604839
0.001 8.294172590407408
0.001 8.02917628235195
0.001 7.734177301946712
0.001 7.449179786212229
0.001 7.1741837976663385
0.001 6.9091894382062
0.001 6.654196844561776
0.001 6.409206186633792
0.001 6.174217663341054
0.001 5.949231497480939
0.001 5.734247928224321
0.001 5.529267201411101
0.001 5.334289556913292
0.001 5.149315213066883
0.001 4.974344347930251
0.001 4.80937707772171
0.001 4.654413432932605
0.001 4.509453333253144
0.001 4.3744965628413714
0.001 4.249542748098859
0.001 4.134591340505629
0.001 4.0296416073941
0.001 3.934692633754639
0.001 3.849743337295916
0.001 3.7747924987067405
0.001 3.7098388041290886
0.001 3.654880908028451
0.001 3.609917499287763
0.001 3.5749473729564505
0.001 3.5499695041583132
0.001 3.5349831107314453
0.001 3.529987701996912
0.001 3.5349831107314458
0.001 3.5499695041583132
0.001 3.5749473729564505
0.001 3.6099174992877643
0.001 3.654880908028452
0.001 3.709838804129089
0.001 3.7747924987067414
0.001 3.849743337295917
0.001 3.9346926337546395
0.001 4.029641607394102
0.001 4.13459134050563
0.001 4.24954274809886
0.001 4.374496562841372
0.001 4.509453333253145
0.001 4.654413432932606
0.001 4.809377077721711
0.001 4.974344347930252
0.001 5.149315213066884
0.001 5.334289556913294
0.001 5.529267201411101
0.001 5.734247928224321
0.001 5.949231497480939
0.001 6.174217663341055
0.001 6.409206186633792
0.001 6.654196844561775
0.001 6.909189438206201
0.001 7.174183797666336
0.001 7.4491797862122295
0.001 7.734177301946708
0.001 8.029176282351946
0.001 7.774181090238364
0.001 7.47918230589162
0.001 7.194185273604505
0.001 6.919190075295585
0.001 6.654196844561776
0.001 6.399205761680231
0.001 6.154217052159586
0.001 5.9192309823445655
0.001 5.694247853784348
0.001 5.479267994592143
0.001 5.274291747848125
0.001 5.079319455987507
0.001 4.8943514409840905
0.001 4.719387979833118
0.001 4.554429275588288
0.001 4.399475424418289
0.001 4.2545263800511295
0.001 4.119581917566221
0.001 3.994641599517386
0.001 3.8797047480363465
0.001 3.774770427336259
0.001 3.6798374408161916
0.001 3.5949043472948916
0.001 3.5199694987891554
0.001 3.455031104855945
0.001 3.400087309079753
0.001 3.3551362899827906
0.001 3.3201763686943577
0.001 3.295206109920192
0.001 3.2802244150458923
0.001 3.2752305950088996
0.001 3.280224415045893
0.001 3.2952061099201924
0.001 3.3201763686943586
0.001 3.3551362899827906
0.001 3.400087309079753
0.001 3.455031104855946
0.001 3.5199694987891563
0.001 3.5949043472948925
0.001 3.6798374408161925
0.001 3.774770427336261
0.001 3.8797047480363474
0.001 3.9946415995173865
0.001 4.119581917566222
0.001 4.254526380051131
0.001 4.3994754244182905
0.001 4.554429275588289
0.001 4.719387979833118
0.001 4.894351440984091
0.001 5.079319455987507
0.001 5.2742917478481255
0.001 5.479267994592143
0.001 5.694247853784347
0.001 5.9192309823445655
0.001 6.154217052159586
0.001 6.39920576168023
0.001 6.654196844561775
0.001 6.919190075295585
0.001 7.194185273604503
0.001 7.479182305891618
0.001 7.774181090238361
0.001 7.529187095922101
0.001 7.2341885625099955
0.001 6.949192149708553
0.001 6.674197965606639
0.001 6.409206186633792
0.001 6.154217052159586
0.001 5.909230863546846
0.001 5.67424797972686
0.001 5.4492688112470145
0.001 5.234293810493473
0.001 5.029323457946977
0.001 4.834358242948358
0.001 4.649398638451166
0.001 4.474445068863358
0.001 4.30949787097901
0.001 4.1545572483491275
0.001 4.0096232206271925
0.001 3.8746955704070944
0.001 3.749773791550777
0.001 3.634857044251507
0.001 3.529944123279778
0.001 3.4350334468264876
0.001 3.3501230724177162
0.001 3.275210745914132
0.001 3.210293980926967
0.001 3.1553701822474474
0.001 3.11043678463895
0.001 3.075491406566376
0.001 3.0505320079948186
0.001 3.035557025502725
0.001 3.0305654763894245
0.001 3.035557025502725
0.001 3.050532007994819
0.001 3.0754914065663765
0.001 3.11043678463895
0.001 3.1553701822474474
0.001 3.2102939809269673
0.001 3.2752107459141326
0.001 3.350123072417717
0.001 3.435033446826489
0.001 3.5299441232797792
0.001 3.6348570442515085
0.001 3.7497737915507776
0.001 3.874695570407095
0.001 4.009623220627193
0.001 4.1545572483491275
0.001 4.30949787097901
0.001 4.474445068863359
0.001 4.649398638451167
0.001 4.834358242948358
0.001 5.029323457946978
0.001 5.234293810493472
0.001 5.449268811247014
0.001 5.674247979726859
0.001 5.909230863546846
0.001 6.154217052159585
0.001 6.409206186633792
0.001 6.674197965606637
0.001 6.949192149708551
0.001 7.234188562509993
0.001 7.529187095922096
0.001 7.294194392572346
0.001 6.99919617238207
0.001 6.714200533920798
0.001 6.439207619859429
0.001 6.174217663341054
0.001 5.9192309823445655
0.001 5.67424797972686
0.001 5.439269139203003
0.001 5.214295019498791
0.001 4.999326243681077
0.001 4.794363483229831
0.001 4.599407434651738
0.001 4.4144587875956605
0.001 4.2395181828994595
0.001 4.07458616010407
0.001 3.919663094413361
0.001 3.774749124718331
0.001 3.639844075726721
0.001 3.514947379546865
0.001 3.400058004114123
0.001 3.295174398184457
0.001 3.2002944634894717
0.001 3.1154155659543337
0.001 3.040534594808529
0.001 2.9756480815737723
0.001 2.9207523585006476
0.001 2.8758437724418187
0.001 2.8409189204761094
0.001 2.8159748758783345
0.001 2.8010093918390373
0.001 2.7960210574350364
0.001 2.8010093918390377
0.001 2.8159748758783345
0.001 2.8409189204761094
0.001 2.8758437724418187
0.001 2.920752358500648
0.001 2.9756480815737727
0.001 3.0405345948085296
0.001 3.115415565954334
0.001 3.200294463489472
0.001 3.295174398184457
0.001 3.400058004114124
0.001 3.514947379546866
0.001 3.6398440757267214
0.001 3.7747491247183316
0.001 3.9196630944133615
0.001 4.0745861601040705
0.001 4.2395181828994595
0.001 4.414458787595661
0.001 4.599407434651739
0.001 4.79436348322983
0.001 4.999326243681078
0.001 5.214295019498791
0.001 5.439269139203002
0.001 5.674247979726859
0.001 5.919230982344564
0.001 6.174217663341052
0.001 6.439207619859425
0.001 6.714200533920798
0.001 6.999196172382064
0.001 7.294194392572342
0.001 7.069203080881114
0.001 6.774205244681755
0.001 6.489210557018443
0.001 6.214219205575043
0.001 5.949231497480939
0.001 5.694247853784348
0.001 5.4492688112470145
0.001 5.214295019498791
0.001 4.989327236104973
0.001 4.774366315658598
0.001 4.569413192013222
0.001 4.374468850522388
0.001 4.189534288419492
0.001 4.01461046074335
0.001 3.8496982104585054
0.001 3.6947981820201483
0.001 3.549910719732113
0.001 3.415035754395325
0.001 3.2901726850651687
0.001 3.175320266164487
0.001 3.070476513937542
0.001 2.9756386497350906
0.001 2.890803098105358
0.001 2.815965557873378
0.001 2.7511211501292143
0.001 2.6962646677936717
0.001 2.651390881380913
0.001 2.6164948872935017
0.001 2.5915724628082972
0.001 2.5766203675777235
0.001 2.5716365668926655
0.001 2.5766203675777235
0.001 2.5915724628082972
0.001 2.616494887293502
0.001 2.651390881380913
0.001 2.6962646677936717
0.001 2.7511211501292148
0.001 2.815965557873378
0.001 2.890803098105359
0.001 2.975638649735091
0.001 3.070476513937542
0.001 3.175320266164487
0.001 3.2901726850651696
0.001 3.415035754395325
0.001 3.5499107197321136
0.001 3.694798182020149
0.001 3.8496982104585067
0.001 4.014610460743351
0.001 4.189534288419492
0.001 4.37446885052239
0.001 4.569413192013221
0.001 4.774366315658597
0.001 4.989327236104972
0.001 5.214295019498792
0.001 5.449268811247014
0.001 5.694247853784347
0.001 5.949231497480937
0.001 6.214219205575041
0.001 6.489210557018441
0.001 6.774205244681755
0.001 7.069203080881111
0.001 6.854213264004454
0.001 6.55921589191045
0.001 6.2742223554006875
0.001 5.999232900016567
0.001 5.734247928224321
0.001 5.479267994592143
0.001 5.234293810493472
0.001 4.999326243681077
0.001 4.774366315658598
0.001 4.559415191818485
0.001 4.354474162841472
0.001 4.159544612915472
0.001 3.9746279716980455
0.001 3.7997256458210593
0.001 3.6348389271247576
0.001 3.4799688754192584
0.001 3.3351161763008497
0.001 3.200280977484113
0.001 3.0754627120358977
0.001 2.96065992222524
0.001 2.855870104245629
0.001 2.7610895990244977
0.001 2.676313559758224
0.001 2.6015360247554513
0.001 2.536750129212937
0.001 2.4819484361674564
0.001 2.4371234083893025
0.001 2.4022679520752606
0.001 2.3773759470444884
0.001 2.3624427036130182
0.001 2.357465288080275
0.001 2.3624427036130182
0.001 2.3773759470444884
0.001 2.4022679520752606
0.001 2.4371234083893025
0.001 2.4819484361674564
0.001 2.5367501292129373
0.001 2.6015360247554518
0.001 2.6763135597582246
0.001 2.7610895990244986
0.001 2.8558701042456294
0.001 2.960659922225241
0.001 3.075462712035898
0.001 3.200280977484113
0.001 3.33511617630085
0.001 3.479968875419259
0.001 3.6348389271247585
0.001 3.79972564582106
0.001 3.974627971698047
0.001 4.159544612915473
0.001 4.354474162841472
0.001 4.559415191818484
0.001 4.774366315658596
0.001 4.999326243681078
0.001 5.234293810493473
0.001 5.479267994592141
0.001 5.7342479282243195
0.001 5.999232900016565
0.001 6.274222355400687
0.001 6.559215891910447
0.001 6.85421326400445
0.001 6.649225041530126
0.001 6.354228223570576
0.001 6.069236064049406
0.001 5.794248882019916
0.001 5.529267201411101
0.001 5.274291747848125
0.001 5.029323457946977
0.001 4.794363483229831
0.001 4.569413192013222
0.001 4.354474162841472
0.001 4.149548167091851
0.001 3.954637134577947
0.001 3.769743097281509
0.001 3.594868104662851
0.001 3.430014105299148
0.001 3.2751827901608723
0.001 3.1303753960590455
0.001 2.995592471819353
0.001 2.870833616544166
0.001 2.7560972076181125
0.001 2.65138014633169
0.001 2.556677660099081
0.001 2.471983207760461
0.001 2.397288540912964
0.001 2.332583955540304
0.001 2.277858795570513
0.001 2.2331021486081215
0.001 2.1983036820135493
0.001 2.1734544929415534
0.001 2.15854779654647
0.001 2.153579373641431
0.001 2.15854779654647
0.001 2.173454492941554
0.001 2.1983036820135493
0.001 2.2331021486081215
0.001 2.277858795570513
0.001 2.332583955540304
0.001 2.397288540912964
0.001 2.4719832077604615
0.001 2.5566776600990813
0.001 2.65138014633169
0.001 2.756097207618113
0.001 2.870833616544166
0.001 2.9955924718193536
0.001 3.1303753960590455
0.001 3.2751827901608728
0.001 3.4300141052991493
0.001 3.5948681046628517
0.001 3.76974309728151
0.001 3.9546371345779474
0.001 4.149548167091851
0.001 4.3544741628414725
0.001 4.569413192013221
0.001 4.79436348322983
0.001 5.029323457946978
0.001 5.274291747848125
0.001 5.529267201411098
0.001 5.7942488820199145
0.001 6.069236064049401
0.001 6.354228223570573
0.001 6.649225041530121
0.001 6.454238502194029
0.001 6.159242338470914
0.001 5.874251807824074
0.001 5.59926732165189
0.001 5.334289556913292
0.001 5.079319455987507
0.001 4.834358242948358
0.001 4.599407434651738
0.001 4.374468850522388
0.001 4.159544612915472
0.001 3.954637134577947
0.001 3.7597490847348554
0.001 3.574883326453768
0.001 3.4000428152844653
0.001 3.2352304501819003
0.001 3.080448867778516
0.001 2.935700174747308
0.001 2.8009856179409667
0.001 2.6763052013855244
0.001 2.5616572713069106
0.001 2.457038106814812
0.001 2.3624415707184836
0.001 2.2778588943514175
0.001 2.203278679451336
0.001 2.1386872194740096
0.001 2.0840691650960257
0.001 2.039408599984021
0.001 2.0046903910630767
0.001 1.9799015388639087
0.001 1.965032239042416
0.001 1.9600764777691253
0.001 1.9650322390424162
0.001 1.9799015388639087
0.001 2.004690391063077
0.001 2.039408599984021
0.001 2.0840691650960257
0.001 2.1386872194740105
0.001 2.2032786794513366
0.001 2.2778588943514175
0.001 2.362441570718484
0.001 2.457038106814812
0.001 2.561657271306911
0.001 2.6763052013855253
0.001 2.8009856179409667
0.001 2.935700174747309
0.001 3.080448867778516
0.001 3.2352304501819007
0.001 3.4000428152844653
0.001 3.5748833264537683
0.001 3.7597490847348554
0.001 3.954637134577947
0.001 4.1595446129154725
0.001 4.374468850522389
0.001 4.599407434651738
0.001 4.834358242948357
0.001 5.079319455987506
0.001 5.334289556913291
0.001 5.599267321651886
0.001 5.874251807824071
0.001 6.159242338470909
0.001 6.454238502194023
0.001 6.269253715559612
0.001 5.974258315869191
0.001 5.689269691267663
0.001 5.4142883678129365
0.001 5.149315213066883
0.001 4.89435144098409
0.001 4.649398638451166
0.001 4.41445878759566
0.001 4.189534288419492
0.001 3.974627971698045
0.001 3.7697430972815096
0.001 3.574883326453768
0.001 3.3900526575948713
0.001 3.215255310362112
0.001 3.0504955436971914
0.001 2.8957773920516408
0.001 2.751104307662246
0.001 2.616478702494948
0.001 2.491901395406496
0.001 2.377370987382522
0.001 2.272883212061769
0.001 2.1784303391425723
0.001 2.0940007382565673
0.001 2.0195787432326733
0.001 1.955144952456687
0.001 1.9006771705046275
0.001 1.8561520140295058
0.001 1.8215471035533517
0.001 1.7968433721797905
0.001 1.7820267391833884
0.001 1.777088785490804
0.001 1.7820267391833884
0.001 1.7968433721797905
0.001 1.821547103553352
0.001 1.8561520140295058
0.001 1.9006771705046275
0.001 1.9551449524566875
0.001 2.0195787432326737
0.001 2.0940007382565677
0.001 2.178430339142573
0.001 2.2728832120617692
0.001 2.3773709873825224
0.001 2.491901395406497
0.001 2.616478702494948
0.001 2.751104307662246
0.001 2.8957773920516403
0.001 3.0504955436971923
0.001 3.215255310362112
0.001 3.3900526575948713
0.001 3.574883326453768
0.001 3.7697430972815096
0.001 3.9746279716980455
0.001 4.189534288419491
0.001 4.414458787595661
0.001 4.649398638451165
0.001 4.89435144098409
0.001 5.14931521306688
0.001 5.414288367812933
0.001 5.68926969126766
0.001 5.974258315869188
0.001 6.269253715559609
0.001 6.0942707226955415
0.001 5.799276205471905
0.001 5.514289786903028
0.001 5.239312133682009
0.001 4.974344347930251
0.001 4.719387979833118
0.001 4.474445068863358
0.001 4.239518182899459
0.001 4.01461046074335
0.001 3.7997256458210593
0.001 3.594868104662851
0.001 3.4000428152844653
0.001 3.215255310362112
0.001 3.040511553859881
0.001 2.875817728282027
0.001 2.72117990660851
0.001 2.5766035853440066
0.001 2.442093060537103
0.001 2.317650643138053
0.001 2.2032757330471657
0.001 2.0989638071736865
0.001 2.004705421724877
0.001 1.920485385620032
0.001 1.846282310260692
0.001 1.7820688189911098
0.001 1.7278126516583288
0.001 1.6834790696326634
0.001 1.649034573557933
0.001 1.624451015963728
0.001 1.6097084013563494
0.001 1.6047953921212768
0.001 1.6097084013563496
0.001 1.6244510159637284
0.001 1.649034573557933
0.001 1.6834790696326636
0.001 1.727812651658329
0.001 1.7820688189911102
0.001 1.846282310260693
0.001 1.9204853856200326
0.001 2.0047054217248776
0.001 2.098963807173687
0.001 2.203275733047166
0.001 2.317650643138053
0.001 2.442093060537103
0.001 2.576603585344007
0.001 2.7211799066085103
0.001 2.875817728282028
0.001 3.0405115538598806
0.001 3.215255310362112
0.001 3.4000428152844653
0.001 3.594868104662851
0.001 3.7997256458210593
0.001 4.01461046074335
0.001 4.2395181828994595
0.001 4.474445068863356
0.001 4.719387979833116
0.001 4.974344347930249
0.001 5.239312133682007
0.001 5.514289786903025
0.001 5.7992762054719
0.001 6.094270722695535
0.001 5.929289526229648
0.001 5.6342960166761475
0.001 5.349312122410788
0.001 5.0743386803965125
0.001 4.80937707772171
0.001 4.554429275588288
0.001 4.309497870979009
0.001 4.07458616010407
0.001 3.8496982104585054
0.001 3.6348389271247576
0.001 3.430014105299148
0.001 3.2352304501819003
0.001 3.0504955436971914
0.001 2.875817728282027
0.001 2.7112058735443965
0.001 2.5566689848438475
0.001 2.4122156119833673
0.001 2.2778530195811615
0.001 2.153586095792588
0.001 2.039416004951463
0.001 1.9353386387510887
0.001 1.8413429919565987
0.001 1.7574096736244276
0.001 1.6835098635908843
0.001 1.619605068378569
0.001 1.5656482737014412
0.001 1.5215872168769267
0.001 1.487370716937301
0.001 1.462956734150521
0.001 1.448317540630129
0.001 1.4434391421688055
0.001 1.448317540630129
0.001 1.462956734150521
0.001 1.487370716937301
0.001 1.5215872168769267
0.001 1.5656482737014417
0.001 1.6196050683785694
0.001 1.6835098635908847
0.001 1.7574096736244282
0.001 1.841342991956599
0.001 1.9353386387510887
0.001 2.0394160049514634
0.001 2.1535860957925883
0.001 2.2778530195811615
0.001 2.4122156119833678
0.001 2.5566689848438475
0.001 2.7112058735443973
0.001 2.8758177282820276
0.001 3.050495543697193
0.001 3.2352304501819003
0.001 3.430014105299148
0.001 3.6348389271247576
0.001 3.8496982104585054
0.001 4.07458616010407
0.001 4.309497870979009
0.001 4.554429275588286
0.001 4.8093770777217095
0.001 5.074338680396509
0.001 5.349312122410782
0.001 5.634296016676142
0.001 5.92928952622964
0.001 5.774310080156295
0.001 5.479317707444195
0.001 5.194336667115323
0.001 4.919367999426968
0.001 4.654413432932605
0.001 4.399475424418289
0.001 4.1545572483491275
0.001 3.9196630944133615
0.001 3.694798182020148
0.001 3.479968875419258
0.001 3.2751827901608723
0.001 3.080448867778516
0.001 2.8957773920516408
0.001 2.72117990660851
0.001 2.5566689848438475
0.001 2.402257790005025
0.001 2.257959356449244
0.001 2.1237855201642954
0.001 1.9997454391394942
0.001 1.8858436756843164
0.001 1.7820778774014194
0.001 1.6884361937409649
0.001 1.6048947073515494
0.001 1.5314152966587808
0.001 1.4679445029304856
0.001 1.414413870139785
0.001 1.370743486371706
0.001 1.336852710686505
0.001 1.3126773284261064
0.001 1.298180647189831
0.001 1.2933492303147593
0.001 1.2981806471898312
0.001 1.3126773284261066
0.001 1.3368527106865051
0.001 1.3707434863717063
0.001 1.4144138701397855
0.001 1.4679445029304863
0.001 1.5314152966587817
0.001 1.6048947073515498
0.001 1.6884361937409655
0.001 1.7820778774014197
0.001 1.8858436756843169
0.001 1.9997454391394944
0.001 2.1237855201642954
0.001 2.257959356449245
0.001 2.4022577900050246
0.001 2.5566689848438484
0.001 2.7211799066085103
0.001 2.895777392051641
0.001 3.0804488677785162
0.001 3.275182790160872
0.001 3.479968875419259
0.001 3.6947981820201483
0.001 3.9196630944133624
0.001 4.1545572483491275
0.001 4.399475424418287
0.001 4.654413432932602
0.001 4.919367999426964
0.001 5.194336667115318
0.001 5.47931770744419
0.001 5.774310080156291
0.001 5.6293322800578
0.001 5.33434117351418
0.001 5.049363318573369
0.001 4.774399994601166
0.001 4.509453333253144
0.001 4.2545263800511295
0.001 4.0096232206271925
0.001 3.7747491247183307
0.001 3.549910719732113
0.001 3.3351161763008497
0.001 3.130375396059045
0.001 2.9357001747473084
0.001 2.751104307662246
0.001 2.5766035853440066
0.001 2.4122156119833673
0.001 2.257959356449244
0.001 2.113854327962352
0.001 1.979919253315497
0.001 1.856170134212927
0.001 1.7426175903212902
0.001 1.6392634681668568
0.001 1.5460968410599731
0.001 1.4630897379255847
0.001 1.3901932110839974
0.001 1.327334448543883
0.001 1.2744150493041846
0.001 1.2313110147847097
0.001 1.1978887282651611
0.001 1.1740454280735404
0.001 1.159737872953797
0.001 1.1549665866135577
0.001 1.159737872953797
0.001 1.1740454280735404
0.001 1.1978887282651614
0.001 1.2313110147847104
0.001 1.2744150493041855
0.001 1.3273344485438834
0.001 1.3901932110839983
0.001 1.4630897379255852
0.001 1.5460968410599736
0.001 1.6392634681668572
0.001 1.7426175903212906
0.001 1.856170134212927
0.001 1.9799192533154977
0.001 2.1138543279623523
0.001 2.2579593564492444
0.001 2.412215611983368
0.001 2.576603585344007
0.001 2.751104307662247
0.001 2.9357001747473084
0.001 3.1303753960590446
0.001 3.3351161763008492
0.001 3.5499107197321123
0.001 3.774749124718331
0.001 4.0096232206271925
0.001 4.2545263800511295
0.001 4.509453333253142
0.001 4.774399994601164
0.001 5.049363318573366
0.001 5.334341173514174
0.001 5.629332280057791
0.001 5.4943559544622005
0.001 5.199366238725361
0.001 4.914391890200089
0.001 4.639434464944317
0.001 4.3744965628413714
0.001 4.119581917566221
0.001 3.874695570407094
0.001 3.639844075726721
0.001 3.4150357543953245
0.001 3.200280977484113
0.001 2.995592471819353
0.001 2.8009856179409667
0.001 2.616478702494948
0.001 2.442093060537103
0.001 2.2778530195811615
0.001 2.1237855201642954
0.001 1.979919253315497
0.001 1.846283117103573
0.001 1.7229037734125499
0.001 1.6098020897571215
0.001 1.5069883201526506
0.001 1.4144560635955261
0.001 1.3321753346732037
0.001 1.2600852903086759
0.001 1.1980886282424819
0.001 1.1460470771361628
0.001 1.1037659100754558
0.001 1.0710074732855064
0.001 1.0475945956068664
0.001 1.0334979378912323
0.001 1.028785024555401
0.001 1.0334979378912323
0.001 1.047594595606866
0.001 1.0710074732855073
0.001 1.1037659100754564
0.001 1.1460470771361635
0.001 1.1980886282424825
0.001 1.2600852903086772
0.001 1.3321753346732044
0.001 1.4144560635955272
0.001 1.5069883201526506
0.001 1.6098020897571215
0.001 1.7229037734125503
0.001 1.846283117103573
0.001 1.9799192533154977
0.001 2.1237855201642954
0.001 2.277853019581162
0.001 2.442093060537103
0.001 2.6164787024949487
0.001 2.800985617940967
0.001 2.9955924718193527
0.001 3.200280977484114
0.001 3.4150357543953245
0.001 3.639844075726721
0.001 3.8746955704070936
0.001 4.1195819175662205
0.001 4.374496562841371
0.001 4.639434464944313
0.001 4.914391890200087
0.001 5.199366238725356
0.001 5.494355954462195
0.001 5.36938085825541
0.001 5.074392647468917
0.001 4.7894221011560205
0.001 4.514471089954949
0.001 4.249542748098858
0.001 3.994641599517386
0.001 3.7497737915507767
0.001 3.5149473795468644
0.001 3.2901726850651687
0.001 3.0754627120358977
0.001 2.8708336165441657
0.001 2.676305201385525
0.001 2.491901395406496
0.001 2.317650643138053
0.001 2.153586095792588
0.001 1.9997454391394942
0.001 1.856170134212927
0.001 1.72290377341255
0.001 1.599989189113487
0.001 1.4874639012161852
0.001 1.3853534558053318
0.001 1.2936622779537057
0.001 1.2123619097152518
0.001 1.1413738136265033
0.001 1.0805490937402256
0.001 1.0296742894561322
0.0010000000000017746 0.9884446916463693
0.001000000000797674 0.9564455127453753
0.001000000040879236 0.9333861934509691
0.0010000003117041744 0.919340776439662
0.0010000005691647473 0.9146060622779801
0.0010000003117041744 0.9193407764396618
0.001000000040879236 0.933386193450969
0.001000000000797674 0.9564455127453757
0.0010000000000017746 0.9884446916463705
0.001 1.0296742894561333
0.001 1.0805490937402273
0.001 1.141373813626505
0.001 1.2123619097152534
0.001 1.2936622779537066
0.001 1.3853534558053324
0.001 1.4874639012161859
0.001 1.5999891891134872
0.001 1.7229037734125499
0.001 1.856170134212927
0.001 1.999745439139494
0.001 2.153586095792588
0.001 2.317650643138053
0.001 2.4919013954064972
0.001 2.676305201385525
0.001 2.8708336165441657
0.001 3.075462712035898
0.001 3.290172685065168
0.001 3.5149473795468653
0.001 3.749773791550776
0.001 3.994641599517385
0.001 4.249542748098859
0.001 4.514471089954945
0.001 4.78942210115602
0.001 5.074392647468917
0.001 5.3693808582554094
0.001 5.25440666907064
0.001 4.959420060291795
0.001 4.674453569804748
0.001 4.399509419102926
0.001 4.134591340505629
0.001 3.879704748036346
0.001 3.634857044251507
0.001 3.4000580041141224
0.001 3.175320266164487
0.001 2.96065992222524
0.001 2.7560972076181125
0.001 2.5616572713069106
0.001 2.377370987382522
0.001 2.2032757330471657
0.001 2.039416004951463
0.001 1.8858436756843164
0.001 1.7426175903212902
0.001 1.6098020897571215
0.001 1.4874639012161852
0.001 1.3756666443983605
0.001 1.2744615236581036
0.001 1.183870119063154
0.001 1.1038544822075729
0.001 1.03426736455916
0.0010000000000195204 0.9747604246880562
0.0010000001936360113 0.9248575393335532
0.001000125097613708 0.8841736684462649
0.0010102974761699907 0.8523237393101435
0.0011658632792018856 0.8290452978783311
0.001719803777638865 0.8146160318053217
0.002121808053668783 0.8096900940363616
0.0017198037776397523 0.8146160318053216
0.0011658632792018856 0.8290452978783318
0.0010102974761699907 0.8523237393101448
0.001000125097613708 0.8841736684462667
0.0010000001936360113 0.9248575393335556
0.0010000000000195204 0.9747604246880578
0.001 1.0342673645591618
0.001 1.1038544822075744
0.001 1.1838701190631553
0.001 1.2744615236581038
0.001 1.3756666443983616
0.001 1.4874639012161857
0.001 1.609802089757121
0.001 1.7426175903212904
0.001 1.885843675684316
0.001 2.039416004951464
0.001 2.203275733047166
0.001 2.3773709873825224
0.001 2.561657271306911
0.001 2.7560972076181125
0.001 2.9606599222252403
0.001 3.175320266164486
0.001 3.4000580041141233
0.001 3.634857044251507
0.001 3.8797047480363447
0.001 4.134591340505629
0.001 4.399509419102924
0.001 4.674453569804747
0.001 4.959420060291795
0.001 5.254406669070638
0.001 5.149432987585009
0.001 4.854448053730375
0.001 4.569485812113972
0.001 4.2945488675658865
0.001 4.0296416073941
0.001 3.77477042733626
0.001 3.529944123279778
0.001 3.295174398184457
0.001 3.0704765139375416
0.001 2.855870104245629
0.001 2.65138014633169
0.001 2.457038106814812
0.001 2.272883212061769
0.001 2.0989638071736865
0.001 1.9353386387510887
0.001 1.7820778774014194
0.001 1.6392634681668568
0.001 1.5069883201526506
0.001 1.385353455805332
0.001 1.2744615236581038
0.001 1.1743994449724897
0.001 1.0851880737054076
0.001 1.0066623310517155
0.0010000000152223514 0.9383565875274203
0.0010002271214456626 0.8795071720267837
0.0011198265022269586 0.829299428592912
0.006032343297737222 0.7875710699856591
0.04354014191034627 0.7546309561036878
0.11566379376388734 0.7304686269610473
0.1784144403405534 0.7153937806269512
0.20310848594711836 0.7102128746980534
0.17841444034054452 0.715393780626951
0.11566379376385319 0.7304686269610476
0.0435401419103232 0.7546309561036894
0.006032343297738109 0.7875710699856611
0.0011198265022269586 0.8292994285929145
0.0010002271214456626 0.8795071720267866
0.0010000000152223514 0.938356587527423
0.001 1.0066623310517167
0.001 1.0851880737054085
0.001 1.1743994449724897
0.001 1.2744615236581036
0.001 1.3853534558053322
0.001 1.5069883201526504
0.001 1.6392634681668565
0.001 1.782077877401419
0.001 1.9353386387510885
0.001 2.098963807173687
0.001 2.2728832120617697
0.001 2.457038106814813
0.001 2.6513801463316895
0.001 2.8558701042456285
0.001 3.070476513937541
0.001 3.2951743981844577
0.001 3.5299441232797784
0.001 3.774770427336258
0.001 4.029641607394099
0.001 4.2945488675658865
0.001 4.56948581211397
0.001 4.854448053730375
0.001 5.1494329875850084
0.001 5.0544593424863296
0.001 4.759476125175531
0.001 4.474518246354221
0.001 4.199588719865709
0.001 3.9346926337546386
0.001 3.679837440816191
0.001 3.435033446826488
0.001 3.200294463489471
0.001 2.97563864973509
0.001 2.7610895990244977
0.001 2.5566776600990804
0.001 2.3624415707184836
0.001 2.1784303391425723
0.001 2.004705421724877
0.001 1.8413429919565987
0.001 1.688436193740965
0.001 1.5460968410599731
0.001 1.4144560635955266
0.001 1.293662277953706
0.001 1.1838701190631544
0.001 1.0851880737054078
0.001 0.997489719587188
0.0010000003027079388 0.9201317286084235
0.0010072888056672032 0.8519786748445404
0.004694652609766843 0.7920934007865982
0.075216355799934 0.7400838914576496
0.1970480638608813 0.6960809460173406
0.3099951921612232 0.6611455860195379
0.41505490814066737 0.6357856168461675
0.5039826734712306 0.6201632965633301
0.5414346596119676 0.6148290684707833
0.503982673471247 0.6201632965633299
0.41505490814067625 0.6357856168461681
0.30999519216121874 0.6611455860195391
0.19704806386085869 0.6960809460173427
0.07521635579993136 0.7400838914576521
0.00469465260976773 0.792093400786601
0.0010072888056672032 0.8519786748445424
0.0010000003027079388 0.9201317286084252
0.001 0.9974897195871888
0.001 1.085188073705408
0.001 1.1838701190631546
0.001 1.2936622779537053
0.001 1.414456063595526
0.001 1.5460968410599734
0.001 1.688436193740965
0.001 1.8413429919565993
0.001 2.004705421724877
0.001 2.1784303391425737
0.001 2.3624415707184836
0.001 2.5566776600990804
0.001 2.761089599024498
0.001 2.97563864973509
0.001 3.200294463489472
0.001 3.435033446826488
0.001 3.6798374408161907
0.001 3.934692633754638
0.001 4.199588719865708
0.001 4.474518246354221
0.001 4.759476125175529
0.001 5.054459342486327
0.001 4.96948520064122
0.001 4.674503703534828
0.001 4.389550204913498
0.001 4.11462814315386
0.001 3.8497433372959153
0.001 3.594904347294891
0.001 3.3501230724177162
0.001 3.115415565954333
0.001 2.890803098105358
0.001 2.676313559758224
0.001 2.471983207760461
0.001 2.2778588943514175
0.001 2.0940007382565673
0.001 1.9204853856200321
0.001 1.7574096736244278
0.001 1.6048947073515494
0.001 1.4630897379255847
0.001 1.332175334673204
0.001 1.212361909715253
0.001 1.1038544822075733
0.001 1.0066623310517162
0.0010000003027079388 0.9201317286084238
0.0010196440270746824 0.8427242434756974
0.01449714224931066 0.7730498522267998
0.15274431087608326 0.7106227163275695
0.3267742609125125 0.6558869743909904
0.5255966138359579 0.6096198385135885
0.7251343974353001 0.5728530091285504
0.8916655628742818 0.5463847809467142
1.009309070647637 0.53038776330753
1.0542550875782017 0.5250103445960994
1.0093090706476615 0.5303877633075301
0.8916655628742765 0.5463847809467149
0.725134397435289 0.5728530091285522
0.525596613835929 0.6096198385135905
0.3267742609124637 0.6558869743909931
0.15274431087606685 0.7106227163275725
0.014497142249317758 0.7730498522268021
0.0010196440270746824 0.8427242434756991
0.0010000003027079388 0.9201317286084244
0.001 1.0066623310517158
0.001 1.1038544822075733
0.001 1.2123619097152518
0.001 1.3321753346732033
0.001 1.463089737925584
0.001 1.6048947073515494
0.001 1.7574096736244278
0.001 1.920485385620032
0.001 2.0940007382565677
0.001 2.2778588943514175
0.001 2.471983207760461
0.001 2.6763135597582246
0.001 2.8908030981053576
0.001 3.1154155659543337
0.001 3.3501230724177167
0.001 3.5949043472948907
0.001 3.8497433372959153
0.001 4.11462814315386
0.001 4.389550204913498
0.001 4.674503703534827
0.001 4.969485200641216
0.001 4.89450998352741
0.001 4.599530166318925
0.001 4.314580953882026
0.001 4.039666210658095
0.001 3.77479249870674
0.001 3.5199694987891554
0.001 3.275210745914132
0.001 3.040534594808529
0.001 2.815965557873378
0.001 2.6015360247554513
0.001 2.3972885409129634
0.001 2.203278679451336
0.001 2.019578743232673
0.001 1.846282310260692
0.001 1.6835098635908847
0.001 1.5314152966587813
0.001 1.3901932110839978
0.001 1.260085290308677
0.001 1.1413738136265041
0.001 1.0342673645591614
0.0010000000152223514 0.9383565875274221
0.0010072888056672032 0.8519786748445415
0.014497142249319531 0.7730498522268007
0.18123626691008768 0.7005559128676103
0.41375207732002234 0.6351314206717011
0.6948353546643024 0.577910876473916
1.0081663515193997 0.5300407489708904
1.3016502174296791 0.4924372269043693
1.524564796414125 0.46554625774734887
1.66170972302821 0.4494315537252783
1.7086559808659747 0.4440601039094829
1.6617097230282007 0.4494315537252786
1.5245647964140943 0.4655462577473494
1.3016502174296145 0.4924372269043705
1.0081663515193515 0.5300407489708919
0.6948353546642372 0.5779108764739178
0.413752077319978 0.6351314206717031
0.18123626691006106 0.7005559128676117
0.014497142249315094 0.7730498522268012
0.0010072888056672032 0.8519786748445407
0.0010000000152223514 0.9383565875274206
0.001 1.03426736455916
0.001 1.1413738136265026
0.001 1.2600852903086759
0.001 1.3901932110839972
0.001 1.5314152966587806
0.001 1.6835098635908845
0.001 1.846282310260692
0.001 2.0195787432326737
0.001 2.203278679451336
0.001 2.3972885409129634
0.001 2.6015360247554513
0.001 2.8159655578733775
0.001 3.040534594808529
0.001 3.2752107459141326
0.001 3.5199694987891545
0.001 3.7747924987067405
0.001 4.039666210658095
0.001 4.314580953882026
0.001 4.5995301663189245
0.001 4.894509983527408
0.001 4.829533086628709
0.001 4.534554862102665
0.001 4.249609718178079
0.001 3.9747019374882644
0.001 3.709838804129088
0.001 3.455031104855945
0.001 3.210293980926967
0.001 2.9756480815737723
0.001 2.7511211501292143
0.001 2.536750129212937
0.001 2.332583955540304
0.001 2.1386872194740096
0.001 1.9551449524566868
0.001 1.7820688189911098
0.001 1.6196050683785692
0.001 1.4679445029304858
0.001 1.327334448543883
0.001 1.1980886282424825
0.001 1.0805490937402267
0.0010000000000195204 0.9747604246880576
0.0010002271214456626 0.8795071720267861
0.00469465260976773 0.7920934007866001
0.15274431087608947 0.7106227163275713
0.4137520773199948 0.6351314206717021
0.7651761786684594 0.5671324852196551
1.178884659975821 0.5083856946992755
1.5790951601247414 0.4599669628706416
1.9095267250414032 0.4222894130800073
2.1473783472641386 0.39543489696745726
2.288784323893986 0.3793582186072191
2.335658831975853 0.374005622971426
2.2887843238939705 0.37935821860721913
2.1473783472641315 0.3954348969674576
1.9095267250413752 0.42228941308000767
1.5790951601246979 0.45996696287064237
1.1788846599757583 0.5083856946992765
0.7651761786684022 0.5671324852196563
0.41375207731998637 0.6351314206717023
0.15274431087610055 0.7106227163275703
0.004694652609766843 0.7920934007865977
0.0010002271214456626 0.8795071720267834
0.0010000000000195204 0.9747604246880552
0.001 1.0805490937402247
0.001 1.1980886282424803
0.001 1.3273344485438825
0.001 1.4679445029304847
0.001 1.6196050683785688
0.001 1.7820688189911091
0.001 1.9551449524566873
0.001 2.13868721947401
0.001 2.332583955540304
0.001 2.536750129212937
0.001 2.751121150129214
0.001 2.975648081573773
0.001 3.2102939809269673
0.001 3.4550311048559443
0.001 3.709838804129088
0.001 3.974701937488264
0.001 4.249609718178078
0.001 4.534554862102666
0.001 4.82953308662871
0.001 4.774553905399825
0.001 4.479577136646379
0.001 4.1946357166386745
0.001 3.919734320136749
0.001 3.654880908028451
0.001 3.400087309079753
0.001 3.1553701822474474
0.001 2.920752358500647
0.001 2.6962646677936712
0.001 2.481948436167456
0.001 2.277858795570513
0.001 2.0840691650960257
0.001 1.9006771705046275
0.001 1.7278126516583285
0.001 1.5656482737014412
0.001 1.4144138701397853
0.001 1.2744150493041846
0.001 1.1460470771361637
0.001 1.0296742894561335
0.0010000001936360113 0.9248575393335551
0.0011198265022269586 0.8292994285929142
0.07521635579993136 0.740083891457652
0.32677426091246725 0.6558869743909923
0.6948353546642753 0.5779108764739174
1.1788846599757867 0.5083856946992763
1.6772282626658568 0.4491196652704738
2.1044428696509687 0.4007006299343836
2.4365525092475653 0.3631591447935624
2.6715016979934765 0.3364214682794512
2.8111716487122935 0.32041285363266736
2.8574807398116246 0.3150824309664189
2.8111716487122957 0.3204128536326673
2.6715016979934676 0.33642146827945146
2.436552509247555 0.3631591447935627
2.1044428696509554 0.40070062993438393
1.6772282626658537 0.4491196652704737
1.1788846599757627 0.5083856946992754
0.694835354664258 0.5779108764739158
0.32677426091249295 0.6558869743909901
0.07521635579993667 0.7400838914576484
0.0011198265022260713 0.8292994285929105
0.0010000001936360113 0.9248575393335516
0.001 1.0296742894561304
0.001 1.146047077136161
0.001 1.274415049304184
0.001 1.4144138701397841
0.001 1.5656482737014403
0.001 1.7278126516583285
0.001 1.9006771705046277
0.001 2.0840691650960257
0.001 2.2778587955705127
0.001 2.4819484361674564
0.001 2.6962646677936717
0.001 2.9207523585006485
0.001 3.155370182247447
0.001 3.400087309079753
0.001 3.654880908028451
0.001 3.9197343201367487
0.001 4.194635716638673
0.001 4.479577136646378
0.001 4.7745539053998245
0.001 4.729571860813883
0.001 4.434596362677107
0.001 4.149658197618555
0.001 3.8747623874217356
0.001 3.6099174992877634
0.001 3.3551362899827906
0.001 3.11043678463895
0.001 2.8758437724418187
0.001 2.651390881380913
0.001 2.437123408389302
0.001 2.2331021486081215
0.001 2.039408599984021
0.001 1.8561520140295058
0.001 1.6834790696326634
0.001 1.5215872168769262
0.001 1.3707434863717063
0.001 1.23131101478471
0.001 1.1037659100754558
0.0010000000000017746 0.98844469164637
0.001000125097613708 0.8841736684462658
0.006032343297743432 0.7875710699856602
0.1970480638608822 0.6960809460173428
0.5255966138358966 0.6096198385135901
1.008166351519347 0.5300407489708916
1.5790951601247076 0.459966962870642
2.1044428696509634 0.4007006299343838
2.5323383424903474 0.352420248654062
2.860012329387496 0.3150184232028599
3.091216971130789 0.2883832331423149
3.228784896057541 0.2724341554239185
3.27444634130646 0.267123125316848
3.2287848960575434 0.2724341554239186
3.091216971130785 0.2883832331423149
2.860012329387485 0.3150184232028597
2.532338342490334 0.35242024865406185
2.1044428696509856 0.40070062993438327
1.579095160124729 0.4599669628706404
1.00816635151937 0.5300407489708896
0.5255966138360018 0.6096198385135869
0.19704806386087598 0.6960809460173379
0.006032343297731898 0.7875710699856562
0.001000125097613708 0.8841736684462624
0.0010000000000017746 0.9884446916463666
0.001 1.1037659100754538
0.001 1.2313110147847086
0.001 1.3707434863717052
0.001 1.5215872168769253
0.001 1.683479069632663
0.001 1.8561520140295065
0.001 2.0394085999840215
0.001 2.2331021486081215
0.001 2.437123408389302
0.001 2.6513908813809124
0.001 2.875843772441819
0.001 3.1104367846389502
0.001 3.3551362899827897
0.001 3.6099174992877634
0.001 3.874762387421735
0.001 4.149658197618556
0.001 4.434596362677105
0.001 4.729571860813882
0.001 4.694586430498208
0.001 4.399611973422347
0.001 4.114676477352919
0.001 3.8397852535227694
0.001 3.5749473729564505
0.001 3.3201763686943577
0.001 3.075491406566376
0.001 2.8409189204761094
0.001 2.6164948872935017
0.001 2.4022679520752606
0.001 2.1983036820135493
0.001 2.0046903910630767
0.001 1.8215471035533517
0.001 1.649034573557933
0.001 1.4873707169373005
0.001 1.3368527106865045
0.001 1.1978887282651611
0.001 1.0710074732855062
0.001000000000797674 0.9564455127453755
0.0010102974761699907 0.8523237393101437
0.043540141910354255 0.7546309561036888
0.3099951921611788 0.6611455860195388
0.7251343974352699 0.5728530091285512
1.301650217429658 0.4924372269043699
1.9095267250413894 0.42228941308000784
2.4365525092475506 0.3631591447935626
2.8600123293874935 0.31501842320285994
3.183778138368785 0.27772729006643415
3.412210113318198 0.25116984300294753
3.5481831030283097 0.23526623850088263
3.593329828637487 0.22997011003422524
3.5481831030283075 0.23526623850088257
3.412210113318196 0.2511698430029475
3.1837781383687926 0.2777272900664338
2.8600123293874917 0.3150184232028592
2.436552509247571 0.3631591447935616
1.9095267250414312 0.42228941308000567
1.3016502174296598 0.4924372269043671
0.725134397435355 0.5728530091285479
0.30999519216124183 0.6611455860195332
0.0435401419102846 0.7546309561036839
0.0010102974761699907 0.8523237393101396
0.001000000000797674 0.956445512745371
0.001 1.071007473285504
0.001 1.1978887282651591
0.001 1.3368527106865036
0.001 1.4873707169373005
0.001 1.6490345735579317
0.001 1.8215471035533517
0.001 2.0046903910630767
0.001 2.1983036820135493
0.001 2.402267952075261
0.001 2.616494887293501
0.001 2.8409189204761107
0.001 3.075491406566376
0.001 3.3201763686943573
0.001 3.5749473729564496
0.001 3.839785253522769
0.001 4.114676477352918
0.001 4.399611973422347
0.001 4.694586430498208
0.001 4.669597174844825
0.001 4.374623490994598
0.001 4.089689978455998
0.001 3.8148021665605563
0.001 3.549969504158313
0.001 3.2952061099201924
0.001 3.0505320079948186
0.001 2.815974875878334
0.001 2.5915724628082972
0.001 2.3773759470444884
0.001 2.173454492941553
0.001 1.9799015388639085
0.001 1.7968433721797903
0.001 1.6244510159637278
0.001 1.4629567341505205
0.001 1.3126773284261062
0.001 1.17404542807354
0.001 1.0475945956068657
0.001000000040879236 0.9333861934509684
0.0011658632792009983 0.8290452978783309
0.1156637937638594 0.7304686269610468
0.41505490814067225 0.6357856168461673
0.8916655628742874 0.5463847809467142
1.5245647964141196 0.4655462577473491
2.1473783472641226 0.3954348969674575
2.6715016979934694 0.33642146827945124
3.091216971130788 0.2883832331423149
3.412210113318198 0.2511698430029476
3.6387571133933476 0.22466627938620848
3.773641472159203 0.2087942579127098
3.8184335997066343 0.20350851025858063
3.7736414721592033 0.20879425791270972
3.6387571133933467 0.22466627938620817
3.4122101133182023 0.2511698430029472
3.0912169711308035 0.2883832331423139
2.6715016979934942 0.33642146827944985
2.147378347264181 0.3954348969674551
1.5245647964141884 0.4655462577473455
0.891665562874335 0.5463847809467094
0.41505490814073526 0.6357856168461617
0.11566379376387759 0.7304686269610402
0.0011658632792009983 0.8290452978783246
0.001000000040879236 0.9333861934509626
0.001 1.0475945956068624
0.001 1.1740454280735375
0.001 1.3126773284261042
0.001 1.4629567341505196
0.001 1.6244510159637267
0.001 1.7968433721797898
0.001 1.9799015388639085
0.001 2.173454492941553
0.001 2.3773759470444884
0.001 2.591572462808297
0.001 2.815974875878335
0.001 3.0505320079948186
0.001 3.2952061099201915
0.001 3.549969504158313
0.001 3.8148021665605554
0.001 4.089689978455996
0.001 4.374623490994597
0.001 4.669597174844823
0.001 4.654603760481161
0.001 4.359630552728652
0.001 4.0746982623761525
0.001 3.799812553719382
0.001 3.5349831107314453
0.001 3.2802244150458923
0.001 3.035557025502725
0.001 2.8010093918390373
0.001 2.576620367577723
0.001 2.3624427036130182
0.001 2.15854779654647
0.001 1.965032239042416
0.001 1.7820267391833884
0.001 1.6097084013563494
0.001 1.4483175406301285
0.001 1.2981806471898307
0.001 1.1597378729537964
0.001 1.0334979378912312
0.0010000003117041744 0.9193407764396611
0.001719803777638865 0.8146160318053197
0.1784144403405809 0.7153937806269498
0.503982673471243 0.6201632965633288
1.0093090706476606 0.5303877633075291
1.6617097230282158 0.44943155372527777
2.288784323893998 0.37935821860721863
2.8111716487123015 0.3204128536326673
3.2287848960575385 0.27243415542391836
3.54818310302831 0.23526623850088263
3.7736414721592024 0.2087942579127098
3.9078953773043823 0.19294078321825858
3.9524814482506843 0.1876611434790069
3.907895377304383 0.19294078321825847
3.773641472159207 0.20879425791270953
3.5481831030283186 0.23526623850088188
3.228784896057558 0.27243415542391747
2.811171648712328 0.32041285363266564
2.288784323894028 0.37935821860721636
1.6617097230283135 0.44943155372527466
1.0093090706477836 0.5303877633075239
0.5039826734712963 0.6201632965633226
0.1784144403405818 0.7153937806269431
0.0017198037776370904 0.8146160318053135
0.0010000003117041744 0.9193407764396561
0.001 1.0334979378912268
0.001 1.1597378729537935
0.001 1.2981806471898276
0.001 1.4483175406301279
0.001 1.609708401356349
0.001 1.7820267391833884
0.001 1.9650322390424153
0.001 2.15854779654647
0.001 2.3624427036130182
0.001 2.576620367577723
0.001 2.8010093918390377
0.001 3.035557025502725
0.001 3.2802244150458915
0.001 3.5349831107314444
0.001 3.7998125537193816
0.001 4.0746982623761525
0.001 4.359630552728649
0.001 4.65460376048116
0.001 4.64960597927071
0.001 4.354632932279596
0.001 4.069701054800712
0.001 3.794816056739613
0.001 3.529987701996912
0.001 3.2752305950088996
0.001 3.0305654763894245
0.001 2.7960210574350364
0.001 2.5716365668926655
0.001 2.357465288080275
0.001 2.153579373641431
0.001 1.9600764777691249
0.001 1.777088785490804
0.001 1.6047953921212763
0.001 1.443439142168805
0.001 1.293349230314759
0.001 1.154966586613557
0.001 1.0287850245553996
0.0010000005691647473 0.9146060622779786
0.002121808053668783 0.8096900940363595
0.20310848594712633 0.7102128746980515
0.5414346596119858 0.6148290684707814
1.0542550875782395 0.525010344596098
1.7086559808660071 0.44406010390948214
2.3356588319758753 0.37400562297142564
2.8574807398116207 0.31508243096641886
3.274446341306454 0.2671231253168475
3.593329828637494 0.22997011003422502
3.818433599706636 0.2035085102585806
3.9524814482506843 0.18766114347900686
3.997 0.18238351877378836
3.9524814482506865 0.18766114347900667
3.8184335997066374 0.20350851025858016
3.593329828637492 0.2299701100342246
3.274446341306485 0.26712312531684695
2.857480739811657 0.3150824309664169
2.3356588319759095 0.3740056229714234
1.7086559808660717 0.44406010390947864
1.0542550875782906 0.5250103445960937
0.5414346596120705 0.6148290684707763
0.2031084859471312 0.7102128746980452
0.0021218080536670085 0.8096900940363543
0.0010000005691647473 0.9146060622779734
0.001 1.0287850245553953
0.001 1.1549665866135552
0.001 1.2933492303147565
0.001 1.4434391421688046
0.001 1.604795392121276
0.001 1.7770887854908042
0.001 1.9600764777691246
0.001 2.1535793736414304
0.001 2.357465288080275
0.001 2.5716365668926646
0.001 2.7960210574350373
0.001 3.030565476389424
0.001 3.275230595008899
0.001 3.529987701996912
0.001 3.7948160567396116
0.001 4.069701054800712
0.001 4.354632932279594
0.001 4.649605979270706
0.001 4.654603760481162
0.001 4.359630552728652
0.001 4.0746982623761525
0.001 3.799812553719382
0.001 3.5349831107314458
0.001 3.2802244150458923
0.001 3.035557025502725
0.001 2.8010093918390377
0.001 2.576620367577723
0.001 2.3624427036130182
0.001 2.15854779654647
0.001 1.965032239042416
0.001 1.7820267391833884
0.001 1.6097084013563494
0.001 1.4483175406301285
0.001 1.2981806471898303
0.001 1.1597378729537962
0.001 1.0334979378912306
0.0010000003117041744 0.9193407764396603
0.001719803777638865 0.8146160318053185
0.178414440340639 0.7153937806269487
0.5039826734712479 0.6201632965633285
1.0093090706476668 0.5303877633075281
1.6617097230282443 0.4494315537252774
2.2887843238940007 0.37935821860721836
2.8111716487123086 0.3204128536326671
3.228784896057541 0.2724341554239183
3.5481831030283084 0.2352662385008825
3.773641472159203 0.20879425791270967
3.9078953773043836 0.19294078321825844
3.952481448250686 0.18766114347900675
3.9078953773043845 0.19294078321825828
3.7736414721592078 0.20879425791270934
3.54818310302832 0.23526623850088174
3.228784896057556 0.2724341554239173
2.81117164871233 0.32041285363266564
2.288784323894028 0.37935821860721625
1.6617097230282971 0.4494315537252747
1.0093090706477668 0.5303877633075242
0.5039826734713048 0.6201632965633229
0.17841444034060175 0.7153937806269433
0.0017198037776370904 0.8146160318053136
0.0010000003117041744 0.9193407764396564
0.001 1.0334979378912268
0.001 1.1597378729537935
0.001 1.2981806471898278
0.001 1.4483175406301279
0.001 1.6097084013563492
0.001 1.7820267391833886
0.001 1.9650322390424153
0.001 2.15854779654647
0.001 2.3624427036130182
0.001 2.576620367577723
0.001 2.8010093918390377
0.001 3.035557025502725
0.001 3.2802244150458915
0.001 3.534983110731445
0.001 3.7998125537193816
0.001 4.0746982623761525
0.001 4.359630552728649
0.001 4.65460376048116
0.001 4.669597174844825
0.001 4.3746234909945985
0.001 4.089689978455998
0.001 3.8148021665605563
0.001 3.5499695041583132
0.001 3.2952061099201924
0.001 3.0505320079948186
0.001 2.8159748758783345
0.001 2.5915724628082972
0.001 2.3773759470444884
0.001 2.1734544929415534
0.001 1.9799015388639083
0.001 1.7968433721797903
0.001 1.6244510159637278
0.001 1.4629567341505199
0.001 1.3126773284261062
0.001 1.1740454280735393
0.001 1.047594595606865
0.001000000040879236 0.9333861934509675
0.0011658632792009983 0.8290452978783287
0.115663793763898 0.7304686269610445
0.4150549081407193 0.6357856168461656
0.8916655628743185 0.5463847809467128
1.5245647964141493 0.46554625774734854
2.1473783472641377 0.39543489696745704
2.6715016979934774 0.336421468279451
3.0912169711307937 0.2883832331423147
3.4122101133182023 0.2511698430029475
3.6387571133933454 0.2246662793862083
3.773641472159204 0.20879425791270959
3.8184335997066383 0.20350851025858024
3.7736414721592078 0.20879425791270936
3.638757113393351 0.22466627938620778
3.4122101133182023 0.2511698430029468
3.0912169711308026 0.28838323314231384
2.6715016979935027 0.3364214682794496
2.1473783472641808 0.3954348969674549
1.5245647964141635 0.4655462577473455
0.8916655628743083 0.54638478094671
0.4150549081407419 0.6357856168461623
0.11566379376388292 0.7304686269610406
0.0011658632792009983 0.8290452978783249
0.001000000040879236 0.9333861934509627
0.001 1.0475945956068624
0.001 1.1740454280735373
0.001 1.3126773284261042
0.001 1.4629567341505199
0.001 1.6244510159637269
0.001 1.79684337217979
0.001 1.9799015388639085
0.001 2.173454492941553
0.001 2.377375947044488
0.001 2.591572462808297
0.001 2.8159748758783354
0.001 3.0505320079948186
0.001 3.295206109920192
0.001 3.549969504158313
0.001 3.8148021665605554
0.001 4.089689978455996
0.001 4.374623490994598
0.001 4.6695971748448235
0.001 4.69458643049821
0.001 4.399611973422347
0.001 4.114676477352919
0.001 3.8397852535227694
0.001 3.5749473729564505
0.001 3.320176368694358
0.001 3.075491406566376
0.001 2.8409189204761094
0.001 2.616494887293502
0.001 2.4022679520752606
0.001 2.1983036820135493
0.001 2.004690391063077
0.001 1.8215471035533517
0.001 1.649034573557933
0.001 1.4873707169373007
0.001 1.3368527106865042
0.001 1.1978887282651607
0.001 1.0710074732855053
0.001000000000797674 0.9564455127453743
0.0010102974761699907 0.8523237393101422
0.043540141910341834 0.7546309561036869
0.3099951921612094 0.6611455860195371
0.7251343974353147 0.5728530091285499
1.3016502174296893 0.4924372269043692
1.9095267250413894 0.422289413080007
2.4365525092475666 0.363159144793562
2.8600123293874926 0.3150184232028595
3.1837781383687944 0.27772729006643365
3.412210113318202 0.25116984300294737
3.548183103028314 0.23526623850088213
3.593329828637494 0.22997011003422466
3.5481831030283155 0.23526623850088185
3.4122101133182023 0.25116984300294687
3.1837781383687935 0.2777272900664332
2.8600123293874944 0.3150184232028588
2.43655250924758 0.36315914479356115
1.9095267250414214 0.4222894130800053
1.3016502174296305 0.4924372269043671
0.7251343974353373 0.5728530091285484
0.30999519216123694 0.6611455860195339
0.04354014191028549 0.7546309561036846
0.0010102974761699907 0.8523237393101402
0.001000000000797674 0.9564455127453717
0.001 1.0710074732855042
0.001 1.197888728265159
0.001 1.3368527106865036
0.001 1.4873707169373007
0.001 1.6490345735579321
0.001 1.821547103553352
0.001 2.0046903910630767
0.001 2.1983036820135493
0.001 2.402267952075261
0.001 2.616494887293501
0.001 2.8409189204761107
0.001 3.0754914065663765
0.001 3.3201763686943573
0.001 3.5749473729564496
0.001 3.8397852535227686
0.001 4.114676477352918
0.001 4.3996119734223464
0.001 4.694586430498208
0.001 4.729571860813883
0.001 4.434596362677107
0.001 4.149658197618556
0.001 3.8747623874217356
0.001 3.6099174992877643
0.001 3.3551362899827906
0.001 3.11043678463895
0.001 2.8758437724418187
0.001 2.651390881380913
0.001 2.4371234083893025
0.001 2.2331021486081215
0.001 2.039408599984021
0.001 1.8561520140295058
0.001 1.683479069632663
0.001 1.5215872168769262
0.001 1.3707434863717056
0.001 1.23131101478471
0.001 1.1037659100754549
0.0010000000000017746 0.9884446916463692
0.001000125097613708 0.8841736684462643
0.006032343297737222 0.7875710699856587
0.19704806386086668 0.6960809460173403
0.5255966138359282 0.6096198385135884
1.008166351519382 0.5300407489708902
1.5790951601247343 0.45996696287064137
2.10444286965096 0.4007006299343834
2.532338342490349 0.35242024865406185
2.860012329387496 0.31501842320285933
3.0912169711308026 0.28838323314231434
3.228784896057556 0.27243415542391775
3.274446341306473 0.26712312531684707
3.2287848960575545 0.27243415542391763
3.091216971130801 0.2883832331423139
2.860012329387497 0.31501842320285894
2.532338342490357 0.3524202486540612
2.1044428696509945 0.4007006299343825
1.5790951601247107 0.45996696287063993
1.0081663515193628 0.5300407489708895
0.5255966138359991 0.609619838513587
0.19704806386086135 0.6960809460173386
0.006032343297732785 0.7875710699856568
0.001000125097613708 0.884173668446263
0.0010000000000017746 0.9884446916463673
0.001 1.103765910075453
0.001 1.2313110147847088
0.001 1.3707434863717054
0.001 1.5215872168769253
0.001 1.683479069632663
0.001 1.8561520140295067
0.001 2.0394085999840215
0.001 2.2331021486081215
0.001 2.4371234083893025
0.001 2.6513908813809124
0.001 2.875843772441819
0.001 3.1104367846389502
0.001 3.3551362899827897
0.001 3.6099174992877634
0.001 3.874762387421735
0.001 4.149658197618557
0.001 4.434596362677106
0.001 4.7295718608138815
0.001 4.774553905399825
0.001 4.479577136646381
0.001 4.194635716638675
0.001 3.9197343201367496
0.001 3.654880908028452
0.001 3.400087309079753
0.001 3.1553701822474474
0.001 2.920752358500648
0.001 2.6962646677936717
0.001 2.4819484361674564
0.001 2.277858795570513
0.001 2.0840691650960257
0.001 1.9006771705046275
0.001 1.727812651658329
0.001 1.565648273701441
0.001 1.4144138701397848
0.001 1.2744150493041844
0.001 1.1460470771361628
0.001 1.0296742894561324
0.0010000001936360113 0.9248575393335534
0.0011198265022269586 0.8292994285929123
0.07521635579993578 0.74008389145765
0.3267742609125023 0.6558869743909913
0.6948353546642452 0.5779108764739167
1.178884659975776 0.5083856946992756
1.6772282626658537 0.44911966527047364
2.1044428696509683 0.40070062993438305
2.436552509247572 0.3631591447935616
2.671501697993489 0.3364214682794502
2.811171648712323 0.320412853632666
2.8574807398116433 0.3150824309664175
2.811171648712331 0.3204128536326658
2.6715016979934942 0.3364214682794498
2.4365525092475817 0.3631591447935611
2.104442869650989 0.4007006299343824
1.6772282626658501 0.4491196652704724
1.1788846599757636 0.5083856946992747
0.6948353546642855 0.5779108764739154
0.32677426091248013 0.6558869743909896
0.0752163557999065 0.7400838914576486
0.0011198265022269586 0.8292994285929112
0.0010000001936360113 0.9248575393335515
0.001 1.0296742894561304
0.001 1.1460470771361617
0.001 1.274415049304184
0.001 1.4144138701397846
0.001 1.5656482737014406
0.001 1.7278126516583288
0.001 1.900677170504628
0.001 2.0840691650960257
0.001 2.2778587955705123
0.001 2.4819484361674564
0.001 2.6962646677936712
0.001 2.9207523585006485
0.001 3.155370182247447
0.001 3.400087309079753
0.001 3.654880908028451
0.001 3.9197343201367487
0.001 4.194635716638673
0.001 4.4795771366463795
0.001 4.774553905399825
0.001 4.829533086628712
0.001 4.5345548621026674
0.001 4.249609718178081
0.001 3.9747019374882653
0.001 3.7098388041290895
0.001 3.455031104855946
0.001 3.2102939809269673
0.001 2.9756480815737727
0.001 2.7511211501292148
0.001 2.5367501292129373
0.001 2.332583955540304
0.001 2.13868721947401
0.001 1.9551449524566875
0.001 1.7820688189911096
0.001 1.6196050683785692
0.001 1.4679445029304856
0.001 1.327334448543883
0.001 1.198088628242482
0.001 1.0805490937402251
0.0010000000000195204 0.9747604246880568
0.0010002271214456626 0.8795071720267842
0.004694652609766843 0.792093400786599
0.15274431087608947 0.7106227163275703
0.4137520773200081 0.6351314206717017
0.7651761786684337 0.5671324852196556
1.1788846599757943 0.5083856946992754
1.5790951601247232 0.4599669628706409
1.9095267250414036 0.4222894130800063
2.147378347264154 0.3954348969674559
2.2887843238940193 0.3793582186072169
2.3356588319759033 0.3740056229714241
2.288784323894028 0.3793582186072166
2.1473783472641705 0.3954348969674553
1.9095267250414139 0.4222894130800056
1.5790951601247165 0.4599669628706401
1.1788846599757659 0.5083856946992747
0.7651761786684284 0.5671324852196549
0.413752077319982 0.635131420671701
0.15274431087608148 0.7106227163275698
0.004694652609768616 0.7920934007865977
0.0010002271214456626 0.8795071720267832
0.0010000000000195204 0.9747604246880558
0.001 1.0805490937402251
0.001 1.1980886282424805
0.001 1.3273344485438823
0.001 1.4679445029304847
0.001 1.6196050683785685
0.001 1.7820688189911094
0.001 1.9551449524566875
0.001 2.13868721947401
0.001 2.332583955540304
0.001 2.536750129212937
0.001 2.7511211501292143
0.001 2.9756480815737736
0.001 3.2102939809269673
0.001 3.4550311048559443
0.001 3.7098388041290877
0.001 3.974701937488264
0.001 4.249609718178078
0.001 4.534554862102665
0.001 4.829533086628709
0.001 4.894509983527413
0.001 4.599530166318927
0.001 4.314580953882028
0.001 4.039666210658097
0.001 3.7747924987067414
0.001 3.5199694987891563
0.001 3.2752107459141326
0.001 3.0405345948085296
0.001 2.815965557873378
0.001 2.6015360247554518
0.001 2.397288540912964
0.001 2.2032786794513366
0.001 2.0195787432326733
0.001 1.8462823102606924
0.001 1.6835098635908845
0.001 1.5314152966587813
0.001 1.3901932110839976
0.001 1.2600852903086763
0.001 1.1413738136265046
0.001 1.034267364559161
0.0010000000152223514 0.9383565875274217
0.0010072888056672032 0.8519786748445416
0.014497142249311545 0.7730498522268003
0.18123626691007924 0.700555912867611
0.41375207731998637 0.6351314206717015
0.694835354664255 0.5779108764739158
1.0081663515193735 0.5300407489708899
1.301650217429642 0.49243722690436814
1.5245647964141458 0.46554625774734687
1.6617097230282705 0.44943155372527543
1.7086559808660713 0.4440601039094796
1.6617097230282931 0.449431553725275
1.5245647964141884 0.4655462577473459
1.3016502174296558 0.4924372269043674
1.0081663515193753 0.5300407489708894
0.6948353546642753 0.5779108764739153
0.41375207731998725 0.6351314206717009
0.18123626691007835 0.7005559128676103
0.014497142249321308 0.7730498522267999
0.0010072888056672032 0.8519786748445403
0.0010000000152223514 0.9383565875274202
0.001 1.03426736455916
0.001 1.141373813626503
0.001 1.2600852903086759
0.001 1.3901932110839972
0.001 1.5314152966587806
0.001 1.6835098635908845
0.001 1.8462823102606924
0.001 2.0195787432326737
0.001 2.2032786794513366
0.001 2.397288540912964
0.001 2.6015360247554518
0.001 2.815965557873378
0.001 3.0405345948085296
0.001 3.275210745914133
0.001 3.5199694987891545
0.001 3.77479249870674
0.001 4.039666210658094
0.001 4.314580953882025
0.001 4.599530166318923
0.001 4.894509983527407
0.001 4.969485200641224
0.001 4.6745037035348345
0.001 4.389550204913499
0.001 4.114628143153861
0.001 3.849743337295917
0.001 3.5949043472948925
0.001 3.350123072417717
0.001 3.115415565954334
0.001 2.890803098105359
0.001 2.676313559758225
0.001 2.4719832077604615
0.001 2.2778588943514175
0.001 2.0940007382565677
0.001 1.9204853856200323
0.001 1.757409673624428
0.001 1.6048947073515496
0.001 1.4630897379255847
0.001 1.3321753346732037
0.001 1.2123619097152527
0.001 1.1038544822075735
0.001 1.0066623310517169
0.0010000003027079388 0.9201317286084244
0.0010196440270746824 0.8427242434756981
0.01449714224931421 0.7730498522268006
0.15274431087607704 0.7106227163275702
0.326774260912473 0.6558869743909909
0.5255966138359308 0.6096198385135883
0.7251343974352876 0.5728530091285498
0.8916655628743043 0.5463847809467115
1.0093090706477312 0.5303877633075257
1.0542550875782932 0.5250103445960945
1.0093090706477512 0.5303877633075248
0.8916655628743279 0.5463847809467097
0.7251343974353196 0.5728530091285483
0.5255966138359819 0.609619838513587
0.3267742609124819 0.6558869743909899
0.15274431087607615 0.7106227163275696
0.014497142249318643 0.7730498522267999
0.0010196440270746824 0.8427242434756972
0.0010000003027079388 0.9201317286084233
0.001 1.0066623310517158
0.001 1.1038544822075733
0.001 1.2123619097152518
0.001 1.3321753346732035
0.001 1.4630897379255843
0.001 1.6048947073515498
0.001 1.757409673624428
0.001 1.9204853856200321
0.001 2.0940007382565677
0.001 2.277858894351418
0.001 2.4719832077604615
0.001 2.676313559758225
0.001 2.890803098105358
0.001 3.1154155659543337
0.001 3.3501230724177167
0.001 3.5949043472948907
0.001 3.8497433372959153
0.001 4.11462814315386
0.001 4.389550204913498
0.001 4.6745037035348265
0.001 4.969485200641216
0.001 5.054459342486334
0.001 4.759476125175535
0.001 4.474518246354225
0.001 4.1995887198657105
0.001 3.9346926337546395
0.001 3.6798374408161925
0.001 3.435033446826489
0.001 3.200294463489472
0.001 2.975638649735091
0.001 2.761089599024498
0.001 2.5566776600990813
0.001 2.3624415707184836
0.001 2.178430339142573
0.001 2.0047054217248776
0.001 1.841342991956599
0.001 1.6884361937409653
0.001 1.5460968410599738
0.001 1.4144560635955263
0.001 1.293662277953706
0.001 1.1838701190631546
0.001 1.085188073705408
0.001 0.9974897195871886
0.0010000003027079388 0.9201317286084241
0.0010072888056672032 0.8519786748445413
0.004694652609766843 0.7920934007865985
0.07521635579995664 0.7400838914576497
0.19704806386088042 0.6960809460173404
0.3099951921612037 0.6611455860195362
0.4150549081406807 0.6357856168461641
0.5039826734712821 0.6201632965633246
0.5414346596120705 0.6148290684707772
0.503982673471303 0.6201632965633238
0.4150549081406931 0.6357856168461625
0.30999519216123783 0.6611455860195344
0.19704806386088708 0.6960809460173386
0.07521635579993224 0.7400838914576486
0.004694652609766843 0.7920934007865978
0.0010072888056672032 0.8519786748445404
0.0010000003027079388 0.9201317286084233
0.001 0.9974897195871879
0.001 1.0851880737054074
0.001 1.1838701190631542
0.001 1.2936622779537055
0.001 1.4144560635955257
0.001 1.5460968410599731
0.001 1.6884361937409649
0.001 1.8413429919565993
0.001 2.0047054217248776
0.001 2.1784303391425737
0.001 2.3624415707184836
0.001 2.556677660099081
0.001 2.761089599024498
0.001 2.9756386497350906
0.001 3.200294463489472
0.001 3.435033446826488
0.001 3.6798374408161907
0.001 3.9346926337546377
0.001 4.199588719865707
0.001 4.474518246354222
0.001 4.759476125175526
0.001 5.054459342486323
0.001 5.149432987585014
0.001 4.854448053730379
0.001 4.569485812113973
0.001 4.294548867565888
0.001 4.029641607394102
0.001 3.774770427336261
0.001 3.5299441232797792
0.001 3.295174398184457
0.001 3.070476513937542
0.001 2.8558701042456294
0.001 2.65138014633169
0.001 2.457038106814812
0.001 2.2728832120617697
0.001 2.098963807173687
0.001 1.9353386387510885
0.001 1.7820778774014194
0.001 1.639263468166857
0.001 1.5069883201526506
0.001 1.3853534558053318
0.001 1.2744615236581032
0.001 1.17439944497249
0.001 1.0851880737054078
0.001 1.0066623310517164
0.0010000000152223514 0.9383565875274212
0.0010002271214456626 0.879507172026784
0.0011198265022269586 0.8292994285929116
0.006032343297738109 0.7875710699856583
0.04354014191032764 0.7546309561036866
0.11566379376384875 0.7304686269610434
0.1784144403405747 0.7153937806269453
0.2031084859471281 0.7102128746980461
0.17841444034059065 0.715393780626944
0.11566379376388912 0.7304686269610414
0.04354014191032764 0.7546309561036844
0.006032343297738109 0.7875710699856564
0.0011198265022269586 0.8292994285929105
0.0010002271214456626 0.8795071720267834
0.0010000000152223514 0.9383565875274206
0.001 1.0066623310517155
0.001 1.0851880737054074
0.001 1.1743994449724893
0.001 1.274461523658103
0.001 1.385353455805332
0.001 1.5069883201526502
0.001 1.6392634681668568
0.001 1.7820778774014192
0.001 1.9353386387510885
0.001 2.098963807173687
0.001 2.27288321206177
0.001 2.457038106814813
0.001 2.65138014633169
0.001 2.8558701042456285
0.001 3.0704765139375416
0.001 3.2951743981844572
0.001 3.529944123279778
0.001 3.7747704273362577
0.001 4.029641607394099
0.001 4.2945488675658865
0.001 4.569485812113969
0.001 4.854448053730373
0.001 5.149432987585007
0.001 5.254406669070643
0.001 4.959420060291798
0.001 4.67445356980475
0.001 4.399509419102928
0.001 4.13459134050563
0.001 3.8797047480363474
0.001 3.6348570442515085
0.001 3.4000580041141237
0.001 3.175320266164487
0.001 2.960659922225241
0.001 2.756097207618113
0.001 2.561657271306911
0.001 2.3773709873825224
0.001 2.203275733047166
0.001 2.039416004951463
0.001 1.8858436756843167
0.001 1.7426175903212908
0.001 1.6098020897571217
0.001 1.4874639012161854
0.001 1.375666644398361
0.001 1.2744615236581034
0.001 1.1838701190631544
0.001 1.1038544822075729
0.001 1.0342673645591605
0.0010000000000195204 0.974760424688056
0.0010000001936360113 0.9248575393335531
0.001000125097613708 0.8841736684462644
0.0010102974761699907 0.8523237393101417
0.0011658632792018856 0.8290452978783275
0.0017198037776379777 0.8146160318053154
0.0021218080536661212 0.8096900940363553
0.0017198037776379777 0.8146160318053144
0.0011658632792009983 0.8290452978783251
0.0010102974761699907 0.8523237393101398
0.001000125097613708 0.8841736684462623
0.0010000001936360113 0.9248575393335511
0.0010000000000195204 0.9747604246880558
0.001 1.03426736455916
0.001 1.103854482207573
0.001 1.183870119063154
0.001 1.2744615236581027
0.001 1.3756666443983612
0.001 1.4874639012161852
0.001 1.609802089757121
0.001 1.7426175903212906
0.001 1.8858436756843164
0.001 2.039416004951464
0.001 2.203275733047166
0.001 2.3773709873825233
0.001 2.5616572713069106
0.001 2.7560972076181125
0.001 2.9606599222252408
0.001 3.175320266164486
0.001 3.4000580041141233
0.001 3.634857044251507
0.001 3.8797047480363447
0.001 4.1345913405056285
0.001 4.399509419102923
0.001 4.674453569804745
0.001 4.959420060291793
0.001 5.254406669070637
0.001 5.369380858255414
0.001 5.07439264746892
0.001 4.789422101156022
0.001 4.5144710899549505
0.001 4.24954274809886
0.001 3.9946415995173865
0.001 3.7497737915507776
0.001 3.5149473795468658
0.001 3.2901726850651696
0.001 3.075462712035898
0.001 2.870833616544166
0.001 2.6763052013855253
0.001 2.491901395406497
0.001 2.317650643138053
0.001 2.1535860957925883
0.001 1.9997454391394942
0.001 1.856170134212927
0.001 1.7229037734125503
0.001 1.599989189113487
0.001 1.4874639012161852
0.001 1.385353455805332
0.001 1.2936622779537055
0.001 1.2123619097152525
0.001 1.141373813626504
0.001 1.0805490937402256
0.001 1.0296742894561315
0.0010000000000017746 0.9884446916463686
0.001000000000797674 0.9564455127453735
0.001000000040879236 0.9333861934509649
0.0010000003117041744 0.9193407764396574
0.0010000005691647473 0.9146060622779749
0.0010000003117041744 0.919340776439657
0.001000000040879236 0.9333861934509632
0.001000000000797674 0.956445512745372
0.0010000000000017746 0.9884446916463672
0.001 1.0296742894561302
0.001 1.0805490937402247
0.001 1.1413738136265033
0.001 1.212361909715252
0.001 1.2936622779537053
0.001 1.385353455805332
0.001 1.4874639012161852
0.001 1.5999891891134865
0.001 1.7229037734125499
0.001 1.8561701342129269
0.001 1.999745439139494
0.001 2.1535860957925883
0.001 2.3176506431380535
0.001 2.4919013954064972
0.001 2.6763052013855253
0.001 2.8708336165441652
0.001 3.0754627120358986
0.001 3.290172685065168
0.001 3.5149473795468653
0.001 3.749773791550776
0.001 3.9946415995173856
0.001 4.249542748098858
0.001 4.514471089954944
0.001 4.789422101156017
0.001 5.0743926474689145
0.001 5.369380858255407
0.001 5.494355954462203
0.001 5.1993662387253625
0.001 4.91439189020009
0.001 4.639434464944319
0.001 4.374496562841373
0.001 4.119581917566222
0.001 3.874695570407095
0.001 3.6398440757267214
0.001 3.415035754395325
0.001 3.2002809774841134
0.001 2.995592471819353
0.001 2.8009856179409667
0.001 2.616478702494948
0.001 2.442093060537103
0.001 2.2778530195811615
0.001 2.1237855201642954
0.001 1.9799192533154975
0.001 1.846283117103573
0.001 1.72290377341255
0.001 1.6098020897571215
0.001 1.5069883201526506
0.001 1.414456063595526
0.001 1.3321753346732035
0.001 1.260085290308676
0.001 1.1980886282424807
0.001 1.146047077136162
0.001 1.103765910075454
0.001 1.0710074732855048
0.001 1.0475945956068635
0.001 1.0334979378912281
0.001 1.0287850245553962
0.001 1.033497937891227
0.001 1.047594595606863
0.001 1.071007473285504
0.001 1.103765910075453
0.001 1.1460470771361613
0.001 1.1980886282424807
0.001 1.2600852903086754
0.001 1.3321753346732037
0.001 1.4144560635955257
0.001 1.5069883201526504
0.001 1.609802089757121
0.001 1.7229037734125499
0.001 1.8462831171035727
0.001 1.9799192533154977
0.001 2.123785520164296
0.001 2.277853019581162
0.001 2.442093060537103
0.001 2.6164787024949487
0.001 2.800985617940967
0.001 2.9955924718193527
0.001 3.200280977484114
0.001 3.415035754395325
0.001 3.6398440757267214
0.001 3.874695570407093
0.001 4.11958191756622
0.001 4.37449656284137
0.001 4.639434464944311
0.001 4.914391890200085
0.001 5.1993662387253545
0.001 5.494355954462193
0.001 5.629332280057802
0.001 5.334341173514182
0.001 5.049363318573369
0.001 4.774399994601168
0.001 4.509453333253145
0.001 4.254526380051131
0.001 4.009623220627193
0.001 3.7747491247183316
0.001 3.549910719732113
0.001 3.33511617630085
0.001 3.1303753960590455
0.001 2.935700174747309
0.001 2.751104307662246
0.001 2.576603585344007
0.001 2.4122156119833678
0.001 2.257959356449245
0.001 2.1138543279623523
0.001 1.9799192533154975
0.001 1.8561701342129273
0.001 1.7426175903212906
0.001 1.6392634681668568
0.001 1.5460968410599738
0.001 1.4630897379255847
0.001 1.3901932110839974
0.001 1.3273344485438827
0.001 1.2744150493041844
0.001 1.2313110147847093
0.001 1.1978887282651596
0.001 1.1740454280735382
0.001 1.1597378729537946
0.001 1.1549665866135552
0.001 1.1597378729537944
0.001 1.1740454280735377
0.001 1.1978887282651591
0.001 1.2313110147847086
0.001 1.2744150493041837
0.001 1.3273344485438825
0.001 1.3901932110839972
0.001 1.4630897379255843
0.001 1.5460968410599734
0.001 1.6392634681668568
0.001 1.7426175903212906
0.001 1.8561701342129269
0.001 1.9799192533154977
0.001 2.113854327962353
0.001 2.257959356449245
0.001 2.4122156119833686
0.001 2.5766035853440075
0.001 2.7511043076622475
0.001 2.9357001747473084
0.001 3.130375396059045
0.001 3.3351161763008492
0.001 3.549910719732113
0.001 3.774749124718331
0.001 4.0096232206271925
0.001 4.2545263800511295
0.001 4.509453333253144
0.001 4.774399994601164
0.001 5.049363318573367
0.001 5.334341173514172
0.001 5.62933228005779
0.001 5.774310080156298
0.001 5.479317707444196
0.001 5.194336667115322
0.001 4.919367999426968
0.001 4.654413432932606
0.001 4.39947542441829
0.001 4.1545572483491275
0.001 3.9196630944133615
0.001 3.694798182020149
0.001 3.479968875419259
0.001 3.2751827901608728
0.001 3.0804488677785162
0.001 2.8957773920516408
0.001 2.7211799066085103
0.001 2.5566689848438475
0.001 2.402257790005025
0.001 2.2579593564492444
0.001 2.1237855201642954
0.001 1.9997454391394942
0.001 1.8858436756843164
0.001 1.7820778774014192
0.001 1.688436193740965
0.001 1.6048947073515494
0.001 1.5314152966587808
0.001 1.4679445029304852
0.001 1.4144138701397848
0.001 1.3707434863717054
0.001 1.336852710686504
0.001 1.312677328426105
0.001 1.2981806471898283
0.001 1.2933492303147571
0.001 1.2981806471898285
0.001 1.3126773284261044
0.001 1.3368527106865036
0.001 1.3707434863717052
0.001 1.4144138701397844
0.001 1.4679445029304847
0.001 1.5314152966587806
0.001 1.6048947073515498
0.001 1.6884361937409649
0.001 1.7820778774014192
0.001 1.8858436756843162
0.001 1.999745439139494
0.001 2.123785520164296
0.001 2.257959356449245
0.001 2.402257790005025
0.001 2.5566689848438484
0.001 2.72117990660851
0.001 2.895777392051641
0.001 3.0804488677785162
0.001 3.275182790160872
0.001 3.479968875419259
0.001 3.6947981820201483
0.001 3.9196630944133624
0.001 4.154557248349127
0.001 4.399475424418288
0.001 4.654413432932602
0.001 4.919367999426963
0.001 5.1943366671153175
0.001 5.479317707444191
0.001 5.774310080156291
0.001 5.929289526229649
0.001 5.634296016676148
0.001 5.349312122410789
0.001 5.0743386803965125
0.001 4.809377077721711
0.001 4.554429275588289
0.001 4.30949787097901
0.001 4.0745861601040705
0.001 3.8496982104585067
0.001 3.634838927124758
0.001 3.430014105299149
0.001 3.2352304501819007
0.001 3.050495543697192
0.001 2.8758177282820276
0.001 2.7112058735443973
0.001 2.5566689848438484
0.001 2.412215611983368
0.001 2.2778530195811624
0.001 2.1535860957925883
0.001 2.0394160049514634
0.001 1.935338638751089
0.001 1.8413429919565996
0.001 1.7574096736244285
0.001 1.6835098635908845
0.001 1.6196050683785692
0.001 1.565648273701441
0.001 1.521587216876926
0.001 1.4873707169373007
0.001 1.46295673415052
0.001 1.4483175406301279
0.001 1.443439142168805
0.001 1.448317540630128
0.001 1.4629567341505196
0.001 1.4873707169373005
0.001 1.5215872168769258
0.001 1.5656482737014406
0.001 1.6196050683785685
0.001 1.6835098635908845
0.001 1.757409673624428
0.001 1.8413429919565993
0.001 1.9353386387510887
0.001 2.039416004951464
0.001 2.1535860957925883
0.001 2.277853019581162
0.001 2.4122156119833686
0.001 2.5566689848438484
0.001 2.7112058735443973
0.001 2.8758177282820285
0.001 3.050495543697193
0.001 3.235230450181901
0.001 3.430014105299149
0.001 3.6348389271247585
0.001 3.849698210458506
0.001 4.0745861601040705
0.001 4.30949787097901
0.001 4.554429275588287
0.001 4.809377077721709
0.001 5.07433868039651
0.001 5.349312122410782
0.001 5.634296016676142
0.001 5.929289526229643
0.001 6.094270722695542
0.001 5.799276205471907
0.001 5.51428978690303
0.001 5.239312133682009
0.001 4.974344347930251
0.001 4.719387979833118
0.001 4.474445068863359
0.001 4.2395181828994595
0.001 4.014610460743351
0.001 3.7997256458210598
0.001 3.5948681046628517
0.001 3.4000428152844657
0.001 3.215255310362112
0.001 3.0405115538598806
0.001 2.8758177282820276
0.001 2.7211799066085103
0.001 2.576603585344007
0.001 2.442093060537103
0.001 2.317650643138053
0.001 2.203275733047166
0.001 2.098963807173687
0.001 2.0047054217248776
0.001 1.9204853856200321
0.001 1.8462823102606924
0.001 1.7820688189911096
0.001 1.727812651658329
0.001 1.6834790696326631
0.001 1.6490345735579326
0.001 1.6244510159637273
0.001 1.6097084013563494
0.001 1.6047953921212763
0.001 1.6097084013563494
0.001 1.6244510159637269
0.001 1.6490345735579321
0.001 1.683479069632663
0.001 1.727812651658329
0.001 1.7820688189911094
0.001 1.8462823102606924
0.001 1.9204853856200321
0.001 2.0047054217248776
0.001 2.098963807173687
0.001 2.203275733047166
0.001 2.3176506431380535
0.001 2.442093060537103
0.001 2.5766035853440075
0.001 2.7211799066085103
0.001 2.8758177282820285
0.001 3.040511553859881
0.001 3.215255310362112
0.001 3.400042815284466
0.001 3.5948681046628517
0.001 3.7997256458210593
0.001 4.01461046074335
0.001 4.2395181828994595
0.001 4.474445068863357
0.001 4.719387979833116
0.001 4.9743443479302485
0.001 5.239312133682006
0.001 5.514289786903027
0.001 5.799276205471902
0.001 6.094270722695537
0.001 6.2692537155596115
0.001 5.974258315869192
0.001 5.689269691267664
0.001 5.4142883678129365
0.001 5.149315213066885
0.001 4.894351440984091
0.001 4.649398638451167
0.001 4.414458787595661
0.001 4.189534288419492
0.001 3.9746279716980464
0.001 3.7697430972815096
0.001 3.5748833264537683
0.001 3.3900526575948717
0.001 3.215255310362112
0.001 3.050495543697193
0.001 2.895777392051641
0.001 2.751104307662247
0.001 2.616478702494949
0.001 2.4919013954064972
0.001 2.377370987382523
0.001 2.2728832120617697
0.001 2.1784303391425737
0.001 2.0940007382565677
0.001 2.0195787432326737
0.001 1.9551449524566877
0.001 1.900677170504628
0.001 1.8561520140295065
0.001 1.8215471035533521
0.001 1.7968433721797903
0.001 1.7820267391833888
0.001 1.7770887854908042
0.001 1.7820267391833888
0.001 1.7968433721797903
0.001 1.821547103553352
0.001 1.8561520140295067
0.001 1.900677170504628
0.001 1.9551449524566877
0.001 2.0195787432326733
0.001 2.0940007382565677
0.001 2.1784303391425737
0.001 2.2728832120617697
0.001 2.3773709873825233
0.001 2.4919013954064972
0.001 2.6164787024949487
0.001 2.7511043076622475
0.001 2.895777392051641
0.001 3.050495543697193
0.001 3.215255310362112
0.001 3.390052657594872
0.001 3.5748833264537687
0.001 3.7697430972815096
0.001 3.974627971698047
0.001 4.189534288419492
0.001 4.414458787595662
0.001 4.649398638451166
0.001 4.8943514409840905
0.001 5.149315213066882
0.001 5.414288367812933
0.001 5.689269691267661
0.001 5.974258315869189
0.001 6.269253715559609
0.001 6.454238502194027
0.001 6.159242338470913
0.001 5.874251807824075
0.001 5.599267321651889
0.001 5.334289556913293
0.001 5.079319455987508
0.001 4.834358242948358
0.001 4.599407434651739
0.001 4.37446885052239
0.001 4.159544612915473
0.001 3.9546371345779474
0.001 3.759749084734856
0.001 3.5748833264537683
0.001 3.4000428152844653
0.001 3.2352304501819003
0.001 3.0804488677785162
0.001 2.9357001747473084
0.001 2.800985617940967
0.001 2.676305201385525
0.001 2.5616572713069106
0.001 2.457038106814813
0.001 2.3624415707184836
0.001 2.2778588943514175
0.001 2.203278679451336
0.001 2.13868721947401
0.001 2.0840691650960257
0.001 2.0394085999840215
0.001 2.0046903910630767
0.001 1.9799015388639087
0.001 1.9650322390424153
0.001 1.9600764777691249
0.001 1.9650322390424153
0.001 1.9799015388639085
0.001 2.0046903910630767
0.001 2.0394085999840215
0.001 2.0840691650960257
0.001 2.13868721947401
0.001 2.2032786794513366
0.001 2.2778588943514175
0.001 2.3624415707184836
0.001 2.457038106814813
0.001 2.5616572713069106
0.001 2.6763052013855253
0.001 2.800985617940967
0.001 2.9357001747473084
0.001 3.0804488677785162
0.001 3.235230450181901
0.001 3.400042815284466
0.001 3.5748833264537687
0.001 3.759749084734855
0.001 3.954637134577947
0.001 4.159544612915473
0.001 4.37446885052239
0.001 4.599407434651738
0.001 4.834358242948358
0.001 5.079319455987507
0.001 5.3342895569132915
0.001 5.599267321651887
0.001 5.874251807824071
0.001 6.159242338470912
0.001 6.454238502194024
0.001 6.649225041530124
0.001 6.3542282235705745
0.001 6.069236064049407
0.001 5.794248882019916
0.001 5.529267201411101
0.001 5.2742917478481255
0.001 5.029323457946978
0.001 4.79436348322983
0.001 4.569413192013222
0.001 4.354474162841472
0.001 4.149548167091851
0.001 3.954637134577947
0.001 3.769743097281509
0.001 3.594868104662851
0.001 3.430014105299148
0.001 3.2751827901608723
0.001 3.130375396059045
0.001 2.9955924718193527
0.001 2.8708336165441652
0.001 2.7560972076181125
0.001 2.6513801463316895
0.001 2.5566776600990804
0.001 2.471983207760461
0.001 2.3972885409129634
0.001 2.332583955540304
0.001 2.2778587955705127
0.001 2.2331021486081215
0.001 2.1983036820135493
0.001 2.173454492941553
0.001 2.15854779654647
0.001 2.1535793736414304
0.001 2.15854779654647
0.001 2.173454492941553
0.001 2.1983036820135493
0.001 2.2331021486081215
0.001 2.2778587955705123
0.001 2.332583955540304
0.001 2.397288540912964
0.001 2.471983207760461
0.001 2.556677660099081
0.001 2.65138014633169
0.001 2.756097207618113
0.001 2.8708336165441652
0.001 2.9955924718193527
0.001 3.130375396059045
0.001 3.275182790160872
0.001 3.430014105299149
0.001 3.5948681046628517
0.001 3.7697430972815096
0.001 3.954637134577947
0.001 4.149548167091851
0.001 4.354474162841472
0.001 4.569413192013222
0.001 4.794363483229829
0.001 5.029323457946978
0.001 5.274291747848124
0.001 5.529267201411099
0.001 5.7942488820199145
0.001 6.069236064049401
0.001 6.354228223570572
0.001 6.649225041530122
0.001 6.854213264004454
0.001 6.55921589191045
0.001 6.2742223554006875
0.001 5.999232900016567
0.001 5.734247928224321
0.001 5.479267994592144
0.001 5.234293810493472
0.001 4.999326243681078
0.001 4.774366315658597
0.001 4.559415191818484
0.001 4.3544741628414725
0.001 4.1595446129154725
0.001 3.974627971698046
0.001 3.7997256458210598
0.001 3.6348389271247576
0.001 3.4799688754192584
0.001 3.3351161763008492
0.001 3.200280977484114
0.001 3.075462712035898
0.001 2.9606599222252403
0.001 2.8558701042456285
0.001 2.761089599024498
0.001 2.6763135597582246
0.001 2.6015360247554513
0.001 2.536750129212937
0.001 2.4819484361674564
0.001 2.437123408389302
0.001 2.402267952075261
0.001 2.3773759470444884
0.001 2.3624427036130182
0.001 2.357465288080275
0.001 2.3624427036130182
0.001 2.3773759470444884
0.001 2.402267952075261
0.001 2.437123408389302
0.001 2.4819484361674564
0.001 2.536750129212937
0.001 2.6015360247554513
0.001 2.676313559758225
0.001 2.761089599024498
0.001 2.8558701042456285
0.001 2.9606599222252403
0.001 3.0754627120358986
0.001 3.200280977484114
0.001 3.3351161763008492
0.001 3.479968875419259
0.001 3.634838927124759
0.001 3.7997256458210598
0.001 3.9746279716980464
0.001 4.159544612915473
0.001 4.354474162841472
0.001 4.559415191818485
0.001 4.774366315658598
0.001 4.999326243681079
0.001 5.234293810493472
0.001 5.479267994592143
0.001 5.73424792822432
0.001 5.999232900016566
0.001 6.274222355400685
0.001 6.559215891910445
0.001 6.854213264004448
0.001 7.069203080881114
0.001 6.774205244681756
0.001 6.489210557018443
0.001 6.214219205575043
0.001 5.949231497480939
0.001 5.694247853784347
0.001 5.4492688112470145
0.001 5.21429501949879
0.001 4.989327236104972
0.001 4.774366315658596
0.001 4.569413192013222
0.001 4.374468850522389
0.001 4.189534288419492
0.001 4.01461046074335
0.001 3.849698210458505
0.001 3.6947981820201483
0.001 3.5499107197321123
0.001 3.415035754395324
0.001 3.290172685065168
0.001 3.175320266164486
0.001 3.070476513937541
0.001 2.97563864973509
0.001 2.8908030981053576
0.001 2.8159655578733775
0.001 2.751121150129214
0.001 2.6962646677936712
0.001 2.651390881380913
0.001 2.616494887293501
0.001 2.591572462808297
0.001 2.5766203675777226
0.001 2.571636566892665
0.001 2.5766203675777226
0.001 2.591572462808297
0.001 2.616494887293501
0.001 2.651390881380913
0.001 2.696264667793671
0.001 2.7511211501292143
0.001 2.815965557873378
0.001 2.890803098105358
0.001 2.9756386497350906
0.001 3.070476513937542
0.001 3.175320266164486
0.001 3.2901726850651682
0.001 3.415035754395325
0.001 3.5499107197321127
0.001 3.6947981820201483
0.001 3.8496982104585062
0.001 4.014610460743351
0.001 4.189534288419491
0.001 4.37446885052239
0.001 4.569413192013222
0.001 4.774366315658598
0.001 4.989327236104972
0.001 5.214295019498791
0.001 5.449268811247014
0.001 5.694247853784346
0.001 5.949231497480937
0.001 6.214219205575041
0.001 6.48921055701844
0.001 6.774205244681752
0.001 7.069203080881109
0.001 7.294194392572346
0.001 6.999196172382069
0.001 6.714200533920799
0.001 6.439207619859429
0.001 6.174217663341055
0.001 5.9192309823445655
0.001 5.67424797972686
0.001 5.439269139203002
0.001 5.214295019498792
0.001 4.999326243681078
0.001 4.79436348322983
0.001 4.599407434651738
0.001 4.414458787595661
0.001 4.2395181828994595
0.001 4.074586160104069
0.001 3.9196630944133624
0.001 3.7747491247183307
0.001 3.639844075726721
0.001 3.5149473795468653
0.001 3.4000580041141233
0.001 3.2951743981844572
0.001 3.200294463489472
0.001 3.1154155659543337
0.001 3.0405345948085296
0.001 2.975648081573773
0.001 2.9207523585006485
0.001 2.875843772441819
0.001 2.8409189204761107
0.001 2.815974875878335
0.001 2.8010093918390377
0.001 2.7960210574350373
0.001 2.8010093918390377
0.001 2.8159748758783354
0.001 2.8409189204761107
0.001 2.875843772441819
0.001 2.9207523585006485
0.001 2.9756480815737727
0.001 3.0405345948085296
0.001 3.115415565954333
0.001 3.200294463489472
0.001 3.2951743981844572
0.001 3.4000580041141233
0.001 3.5149473795468653
0.001 3.6398440757267214
0.001 3.7747491247183316
0.001 3.9196630944133624
0.001 4.0745861601040705
0.001 4.2395181828994595
0.001 4.414458787595662
0.001 4.599407434651738
0.001 4.794363483229829
0.001 4.999326243681079
0.001 5.214295019498791
0.001 5.439269139203004
0.001 5.67424797972686
0.001 5.919230982344565
0.001 6.174217663341053
0.001 6.439207619859427
0.001 6.714200533920798
0.001 6.999196172382064
0.001 7.29419439257234
0.001 7.529187095922099
0.001 7.2341885625099955
0.001 6.949192149708554
0.001 6.6741979656066395
0.001 6.409206186633792
0.001 6.154217052159586
0.001 5.909230863546846
0.001 5.67424797972686
0.001 5.449268811247014
0.001 5.234293810493473
0.001 5.029323457946977
0.001 4.834358242948357
0.001 4.649398638451165
0.001 4.474445068863356
0.001 4.309497870979008
0.001 4.1545572483491275
0.001 4.0096232206271925
0.001 3.874695570407093
0.001 3.7497737915507763
0.001 3.634857044251507
0.001 3.529944123279778
0.001 3.435033446826488
0.001 3.3501230724177167
0.001 3.2752107459141326
0.001 3.2102939809269673
0.001 3.155370182247447
0.001 3.1104367846389502
0.001 3.075491406566376
0.001 3.0505320079948186
0.001 3.0355570255027247
0.001 3.030565476389424
0.001 3.0355570255027247
0.001 3.0505320079948186
0.001 3.0754914065663765
0.001 3.11043678463895
0.001 3.155370182247447
0.001 3.2102939809269673
0.001 3.2752107459141326
0.001 3.350123072417717
0.001 3.435033446826488
0.001 3.529944123279778
0.001 3.634857044251507
0.001 3.749773791550776
0.001 3.874695570407093
0.001 4.0096232206271925
0.001 4.154557248349127
0.001 4.309497870979009
0.001 4.474445068863357
0.001 4.649398638451166
0.001 4.834358242948358
0.001 5.029323457946977
0.001 5.234293810493472
0.001 5.449268811247014
0.001 5.67424797972686
0.001 5.909230863546845
0.001 6.154217052159585
0.001 6.409206186633791
0.001 6.674197965606636
0.001 6.949192149708551
0.001 7.234188562509994
0.001 7.529187095922096
0.001 7.774181090238364
0.001 7.479182305891619
0.001 7.194185273604504
0.001 6.919190075295585
0.001 6.654196844561776
0.001 6.39920576168023
0.001 6.154217052159585
0.001 5.919230982344565
0.001 5.694247853784347
0.001 5.479267994592141
0.001 5.274291747848125
0.001 5.079319455987506
0.001 4.894351440984089
0.001 4.719387979833116
0.001 4.554429275588286
0.001 4.399475424418287
0.001 4.2545263800511295
0.001 4.1195819175662205
0.001 3.994641599517385
0.001 3.8797047480363447
0.001 3.774770427336258
0.001 3.6798374408161902
0.001 3.5949043472948907
0.001 3.5199694987891545
0.001 3.455031104855945
0.001 3.400087309079753
0.001 3.3551362899827897
0.001 3.3201763686943573
0.001 3.2952061099201915
0.001 3.2802244150458915
0.001 3.275230595008899
0.001 3.2802244150458915
0.001 3.2952061099201915
0.001 3.3201763686943573
0.001 3.3551362899827897
0.001 3.4000873090797525
0.001 3.4550311048559443
0.001 3.519969498789155
0.001 3.594904347294891
0.001 3.6798374408161907
0.001 3.774770427336258
0.001 3.879704748036345
0.001 3.9946415995173856
0.001 4.11958191756622
0.001 4.2545263800511295
0.001 4.399475424418288
0.001 4.554429275588287
0.001 4.719387979833118
0.001 4.8943514409840905
0.001 5.079319455987506
0.001 5.274291747848124
0.001 5.479267994592143
0.001 5.694247853784346
0.001 5.919230982344565
0.001 6.154217052159585
0.001 6.39920576168023
0.001 6.654196844561776
0.001 6.919190075295585
0.001 7.194185273604503
0.001 7.479182305891618
0.001 7.774181090238362
0.001 8.02917628235195
0.001 7.734177301946711
0.001 7.4491797862122295
0.001 7.174183797666338
0.001 6.909189438206202
0.001 6.654196844561775
0.001 6.409206186633792
0.001 6.174217663341052
0.001 5.949231497480937
0.001 5.7342479282243195
0.001 5.529267201411098
0.001 5.334289556913291
0.001 5.14931521306688
0.001 4.9743443479302485
0.001 4.809377077721709
0.001 4.654413432932602
0.001 4.509453333253142
0.001 4.374496562841371
0.001 4.249542748098859
0.001 4.134591340505629
0.001 4.029641607394099
0.001 3.934692633754638
0.001 3.849743337295915
0.001 3.7747924987067405
0.001 3.709838804129088
0.001 3.6548809080284514
0.001 3.6099174992877634
0.001 3.5749473729564496
0.001 3.549969504158313
0.001 3.5349831107314444
0.001 3.5299877019969115
0.001 3.5349831107314444
0.001 3.549969504158313
0.001 3.5749473729564496
0.001 3.6099174992877634
0.001 3.6548809080284506
0.001 3.709838804129088
0.001 3.77479249870674
0.001 3.8497433372959153
0.001 3.9346926337546373
0.001 4.029641607394099
0.001 4.1345913405056285
0.001 4.249542748098858
0.001 4.374496562841371
0.001 4.509453333253143
0.001 4.654413432932603
0.001 4.8093770777217095
0.001 4.974344347930248
0.001 5.149315213066881
0.001 5.3342895569132915
0.001 5.529267201411099
0.001 5.73424792822432
0.001 5.9492314974809375
0.001 6.174217663341053
0.001 6.409206186633792
0.001 6.654196844561776
0.001 6.909189438206202
0.001 7.174183797666336
0.001 7.449179786212228
0.001 7.734177301946712
0.001 8.029176282351951
0.001 8.29417259040741
0.001 7.999173462604841
0.001 7.714175583722291
0.001 7.439179002351417
0.001 7.174183797666336
0.001 6.919190075295585
0.001 6.674197965606637
0.001 6.439207619859426
0.001 6.214219205575041
0.001 5.999232900016565
0.001 5.794248882019914
0.001 5.599267321651886
0.001 5.414288367812932
0.001 5.239312133682006
0.001 5.074338680396509
0.001 4.919367999426963
0.001 4.774399994601163
0.001 4.639434464944312
0.001 4.514471089954944
0.001 4.399509419102923
0.001 4.2945488675658865
0.001 4.199588719865708
0.001 4.11462814315386
0.001 4.039666210658095
0.001 3.974701937488264
0.001 3.9197343201367487
0.001 3.874762387421735
0.001 3.839785253522769
0.001 3.814802166560556
0.001 3.7998125537193816
0.001 3.7948160567396116
0.001 3.7998125537193816
0.001 3.814802166560555
0.001 3.8397852535227686
0.001 3.8747623874217343
0.001 3.9197343201367487
0.001 3.974701937488263
0.001 4.039666210658094
0.001 4.114628143153859
0.001 4.199588719865707
0.001 4.294548867565886
0.001 4.399509419102922
0.001 4.514471089954944
0.001 4.639434464944312
0.001 4.774399994601165
0.001 4.919367999426965
0.001 5.07433868039651
0.001 5.239312133682007
0.001 5.414288367812933
0.001 5.599267321651887
0.001 5.794248882019914
0.001 5.999232900016565
0.001 6.214219205575041
0.001 6.4392076198594275
0.001 6.674197965606635
0.001 6.919190075295584
0.001 7.174183797666336
0.001 7.439179002351415
0.001 7.714175583722289
0.001 7.999173462604838
0.001 8.294172590407408
0.001 8.569169947139681
0.001 8.274170715671143
0.001 7.989172581477212
0.001 7.714175583722292
0.001 7.4491797862122295
0.001 7.194185273604503
0.001 6.949192149708551
0.001 6.714200533920798
0.001 6.489210557018442
0.001 6.274222355400686
0.001 6.069236064049401
0.001 5.874251807824072
0.001 5.68926969126766
0.001 5.514289786903024
0.001 5.349312122410781
0.001 5.1943366671153175
0.001 5.0493633185733655
0.001 4.914391890200087
0.001 4.789422101156018
0.001 4.674453569804746
0.001 4.56948581211397
0.001 4.474518246354221
0.001 4.3895502049134985
0.001 4.314580953882025
0.001 4.24960971817808
0.001 4.1946357166386745
0.001 4.149658197618556
0.001 4.114676477352918
0.001 4.089689978455996
0.001 4.0746982623761525
0.001 4.069701054800712
0.001 4.0746982623761525
0.001 4.089689978455996
0.001 4.114676477352918
0.001 4.149658197618556
0.001 4.194635716638672
0.001 4.249609718178078
0.001 4.314580953882025
0.001 4.389550204913498
0.001 4.474518246354221
0.001 4.569485812113971
0.001 4.674453569804745
0.001 4.789422101156017
0.001 4.914391890200087
0.001 5.049363318573366
0.001 5.194336667115319
0.001 5.349312122410783
0.001 5.514289786903027
0.001 5.689269691267661
0.001 5.874251807824073
0.001 6.069236064049402
0.001 6.274222355400685
0.001 6.48921055701844
0.001 6.714200533920798
0.001 6.949192149708551
0.001 7.194185273604503
0.001 7.449179786212228
0.001 7.714175583722289
0.001 7.989172581477211
0.001 8.274170715671136
0.001 8.569169947139672
0.001 8.85416830151976
0.001 8.559169006492205
0.001 8.274170715671142
0.001 7.99917346260484
0.001 7.734177301946708
0.001 7.479182305891618
0.001 7.234188562509993
0.001 6.999196172382064
0.001 6.774205244681755
0.001 6.559215891910448
0.001 6.354228223570573
0.001 6.159242338470909
0.001 5.9742583158691875
0.001 5.7992762054719
0.001 5.634296016676142
0.001 5.47931770744419
0.001 5.334341173514171
0.001 5.199366238725353
0.001 5.0743926474689145
0.001 4.959420060291795
0.001 4.8544480537303745
0.001 4.759476125175529
0.001 4.674503703534827
0.001 4.599530166318925
0.001 4.534554862102666
0.001 4.4795771366463795
0.001 4.434596362677108
0.001 4.399611973422347
0.001 4.374623490994597
0.001 4.359630552728649
0.001 4.354632932279594
0.001 4.359630552728649
0.001 4.374623490994598
0.001 4.3996119734223464
0.001 4.434596362677104
0.001 4.479577136646377
0.001 4.534554862102665
0.001 4.599530166318923
0.001 4.6745037035348265
0.001 4.759476125175526
0.001 4.854448053730373
0.001 4.9594200602917935
0.001 5.0743926474689145
0.001 5.199366238725354
0.001 5.334341173514174
0.001 5.479317707444192
0.001 5.634296016676146
0.001 5.7992762054719025
0.001 5.974258315869189
0.001 6.15924233847091
0.001 6.354228223570571
0.001 6.559215891910444
0.001 6.7742052446817524
0.001 6.999196172382065
0.001 7.234188562509994
0.001 7.4791823058916185
0.001 7.734177301946713
0.001 7.999173462604838
0.001 8.274170715671136
0.001 8.559169006492203
0.001 8.854168301519762
0.001 9.149167622220894
0.001 8.85416830151976
0.001 8.569169947139677
0.001 8.294172590407408
0.001 8.029176282351948
0.001 7.77418109023836
0.001 7.5291870959220955
0.001 7.294194392572342
0.001 7.0692030808811115
0.001 6.85421326400445
0.001 6.649225041530121
0.001 6.454238502194023
0.001 6.269253715559608
0.001 6.094270722695535
0.001 5.929289526229641
0.001 5.774310080156291
0.001 5.629332280057788
0.001 5.494355954462192
0.001 5.369380858255408
0.001 5.2544066690706375
0.001 5.1494329875850084
0.001 5.054459342486326
0.001 4.969485200641216
0.001 4.894509983527409
0.001 4.82953308662871
0.001 4.774553905399825
0.001 4.729571860813885
0.001 4.694586430498208
0.001 4.669597174844823
0.001 4.65460376048116
0.001 4.649605979270706
0.001 4.65460376048116
0.001 4.669597174844823
0.001 4.694586430498206
0.001 4.729571860813881
0.001 4.774553905399824
0.001 4.829533086628708
0.001 4.894509983527407
0.001 4.969485200641216
0.001 5.054459342486324
0.001 5.149432987585006
0.001 5.254406669070637
0.001 5.369380858255407
0.001 5.4943559544621925
0.001 5.629332280057792
0.001 5.774310080156292
0.001 5.929289526229645
0.001 6.094270722695538
0.001 6.269253715559609
0.001 6.454238502194023
0.001 6.649225041530121
0.001 6.854213264004447
0.001 7.069203080881108
0.001 7.294194392572341
0.001 7.529187095922098
0.001 7.774181090238362
0.001 8.02917628235195
0.001 8.294172590407408
0.001 8.569169947139672
0.001 8.854168301519762
0.001 9.149167622220896
