0.02 9.11697786397357
0.02 8.821978318517086
0.02 8.536979397011072
0.02 8.261981121661625
0.02 7.996983528252535
0.02 7.741986663999536
0.02 7.496990586494891
0.02 7.261995361608503
0.02 7.037001061017564
0.02 6.822007758880402
0.02 6.6170155278142735
0.02 6.422024433987697
0.02 6.237034531440952
0.02 6.062045855649103
0.02 5.897058416558966
0.02 5.74207219135058
0.02 5.597087117360685
0.02 5.462103085672678
0.02 5.337119936013178
0.02 5.222137453630624
0.02 5.117155368843672
0.02 5.022173359882588
0.02 4.937191059444132
0.02 4.86220806585991
0.02 4.797223956044241
0.02 4.742238304710475
0.02 4.697250701919888
0.02 4.662260776168485
0.02 4.6372682137726935
0.02 4.622272776128379
0.02 4.617274313861164
0.02 4.622272776128379
0.02 4.637268213772694
0.02 4.662260776168484
0.02 4.697250701919889
0.02 4.742238304710475
0.02 4.797223956044241
0.02 4.862208065859911
0.02 4.937191059444131
0.02 5.022173359882586
0.02 5.117155368843672
0.02 5.222137453630625
0.02 5.3371199360131785
0.02 5.462103085672679
0.02 5.597087117360687
0.02 5.742072191350583
0.02 5.897058416558968
0.02 6.062045855649105
0.02 6.237034531440955
0.02 6.422024433987698
0.02 6.617015527814273
0.02 6.822007758880404
0.02 7.0370010610175635
0.02 7.261995361608504
0.02 7.49699058649489
0.02 7.741986663999536
0.02 7.9969835282525334
0.02 8.261981121661625
0.02 8.536979397011073
0.02 8.821978318517079
0.02 9.116977863973558
0.02 8.821978318517086
0.02 8.526978791557138
0.02 8.241979914851353
0.02 7.966981712257355
0.02 7.701984222234197
0.02 7.446987495637158
0.02 7.20199159465582
0.02 6.966996590662605
0.02 6.742002561663557
0.02 6.527009588836036
0.02 6.322017752306312
0.02 6.127027125955463
0.02 5.9420377713584465
0.02 5.767049730856776
0.02 5.602063019998777
0.02 5.447077619603761
0.02 5.302093467916094
0.02 5.167110453392185
0.02 5.042128408827076
0.02 4.927147107575843
0.02 4.822166262665045
0.02 4.727185529463834
0.02 4.64220451233383
0.02 4.567222776744916
0.02 4.502239863728258
0.02 4.447255309998565
0.02 4.402268667819898
0.02 4.36727953105231
0.02 4.3422875558254415
0.02 4.32729248021591
0.02 4.322294140270433
0.02 4.32729248021591
0.02 4.342287555825442
0.02 4.367279531052309
0.02 4.402268667819898
0.02 4.447255309998565
0.02 4.502239863728258
0.02 4.567222776744916
0.02 4.642204512333831
0.02 4.727185529463833
0.02 4.822166262665045
0.02 4.927147107575844
0.02 5.042128408827076
0.02 5.167110453392185
0.02 5.3020934679160945
0.02 5.447077619603763
0.02 5.602063019998781
0.02 5.767049730856777
0.02 5.942037771358448
0.02 6.127027125955466
0.02 6.32201775230631
0.02 6.527009588836036
0.02 6.742002561663554
0.02 6.966996590662606
0.02 7.201991594655817
0.02 7.446987495637158
0.02 7.701984222234198
0.02 7.966981712257352
0.02 8.241979914851358
0.02 8.526978791557129
0.02 8.821978318517079
0.02 8.536979397011072
0.02 8.241979914851353
0.02 7.9569811461843285
0.02 7.681983118946544
0.02 7.416985878196197
0.02 7.161989483775381
0.02 6.916994009244235
0.02 6.681999539615568
0.02 6.45700616863037
0.02 6.242013994978847
0.02 6.037023117604968
0.02 5.842033629824338
0.02 5.657045612335059
0.02 5.482059125087253
0.02 5.317074198243288
0.02 5.162090822500283
0.02 5.017108939302177
0.02 4.8821284315831655
0.02 4.757149115905655
0.02 4.64217073693961
0.02 4.5371929653189556
0.02 4.442215399907848
0.02 4.3572375754474075
0.02 4.282258974951
0.02 4.217279048337602
0.02 4.1622972362186825
0.02 4.117312997470608
0.02 4.082325836228835
0.02 4.057335331788565
0.02 4.0423411634779525
0.02 4.037343130228121
0.02 4.0423411634779525
0.02 4.057335331788565
0.02 4.082325836228835
0.02 4.117312997470608
0.02 4.1622972362186825
0.02 4.217279048337603
0.02 4.282258974951
0.02 4.357237575447408
0.02 4.44221539990785
0.02 4.5371929653189556
0.02 4.642170736939609
0.02 4.757149115905654
0.02 4.8821284315831655
0.02 5.017108939302179
0.02 5.162090822500283
0.02 5.317074198243289
0.02 5.482059125087254
0.02 5.65704561233506
0.02 5.842033629824339
0.02 6.037023117604968
0.02 6.242013994978847
0.02 6.457006168630369
0.02 6.681999539615568
0.02 6.916994009244233
0.02 7.161989483775381
0.02 7.416985878196197
0.02 7.681983118946541
0.02 7.956981146184326
0.02 8.241979914851354
0.02 8.536979397011068
0.02 8.261981121661625
0.02 7.966981712257355
0.02 7.681983118946544
0.02 7.4069853764801
0.02 7.14198854094487
0.02 6.886992687235314
0.02 6.641997908008463
0.02 6.407004311268115
0.02 6.182012017391164
0.02 5.967021154869417
0.02 5.762031854872915
0.02 5.5670442442634345
0.02 5.3820584370872355
0.02 5.207074524445052
0.02 5.042092562958595
0.02 4.88711256211793
0.02 4.742134471130925
0.02 4.607158166075664
0.02 4.482183438484102
0.02 4.367209986657357
0.02 4.262237411199607
0.02 4.167265216110164
0.02 4.082292816467114
0.02 4.00731955511432
0.02 3.9423447258494226
0.02 3.887367603877001
0.02 3.8423874808640366
0.02 3.8074037071799998
0.02 3.782415728061157
0.02 3.767423118729903
0.02 3.7624256125599618
0.02 3.767423118729903
0.02 3.782415728061157
0.02 3.8074037071799998
0.02 3.8423874808640366
0.02 3.887367603877001
0.02 3.942344725849423
0.02 4.007319555114321
0.02 4.082292816467114
0.02 4.167265216110164
0.02 4.262237411199607
0.02 4.367209986657357
0.02 4.482183438484102
0.02 4.607158166075664
0.02 4.742134471130925
0.02 4.887112562117931
0.02 5.042092562958595
0.02 5.207074524445052
0.02 5.382058437087236
0.02 5.5670442442634345
0.02 5.762031854872915
0.02 5.967021154869416
0.02 6.182012017391165
0.02 6.407004311268116
0.02 6.641997908008461
0.02 6.886992687235312
0.02 7.14198854094487
0.02 7.4069853764800975
0.02 7.681983118946542
0.02 7.966981712257349
0.02 8.261981121661622
0.02 7.996983528252535
0.02 7.701984222234197
0.02 7.416985878196197
0.02 7.14198854094487
0.02 6.876992282859544
0.02 6.621997201138349
0.02 6.3770034168413545
0.02 6.142011072331165
0.02 5.917020328020415
0.02 5.702031357507267
0.02 5.497044341145795
0.02 5.30205945752409
0.02 5.117076872785502
0.02 4.942096727575414
0.02 4.777119121786523
0.02 4.62214409738702
0.02 4.477171620063262
0.02 4.342201560704238
0.02 4.217233678235485
0.02 4.102267605627168
0.02 3.9973028412217095
0.02 3.90233874771451
0.02 3.8173745611512087
0.02 3.7424094093023523
0.02 3.677442343375152
0.02 3.6224723805215704
0.02 3.577498556042647
0.02 3.542519974899154
0.02 3.5175358706804993
0.02 3.5025456554892407
0.02 3.4975489592390367
0.02 3.5025456554892407
0.02 3.5175358706804993
0.02 3.5425199748991543
0.02 3.5774985560426473
0.02 3.6224723805215704
0.02 3.6774423433751524
0.02 3.7424094093023528
0.02 3.817374561151209
0.02 3.90233874771451
0.02 3.9973028412217095
0.02 4.102267605627169
0.02 4.217233678235485
0.02 4.342201560704238
0.02 4.477171620063263
0.02 4.622144097387022
0.02 4.777119121786524
0.02 4.942096727575415
0.02 5.117076872785503
0.02 5.30205945752409
0.02 5.497044341145795
0.02 5.702031357507268
0.02 5.9170203280204134
0.02 6.142011072331165
0.02 6.377003416841355
0.02 6.621997201138348
0.02 6.876992282859545
0.02 7.141988540944869
0.02 7.416985878196197
0.02 7.701984222234197
0.02 7.996983528252533
0.02 7.741986663999536
0.02 7.446987495637158
0.02 7.161989483775381
0.02 6.886992687235314
0.02 6.621997201138349
0.02 6.367003153931267
0.02 6.1220107066520075
0.02 5.887020050305222
0.02 5.662031402378309
0.02 5.447045001309273
0.02 5.242061098857131
0.02 5.047079949613047
0.02 4.86210179742987
0.02 4.687126858356293
0.02 4.522155300143942
0.02 4.367187218562131
0.02 4.222222611366277
0.02 4.087261351226267
0.02 3.962303159655535
0.02 3.847347584553156
0.02 3.7423939845770176
0.02 3.6474415236274083
0.02 3.562489178408938
0.02 3.487535764367013
0.02 3.4225799771014627
0.02 3.3676204507899747
0.02 3.322655829135993
0.02 3.2876848518121062
0.02 3.2627064323505355
0.02 3.2477197333896073
0.02 3.2427242271244725
0.02 3.2477197333896073
0.02 3.2627064323505355
0.02 3.2876848518121062
0.02 3.322655829135993
0.02 3.3676204507899747
0.02 3.422579977101463
0.02 3.487535764367013
0.02 3.5624891784089385
0.02 3.6474415236274087
0.02 3.7423939845770176
0.02 3.8473475845531566
0.02 3.962303159655535
0.02 4.087261351226267
0.02 4.222222611366276
0.02 4.367187218562131
0.02 4.522155300143944
0.02 4.687126858356293
0.02 4.862101797429871
0.02 5.047079949613047
0.02 5.24206109885713
0.02 5.447045001309274
0.02 5.662031402378309
0.02 5.887020050305223
0.02 6.1220107066520075
0.02 6.367003153931267
0.02 6.621997201138348
0.02 6.8869926872353115
0.02 7.16198948377538
0.02 7.446987495637159
0.02 7.741986663999535
0.02 7.496990586494891
0.02 7.20199159465582
0.02 6.916994009244235
0.02 6.641997908008463
0.02 6.3770034168413545
0.02 6.1220107066520075
0.02 5.877019993089801
0.02 5.64203153404743
0.02 5.4170456261172495
0.02 5.20206259844886
0.02 4.997082803805177
0.02 4.802106605714994
0.02 4.617134361241093
0.02 4.442166398631957
0.02 4.277202989707756
0.02 4.122244317073436
0.02 3.977290437071844
0.02 3.8423412400989596
0.02 3.717396410998718
0.02 3.602455393216007
0.02 3.4975173614128185
0.02 3.402581208067066
0.02 3.3176455500207167
0.02 3.242708756419318
0.02 3.177769006062464
0.02 3.1228243714733606
0.02 3.0778729273751653
0.02 3.042912864674791
0.02 3.0179426188158804
0.02 3.002960981613733
0.02 2.9979671896251827
0.02 3.002960981613733
0.02 3.0179426188158804
0.02 3.042912864674791
0.02 3.0778729273751657
0.02 3.1228243714733606
0.02 3.1777690060624644
0.02 3.2427087564193187
0.02 3.317645550020717
0.02 3.4025812080670663
0.02 3.497517361412819
0.02 3.6024553932160064
0.02 3.717396410998718
0.02 3.8423412400989596
0.02 3.977290437071844
0.02 4.122244317073436
0.02 4.277202989707757
0.02 4.442166398631958
0.02 4.617134361241095
0.02 4.802106605714996
0.02 4.997082803805177
0.02 5.202062598448862
0.02 5.417045626117249
0.02 5.6420315340474305
0.02 5.877019993089803
0.02 6.122010706652007
0.02 6.3770034168413545
0.02 6.641997908008461
0.02 6.916994009244235
0.02 7.201991594655822
0.02 7.496990586494891
0.02 7.261995361608503
0.02 6.966996590662605
0.02 6.681999539615568
0.02 6.407004311268115
0.02 6.142011072331165
0.02 5.887020050305222
0.02 5.64203153404743
0.02 5.407045871766969
0.02 5.182063467790415
0.02 4.9670847760636985
0.02 4.762110289958101
0.02 4.5671405267899585
0.02 4.3821760061684225
0.02 4.207217220929501
0.02 4.042264600107987
0.02 3.887318463712337
0.02 3.742378970166035
0.02 3.6074460583211754
0.02 3.482519387595757
0.02 3.36759828138289
0.02 3.2626816806811965
0.02 3.1677681159282542
0.02 3.082855705315635
0.02 3.0079421916198688
0.02 2.9430250172555037
0.02 2.888101441725355
0.02 2.8431686943846373
0.02 2.8082241630966958
0.02 2.783265574678142
0.02 2.768291166695327
0.02 2.7632998244132327
0.02 2.7682911666953274
0.02 2.783265574678142
0.02 2.8082241630966958
0.02 2.8431686943846373
0.02 2.888101441725355
0.02 2.943025017255504
0.02 3.0079421916198688
0.02 3.082855705315636
0.02 3.1677681159282542
0.02 3.2626816806811965
0.02 3.3675982813828904
0.02 3.4825193875957576
0.02 3.607446058321176
0.02 3.742378970166035
0.02 3.8873184637123375
0.02 4.042264600107988
0.02 4.207217220929501
0.02 4.382176006168423
0.02 4.5671405267899585
0.02 4.762110289958101
0.02 4.9670847760636985
0.02 5.182063467790415
0.02 5.407045871766969
0.02 5.64203153404743
0.02 5.887020050305222
0.02 6.142011072331163
0.02 6.407004311268114
0.02 6.681999539615568
0.02 6.966996590662604
0.02 7.261995361608503
0.02 7.037001061017564
0.02 6.742002561663557
0.02 6.45700616863037
0.02 6.182012017391164
0.02 5.917020328020415
0.02 5.662031402378309
0.02 5.4170456261172495
0.02 5.182063467790415
0.02 4.957085476592727
0.02 4.742112276081773
0.02 4.537144553108788
0.02 4.342183039687549
0.02 4.157228486294919
0.02 3.9822816245734582
0.02 3.8173431181852866
0.02 3.6624135009449565
0.02 3.5174931027770073
0.02 3.3825819655438267
0.02 3.2576797531809483
0.02 3.1427856631178397
0.02 3.037898348918445
0.02 2.943015866881732
0.02 2.8581356615375757
0.02 2.783254599433294
0.02 2.7183690694861076
0.02 2.663475151415144
0.02 2.618568849105194
0.02 2.5836463543916603
0.02 2.5587043411026964
0.02 2.543740226481289
0.02 2.538752374915795
0.02 2.543740226481289
0.02 2.5587043411026964
0.02 2.5836463543916603
0.02 2.618568849105194
0.02 2.663475151415144
0.02 2.718369069486108
0.02 2.7832545994332945
0.02 2.858135661537576
0.02 2.9430158668817326
0.02 3.037898348918445
0.02 3.1427856631178397
0.02 3.2576797531809483
0.02 3.3825819655438267
0.02 3.517493102777008
0.02 3.6624135009449565
0.02 3.817343118185287
0.02 3.9822816245734587
0.02 4.157228486294921
0.02 4.34218303968755
0.02 4.537144553108788
0.02 4.742112276081772
0.02 4.957085476592727
0.02 5.182063467790416
0.02 5.417045626117249
0.02 5.662031402378308
0.02 5.917020328020414
0.02 6.1820120173911635
0.02 6.457006168630369
0.02 6.742002561663554
0.02 7.037001061017561
0.02 6.822007758880402
0.02 6.527009588836036
0.02 6.242013994978847
0.02 5.967021154869417
0.02 5.702031357507267
0.02 5.447045001309273
0.02 5.202062598448861
0.02 4.9670847760636985
0.02 4.742112276081773
0.02 4.527145950228651
0.02 4.322186748974669
0.02 4.127235701213848
0.02 3.942293882249774
0.02 3.767362366862051
0.02 3.602442165041004
0.02 3.447534138353209
0.02 3.3026388966780784
0.02 3.167756677105438
0.02 3.042887210225228
0.02 2.9280295830019902
0.02 2.8231821123155734
0.02 2.728342247513504
0.02 2.643506523572093
0.02 2.568670593975471
0.02 2.5038293560936635
0.02 2.448977184700163
0.02 2.404108267305096
0.02 2.3692170340864083
0.02 2.3442985934740648
0.02 2.329349138907938
0.02 2.3243662617534344
0.02 2.329349138907938
0.02 2.3442985934740648
0.02 2.3692170340864083
0.02 2.404108267305096
0.02 2.448977184700163
0.02 2.5038293560936635
0.02 2.5686705939754715
0.02 2.6435065235720936
0.02 2.728342247513504
0.02 2.8231821123155734
0.02 2.9280295830019907
0.02 3.0428872102252282
0.02 3.167756677105438
0.02 3.302638896678079
0.02 3.447534138353209
0.02 3.6024421650410052
0.02 3.7673623668620513
0.02 3.942293882249775
0.02 4.1272357012138485
0.02 4.322186748974669
0.02 4.527145950228651
0.02 4.742112276081772
0.02 4.967084776063699
0.02 5.202062598448861
0.02 5.447045001309273
0.02 5.702031357507267
0.02 5.967021154869414
0.02 6.242013994978846
0.02 6.527009588836035
0.02 6.8220077588804
0.02 6.6170155278142735
0.02 6.322017752306312
0.02 6.037023117604968
0.02 5.762031854872915
0.02 5.497044341145795
0.02 5.242061098857131
0.02 4.997082803805177
0.02 4.762110289958101
0.02 4.537144553108788
0.02 4.322186748974669
0.02 4.117238183866105
0.02 3.922300293462319
0.02 3.7373746059471746
0.02 3.562462684515516
0.02 3.3975660449781158
0.02 3.2426860444424306
0.02 3.0978237391252548
0.02 2.9629797120417742
0.02 2.83815387606036
0.02 2.7233452637509914
0.02 2.618551823141881
0.02 2.523770247005694
0.02 2.438995871613739
0.02 2.364222677951217
0.02 2.29944344298863
0.02 2.2446500655191324
0.02 2.1998340744743214
0.02 2.1649872605726013
0.02 2.1401023898053735
0.02 2.1251738386681596
0.02 2.1201980584615403
0.02 2.1251738386681596
0.02 2.1401023898053735
0.02 2.1649872605726013
0.02 2.1998340744743214
0.02 2.2446500655191324
0.02 2.2994434429886303
0.02 2.3642226779512177
0.02 2.4389958716137397
0.02 2.523770247005694
0.02 2.6185518231418814
0.02 2.723345263750992
0.02 2.8381538760603604
0.02 2.9629797120417742
0.02 3.097823739125255
0.02 3.2426860444424306
0.02 3.397566044978116
0.02 3.562462684515516
0.02 3.7373746059471755
0.02 3.9223002934623197
0.02 4.117238183866105
0.02 4.322186748974669
0.02 4.537144553108788
0.02 4.762110289958103
0.02 4.997082803805178
0.02 5.24206109885713
0.02 5.497044341145793
0.02 5.762031854872914
0.02 6.037023117604965
0.02 6.322017752306308
0.02 6.61701552781427
0.02 6.422024433987697
0.02 6.127027125955463
0.02 5.842033629824338
0.02 5.5670442442634345
0.02 5.30205945752409
0.02 5.047079949613047
0.02 4.802106605714994
0.02 4.5671405267899585
0.02 4.342183039687549
0.02 4.127235701213848
0.02 3.922300293462319
0.02 3.7273788043103693
0.02 3.5424733874969228
0.02 3.367586294754844
0.02 3.2027197728752017
0.02 3.0478759184253073
0.02 2.903056485068205
0.02 2.7682626416798954
0.02 2.6434946857961172
0.02 2.528751725529198
0.02 2.4240313550337604
0.02 2.3293293618161273
0.02 2.244639517601531
0.02 2.169953524143475
0.02 2.105261171031
0.02 2.0505507673924463
0.02 2.0058098741301875
0.02 1.9710263322137511
0.02 1.9461893859409174
0.02 1.9312907019186867
0.02 1.926325063097723
0.02 1.9312907019186867
0.02 1.9461893859409174
0.02 1.9710263322137513
0.02 2.0058098741301875
0.02 2.0505507673924463
0.02 2.1052611710310005
0.02 2.169953524143475
0.02 2.244639517601531
0.02 2.3293293618161273
0.02 2.424031355033761
0.02 2.5287517255291982
0.02 2.6434946857961177
0.02 2.7682626416798954
0.02 2.9030564850682055
0.02 3.0478759184253073
0.02 3.202719772875202
0.02 3.3675862947548443
0.02 3.5424733874969236
0.02 3.7273788043103697
0.02 3.922300293462319
0.02 4.1272357012138485
0.02 4.342183039687548
0.02 4.567140526789959
0.02 4.802106605714995
0.02 5.047079949613047
0.02 5.302059457524089
0.02 5.567044244263433
0.02 5.842033629824339
0.02 6.127027125955459
0.02 6.4220244339876915
0.02 6.237034531440952
0.02 5.9420377713584465
0.02 5.657045612335059
0.02 5.3820584370872355
0.02 5.117076872785502
0.02 4.86210179742987
0.02 4.617134361241093
0.02 4.3821760061684225
0.02 4.157228486294919
0.02 3.942293882249774
0.02 3.7373746059471746
0.02 3.5424733874969228
0.02 3.3575932362285914
0.02 3.182737364777292
0.02 3.017909064870702
0.02 2.863111522451806
0.02 2.7183475617041837
0.02 2.5836193110827903
0.02 2.4589277923471826
0.02 2.3442724454358816
0.02 2.239650619601738
0.02 2.1450570839974517
0.02 2.060483637542238
0.02 1.9859189107813806
0.02 1.9213484867594466
0.02 1.8667554516011533
0.02 1.822121470310352
0.02 1.7874283604433465
0.02 1.762660010834601
0.02 1.7478040697664763
0.02 1.7428529366244083
0.02 1.7478040697664765
0.02 1.7626600108346013
0.02 1.7874283604433465
0.02 1.822121470310352
0.02 1.8667554516011533
0.02 1.9213484867594466
0.02 1.9859189107813808
0.02 2.060483637542239
0.02 2.145057083997452
0.02 2.2396506196017385
0.02 2.344272445435882
0.02 2.4589277923471826
0.02 2.5836193110827903
0.02 2.7183475617041846
0.02 2.863111522451806
0.02 3.017909064870702
0.02 3.1827373647772923
0.02 3.3575932362285923
0.02 3.542473387496923
0.02 3.7373746059471746
0.02 3.942293882249775
0.02 4.157228486294919
0.02 4.382176006168424
0.02 4.617134361241093
0.02 4.862101797429869
0.02 5.117076872785501
0.02 5.382058437087234
0.02 5.657045612335058
0.02 5.9420377713584465
0.02 6.23703453144095
0.02 6.062045855649103
0.02 5.767049730856776
0.02 5.482059125087253
0.02 5.207074524445052
0.02 4.942096727575414
0.02 4.687126858356293
0.02 4.442166398631957
0.02 4.207217220929501
0.02 3.9822816245734582
0.02 3.767362366862051
0.02 3.562462684515516
0.02 3.367586294754844
0.02 3.182737364777292
0.02 3.007920433821625
0.02 2.843140270425277
0.02 2.688401644826718
0.02 2.5437089973433022
0.02 2.409065986572528
0.02 2.284474910322494
0.02 2.169936007429396
0.02 2.065446673521772
0.02 1.9710006577342771
0.02 1.8865873500905042
0.02 1.8121913267542666
0.02 1.7477923291575783
0.02 1.6933658757869252
0.02 1.6488847166116378
0.02 1.6143213825146057
0.02 1.5896515018200328
0.02 1.5748567813451657
0.02 1.56992637901564
0.02 1.574856781345166
0.02 1.589651501820033
0.02 1.6143213825146057
0.02 1.6488847166116378
0.02 1.6933658757869252
0.02 1.7477923291575785
0.02 1.8121913267542669
0.02 1.8865873500905046
0.02 1.9710006577342771
0.02 2.065446673521772
0.02 2.1699360074293965
0.02 2.2844749103224946
0.02 2.409065986572528
0.02 2.5437089973433022
0.02 2.688401644826718
0.02 2.8431402704252773
0.02 3.0079204338216257
0.02 3.1827373647772936
0.02 3.367586294754844
0.02 3.562462684515516
0.02 3.7673623668620513
0.02 3.982281624573458
0.02 4.207217220929502
0.02 4.442166398631957
0.02 4.687126858356292
0.02 4.942096727575413
0.02 5.207074524445049
0.02 5.482059125087254
0.02 5.767049730856774
0.02 6.062045855649101
0.02 5.897058416558966
0.02 5.602063019998777
0.02 5.317074198243288
0.02 5.042092562958595
0.02 4.777119121786523
0.02 4.522155300143942
0.02 4.277202989707756
0.02 4.042264600107987
0.02 3.8173431181852866
0.02 3.602442165041004
0.02 3.3975660449781158
0.02 3.2027197728752017
0.02 3.017909064870702
0.02 2.843140270425277
0.02 2.6784202200658496
0.02 2.523755957673196
0.02 2.3791543245943076
0.02 2.2446213639127373
0.02 2.1201615219727032
0.02 2.0057766419286414
0.02 1.9014647763269497
0.02 1.807218896857069
0.02 1.7230256546096103
0.02 1.6488644186837615
0.02 1.5847069137776457
0.02 1.5305177518073791
0.02 1.486256225024595
0.02 1.4518801234369862
0.02 1.4273519546280722
0.02 1.4126447574731489
0.02 1.407743828254158
0.02 1.412644757473149
0.02 1.4273519546280722
0.02 1.4518801234369862
0.02 1.486256225024595
0.02 1.5305177518073794
0.02 1.5847069137776457
0.02 1.6488644186837615
0.02 1.7230256546096103
0.02 1.8072188968570693
0.02 1.9014647763269492
0.02 2.005776641928642
0.02 2.1201615219727032
0.02 2.2446213639127373
0.02 2.379154324594308
0.02 2.523755957673196
0.02 2.6784202200658505
0.02 2.8431402704252773
0.02 3.0179090648707025
0.02 3.2027197728752026
0.02 3.3975660449781153
0.02 3.602442165041005
0.02 3.8173431181852866
0.02 4.042264600107988
0.02 4.277202989707755
0.02 4.522155300143941
0.02 4.777119121786522
0.02 5.042092562958593
0.02 5.317074198243287
0.02 5.602063019998775
0.02 5.897058416558964
0.02 5.74207219135058
0.02 5.447077619603761
0.02 5.162090822500283
0.02 4.88711256211793
0.02 4.62214409738702
0.02 4.3671872185621305
0.02 4.122244317073436
0.02 3.887318463712337
0.02 3.662413500944956
0.02 3.447534138353209
0.02 3.2426860444424306
0.02 3.0478759184253073
0.02 2.863111522451806
0.02 2.688401644826718
0.02 2.523755957673196
0.02 2.369184722493362
0.02 2.2246982909645965
0.02 2.0903063447714674
0.02 1.966016824148093
0.02 1.8518345119553101
0.02 1.7477592771120258
0.02 1.6537840458027024
0.02 1.5698926800733373
0.02 1.4960581383836582
0.02 1.4322414481771082
0.02 1.3783918525850967
0.02 1.3344482123106873
0.02 1.3003441764554442
0.02 1.2760203686632725
0.02 1.2614373854485148
0.02 1.256577727981781
0.02 1.261437385448515
0.02 1.2760203686632725
0.02 1.3003441764554442
0.02 1.3344482123106873
0.02 1.3783918525850967
0.02 1.4322414481771084
0.02 1.4960581383836582
0.02 1.5698926800733375
0.02 1.6537840458027027
0.02 1.7477592771120258
0.02 1.8518345119553101
0.02 1.966016824148093
0.02 2.0903063447714674
0.02 2.2246982909645965
0.02 2.369184722493362
0.02 2.5237559576731967
0.02 2.6884016448267185
0.02 2.8631115224518067
0.02 3.047875918425308
0.02 3.2426860444424306
0.02 3.44753413835321
0.02 3.662413500944956
0.02 3.887318463712338
0.02 4.122244317073436
0.02 4.36718721856213
0.02 4.622144097387018
0.02 4.887112562117928
0.02 5.162090822500283
0.02 5.447077619603761
0.02 5.74207219135058
0.02 5.597087117360685
0.02 5.302093467916094
0.02 5.017108939302177
0.02 4.742134471130925
0.02 4.477171620063262
0.02 4.222222611366276
0.02 3.977290437071844
0.02 3.7423789701660346
0.02 3.5174931027770073
0.02 3.3026388966780784
0.02 3.097823739125255
0.02 2.903056485068205
0.02 2.7183475617041837
0.02 2.5437089973433022
0.02 2.3791543245943076
0.02 2.2246982909645965
0.02 2.080356296107032
0.02 1.946143462957607
0.02 1.8220732485770716
0.02 1.7081555118481642
0.02 1.6043939880799898
0.02 1.510783187027505
0.02 1.4273048707098204
0.02 1.3539245767920938
0.02 1.2905894077920173
0.02 1.2372278586553676
0.02 1.1937487687595527
0.02 1.1600442489418399
0.02 1.1360150117755348
0.02 1.1216043567289464
0.02 1.1168000732271413
0.02 1.1216043567289466
0.02 1.1360150117755348
0.02 1.1600442489418399
0.02 1.193748768759553
0.02 1.2372278586553678
0.02 1.2905894077920173
0.02 1.353924576792094
0.02 1.4273048707098206
0.02 1.5107831870275055
0.02 1.6043939880799893
0.02 1.7081555118481646
0.02 1.8220732485770719
0.02 1.9461434629576069
0.02 2.0803562961070323
0.02 2.224698290964596
0.02 2.379154324594308
0.02 2.5437089973433027
0.02 2.7183475617041855
0.02 2.903056485068206
0.02 3.0978237391252548
0.02 3.302638896678079
0.02 3.5174931027770073
0.02 3.7423789701660364
0.02 3.9772904370718436
0.02 4.222222611366275
0.02 4.477171620063263
0.02 4.742134471130924
0.02 5.017108939302178
0.02 5.302093467916093
0.02 5.597087117360684
0.02 5.462103085672678
0.02 5.167110453392185
0.02 4.8821284315831655
0.02 4.607158166075664
0.02 4.342201560704238
0.02 4.087261351226267
0.02 3.8423412400989596
0.02 3.6074460583211754
0.02 3.3825819655438267
0.02 3.167756677105438
0.02 2.9629797120417742
0.02 2.7682626416798954
0.02 2.5836193110827903
0.02 2.409065986572528
0.02 2.2446213639127373
0.02 2.0903063447714674
0.02 1.946143462957607
0.02 1.8121558155810003
0.02 1.6883653398516003
0.02 1.5747902762287698
0.02 1.4714416771414094
0.02 1.378318852219459
0.02 1.295403650226416
0.02 1.222653616076158
0.02 1.159996965330271
0.02 1.1073351348595077
0.02 1.064536201516039
0.02 1.0314181296345373
0.02 1.0078010888338067
0.02 0.993607777151661
0.02 0.9888663919465175
0.02 0.993607777151661
0.02 1.0078010888338067
0.02 1.0314181296345375
0.02 1.0645362015160391
0.02 1.1073351348595075
0.02 1.1599969653302709
0.02 1.222653616076158
0.02 1.295403650226416
0.02 1.378318852219459
0.02 1.471441677141409
0.02 1.57479027622877
0.02 1.6883653398516003
0.02 1.8121558155810003
0.02 1.946143462957607
0.02 2.0903063447714674
0.02 2.2446213639127377
0.02 2.409065986572528
0.02 2.583619311082791
0.02 2.7682626416798963
0.02 2.9629797120417742
0.02 3.1677566771054386
0.02 3.3825819655438267
0.02 3.6074460583211767
0.02 3.842341240098959
0.02 4.087261351226267
0.02 4.342201560704238
0.02 4.607158166075662
0.02 4.882128431583167
0.02 5.167110453392185
0.02 5.462103085672678
0.02 5.337119936013178
0.02 5.042128408827076
0.02 4.757149115905655
0.02 4.482183438484102
0.02 4.217233678235485
0.02 3.962303159655535
0.02 3.717396410998718
0.02 3.482519387595757
0.02 3.2576797531809483
0.02 3.042887210225228
0.02 2.8381538760603595
0.02 2.6434946857961172
0.02 2.4589277923471826
0.02 2.284474910322494
0.02 2.1201615219727032
0.02 1.966016824148093
0.02 1.8220732485770716
0.02 1.6883653398516003
0.02 1.564927737090152
0.02 1.4517919949867608
0.02 1.3489819670770196
0.02 1.256507384197213
0.02 1.1743548710115856
0.02 1.1024720139652666
0.02 1.0407458025312695
0.02 0.98902060834239
0.02 0.9471148522585381
0.020000000000011314 0.9147387346549551
0.020000000000933084 0.8915743225842913
0.020000000010248264 0.8775455540714923
0.0200000000214418 0.87282808715809
0.020000000010248264 0.8775455540714924
0.020000000000933084 0.8915743225842915
0.020000000000011314 0.9147387346549555
0.02 0.9471148522585383
0.02 0.9890206083423898
0.02 1.0407458025312692
0.02 1.102472013965266
0.02 1.1743548710115856
0.02 1.2565073841972132
0.02 1.3489819670770191
0.02 1.451791994986761
0.02 1.5649277370901518
0.02 1.6883653398515999
0.02 1.8220732485770723
0.02 1.9660168241480929
0.02 2.1201615219727032
0.02 2.2844749103224946
0.02 2.458927792347183
0.02 2.6434946857961172
0.02 2.8381538760603595
0.02 3.0428872102252287
0.02 3.257679753180948
0.02 3.4825193875957585
0.02 3.7173964109987185
0.02 3.9623031596555336
0.02 4.217233678235485
0.02 4.482183438484102
0.02 4.757149115905654
0.02 5.042128408827076
0.02 5.337119936013177
0.02 5.222137453630624
0.02 4.927147107575843
0.02 4.64217073693961
0.02 4.367209986657357
0.02 4.102267605627168
0.02 3.847347584553156
0.02 3.602455393216007
0.02 3.36759828138289
0.02 3.1427856631178397
0.02 2.9280295830019902
0.02 2.7233452637509914
0.02 2.528751725529198
0.02 2.3442724454358816
0.02 2.169936007429396
0.02 2.0057766419286414
0.02 1.85183451195531
0.02 1.7081555118481644
0.02 1.5747902762287698
0.02 1.4517919949867608
0.02 1.339212602430741
0.02 1.237096685365561
0.02 1.1454710676773219
0.02 1.0643257283024605
0.02 0.993573939481532
0.02 0.9329585730456493
0.02000000000291415 0.8820972331731433
0.02000000340449713 0.8407562025605932
0.020000561814382947 0.8087154151151197
0.02001721170173841 0.7856272394798532
0.02011648362909729 0.771473951517117
0.020214147684196677 0.7666659282692544
0.02011648362909729 0.7714739515171168
0.02001721170173841 0.7856272394798532
0.020000561814382947 0.8087154151151197
0.02000000340449713 0.8407562025605932
0.02000000000291415 0.8820972331731434
0.02 0.9329585730456488
0.02 0.9935739394815316
0.02 1.06432572830246
0.02 1.1454710676773212
0.02 1.2370966853655607
0.02 1.3392126024307405
0.02 1.4517919949867608
0.02 1.5747902762287695
0.02 1.7081555118481646
0.02 1.85183451195531
0.02 2.0057766419286414
0.02 2.1699360074293965
0.02 2.344272445435883
0.02 2.5287517255291982
0.02 2.7233452637509914
0.02 2.9280295830019907
0.02 3.1427856631178392
0.02 3.3675982813828913
0.02 3.602455393216007
0.02 3.8473475845531557
0.02 4.102267605627168
0.02 4.367209986657355
0.02 4.642170736939607
0.02 4.9271471075758395
0.02 5.222137453630621
0.02 5.117155368843672
0.02 4.822166262665045
0.02 4.5371929653189556
0.02 4.262237411199607
0.02 3.9973028412217095
0.02 3.7423939845770176
0.02 3.4975173614128185
0.02 3.2626816806811965
0.02 3.0378983489184446
0.02 2.8231821123155734
0.02 2.618551823141881
0.02 2.4240313550337604
0.02 2.239650619601738
0.02 2.065446673521772
0.02 1.9014647763269497
0.02 1.7477592771120258
0.02 1.6043939880799896
0.02 1.4714416771414094
0.02 1.3489819670770196
0.02 1.237096685365561
0.02 1.1358589729404018
0.02 1.045305052912198
0.02 0.965363409945799
0.02000000000020629 0.89574789288067
0.02000000695486273 0.8358750744407416
0.020010182552115802 0.7849842954986689
0.021152637230484973 0.7428986162739538
0.04363200696296568 0.7100303319174952
0.1154325988376694 0.6863253753715264
0.18207053065710704 0.6717482826097124
0.20811354624481457 0.6667777695820978
0.18207053065712053 0.6717482826097123
0.11543259883766854 0.6863253753715264
0.043632006962969164 0.7100303319174952
0.021152637230484973 0.7428986162739539
0.020010182552115802 0.7849842954986688
0.02000000695486273 0.8358750744407415
0.02000000000020629 0.8957478928806691
0.02 0.9653634099457974
0.02 1.0453050529121968
0.02 1.1358589729404005
0.02 1.2370966853655605
0.02 1.3489819670770187
0.02 1.4714416771414085
0.02 1.6043939880799893
0.02 1.7477592771120254
0.02 1.9014647763269499
0.02 2.065446673521772
0.02 2.2396506196017394
0.02 2.4240313550337613
0.02 2.618551823141881
0.02 2.823182112315574
0.02 3.0378983489184446
0.02 3.2626816806811965
0.02 3.497517361412818
0.02 3.7423939845770167
0.02 3.9973028412217095
0.02 4.262237411199607
0.02 4.537192965318956
0.02 4.822166262665043
0.02 5.11715536884367
0.02 5.022173359882588
0.02 4.727185529463834
0.02 4.442215399907848
0.02 4.167265216110164
0.02 3.90233874771451
0.02 3.6474415236274087
0.02 3.402581208067066
0.02 3.1677681159282542
0.02 2.943015866881732
0.02 2.728342247513504
0.02 2.523770247005694
0.02 2.3293293618161273
0.02 2.1450570839974517
0.02 1.9710006577342774
0.02 1.807218896857069
0.02 1.6537840458027024
0.02 1.510783187027505
0.02 1.3783188522194587
0.02 1.256507384197213
0.02 1.1454710676773219
0.02 1.045305052912198
0.02 0.9559650032379411
0.02000000000484473 0.8770755030494498
0.020000406055011855 0.8078404867937018
0.02084474431116761 0.7473792189071926
0.07775993505168265 0.6951489125791747
0.22533604560627504 0.6511475942846109
0.35692075969923526 0.6164695082217059
0.4626351168271284 0.5916428705140728
0.5425852329317451 0.5765789619079629
0.5748433977891464 0.5714837554370803
0.5425852329317516 0.576578961907963
0.462635116827131 0.5916428705140728
0.3569207596992344 0.616469508221706
0.22533604560626722 0.6511475942846109
0.07775993505169483 0.6951489125791747
0.02084474431116674 0.7473792189071918
0.020000406055011855 0.807840486793701
0.02000000000484473 0.8770755030494484
0.02 0.95596500323794
0.02 1.0453050529121963
0.02 1.145471067677321
0.02 1.2565073841972123
0.02 1.3783188522194583
0.02 1.5107831870275055
0.02 1.6537840458027016
0.02 1.807218896857069
0.02 1.9710006577342771
0.02 2.1450570839974525
0.02 2.329329361816127
0.02 2.523770247005694
0.02 2.7283422475135044
0.02 2.9430158668817326
0.02 3.1677681159282542
0.02 3.4025812080670654
0.02 3.647441523627408
0.02 3.90233874771451
0.02 4.167265216110162
0.02 4.442215399907849
0.02 4.727185529463832
0.02 5.022173359882585
0.02 4.937191059444131
0.02 4.64220451233383
0.02 4.357237575447408
0.02 4.082292816467114
0.02 3.8173745611512087
0.02 3.5624891784089376
0.02 3.3176455500207167
0.02 3.0828557053156356
0.02 2.8581356615375757
0.02 2.643506523572093
0.02 2.438995871613739
0.02 2.244639517601531
0.02 2.0604836375422386
0.02 1.8865873500905042
0.02 1.7230256546096103
0.02 1.5698926800733373
0.02 1.4273048707098206
0.02 1.2954036502264157
0.02 1.1743548710115854
0.02 1.0643257283024605
0.02 0.9653634099457988
0.02000000000484473 0.8770755030494498
0.020001373113314055 0.7983892052305891
0.025702605545038643 0.7281332994782883
0.17716763234109337 0.6656691161625894
0.37739179939862666 0.6110823440994473
0.5961743576027726 0.5651352242966319
0.8040420858821369 0.5288426292631314
0.962859466361324 0.5029235732343038
1.0649279548056174 0.4874011999941476
1.101977719679852 0.4822160648806325
1.0649279548056096 0.4874011999941476
0.962859466361314 0.5029235732343038
0.8040420858821369 0.5288426292631314
0.5961743576027516 0.5651352242966317
0.3773917993986288 0.6110823440994471
0.17716763234110336 0.6656691161625882
0.025702605545036034 0.7281332994782869
0.020001373113314055 0.7983892052305873
0.02000000000484473 0.8770755030494476
0.02 0.9653634099457962
0.02 1.0643257283024596
0.02 1.174354871011585
0.02 1.2954036502264143
0.02 1.4273048707098204
0.02 1.5698926800733368
0.02 1.7230256546096103
0.02 1.8865873500905042
0.02 2.0604836375422395
0.02 2.244639517601531
0.02 2.438995871613739
0.02 2.643506523572094
0.02 2.858135661537576
0.02 3.0828557053156365
0.02 3.317645550020717
0.02 3.562489178408938
0.02 3.8173745611512087
0.02 4.082292816467112
0.02 4.3572375754474075
0.02 4.642204512333829
0.02 4.937191059444128
0.02 4.86220806585991
0.02 4.567222776744916
0.02 4.282258974951
0.02 4.00731955511432
0.02 3.7424094093023523
0.02 3.487535764367013
0.02 3.242708756419318
0.02 3.0079421916198688
0.02 2.7832545994332936
0.02 2.568670593975471
0.02 2.364222677951217
0.02 2.1699535241434744
0.02 1.9859189107813806
0.02 1.8121913267542664
0.02 1.6488644186837613
0.02 1.496058138383658
0.02 1.3539245767920938
0.02 1.222653616076158
0.02 1.1024720139652662
0.02 0.9935739394815317
0.02000000000020629 0.89574789288067
0.020000406055011855 0.8078404867937016
0.025702605545038643 0.7281332994782883
0.21615682501243125 0.6555791488463113
0.4765485060178065 0.5904928043208666
0.7724119953679368 0.5337923069480848
1.0875538424382563 0.4864979602110814
1.3723354160133985 0.44947196072156287
1.5810175387540213 0.423086473372444
1.7043436396933533 0.40732890564747987
1.7453855324543344 0.40208901859612034
1.7043436396933525 0.4073289056474798
1.5810175387540109 0.4230864733724437
1.3723354160133845 0.4494719607215628
1.0875538424382414 0.48649796021108077
0.7724119953679086 0.5337923069480842
0.47654850601784304 0.5904928043208653
0.21615682501245778 0.6555791488463096
0.025702605545034292 0.7281332994782858
0.020000406055011855 0.8078404867936996
0.02000000000020629 0.8957478928806675
0.02 0.9935739394815293
0.02 1.102472013965264
0.02 1.222653616076157
0.02 1.353924576792093
0.02 1.4960581383836566
0.02 1.648864418683761
0.02 1.8121913267542662
0.02 1.9859189107813808
0.02 2.1699535241434744
0.02 2.364222677951217
0.02 2.568670593975472
0.02 2.7832545994332936
0.02 3.007942191619869
0.02 3.242708756419319
0.02 3.487535764367012
0.02 3.7424094093023523
0.02 4.007319555114319
0.02 4.282258974950999
0.02 4.5672227767449165
0.02 4.86220806585991
0.02 4.797223956044241
0.02 4.502239863728258
0.02 4.217279048337602
0.02 3.9423447258494226
0.02 3.677442343375152
0.02 3.4225799771014627
0.02 3.177769006062464
0.02 2.9430250172555037
0.02 2.7183690694861076
0.02 2.5038293560936635
0.02 2.29944344298863
0.02 2.105261171031
0.02 1.9213484867594466
0.02 1.747792329157578
0.02 1.5847069137776457
0.02 1.4322414481771082
0.02 1.2905894077920173
0.02 1.1599969653302709
0.02 1.040745802531269
0.02 0.932958573045649
0.02000000695486273 0.8358750744407415
0.02084474431116674 0.7473792189071926
0.17716763234107943 0.6656691161625892
0.4765485060178152 0.5904928043208665
0.8436239679250661 0.5231711700975007
1.2511770026296674 0.46517860996691845
1.6364824637907749 0.41743668600131406
1.9505730452994952 0.3803222583582015
2.17407378729175 0.3539014203697164
2.3054288015995534 0.3381035866172258
2.348612714191807 0.33284805655016503
2.3054288015995517 0.33810358661722567
2.1740737872917455 0.353901420369716
1.9505730452994876 0.38032225835820094
1.6364824637907949 0.4174366860013132
1.25117700262965 0.46517860996691696
0.84362396792506 0.5231711700974996
0.47654850601786874 0.5904928043208643
0.17716763234110686 0.6656691161625861
0.02084474431116674 0.7473792189071893
0.02000000695486273 0.8358750744407384
0.02 0.9329585730456461
0.02 1.040745802531267
0.02 1.1599969653302689
0.02 1.2905894077920155
0.02 1.4322414481771069
0.02 1.584706913777645
0.02 1.7477923291575779
0.02 1.9213484867594466
0.02 2.105261171031
0.02 2.29944344298863
0.02 2.5038293560936635
0.02 2.718369069486107
0.02 2.943025017255504
0.02 3.177769006062464
0.02 3.4225799771014627
0.02 3.6774423433751524
0.02 3.9423447258494217
0.02 4.217279048337603
0.02 4.502239863728256
0.02 4.79722395604424
0.02 4.742238304710475
0.02 4.447255309998565
0.02 4.1622972362186825
0.02 3.887367603877001
0.02 3.6224723805215704
0.02 3.3676204507899747
0.02 3.1228243714733606
0.02 2.888101441725355
0.02 2.663475151415144
0.02 2.448977184700163
0.02 2.2446500655191324
0.02 2.0505507673924463
0.02 1.8667554516011533
0.02 1.6933658757869252
0.02 1.5305177518073794
0.02 1.3783918525850967
0.02 1.2372278586553676
0.02 1.1073351348595077
0.02 0.9890206083423898
0.02000000000291415 0.882097233173143
0.020010182552115802 0.7849842954986685
0.077759935051687 0.6951489125791743
0.37739179939863576 0.6110823440994472
0.7724119953679368 0.5337923069480848
1.2511770026296682 0.46517860996691834
1.7282780101652613 0.4067536321064761
2.134665321129699 0.3590149698361096
2.4501615485065287 0.3220001515651071
2.672717730198132 0.2956443832241393
2.80455468611618 0.27987022953241625
2.848159677765624 0.2746192297815458
2.80455468611618 0.27987022953241614
2.6727177301981304 0.2956443832241387
2.4501615485065233 0.3220001515651066
2.1346653211296966 0.35901496983610887
1.7282780101652915 0.4067536321064748
1.2511770026296631 0.4651786099669163
0.7724119953679556 0.5337923069480824
0.3773917993986497 0.6110823440994438
0.07775993505168091 0.6951489125791712
0.020010182552115802 0.7849842954986651
0.02000000000291415 0.8820972331731394
0.02 0.9890206083423876
0.02 1.1073351348595046
0.02 1.2372278586553653
0.02 1.3783918525850953
0.02 1.5305177518073791
0.02 1.6933658757869245
0.02 1.866755451601153
0.02 2.050550767392446
0.02 2.2446500655191324
0.02 2.4489771847001633
0.02 2.663475151415144
0.02 2.888101441725355
0.02 3.1228243714733606
0.02 3.3676204507899743
0.02 3.622472380521571
0.02 3.8873676038770006
0.02 4.162297236218682
0.02 4.447255309998564
0.02 4.742238304710473
0.02 4.697250701919888
0.02 4.402268667819898
0.02 4.117312997470608
0.02 3.842387480864037
0.02 3.577498556042647
0.02 3.322655829135993
0.02 3.0778729273751653
0.02 2.8431686943846377
0.02 2.618568849105194
0.02 2.404108267305096
0.02 2.199834074474321
0.02 2.0058098741301875
0.02 1.822121470310352
0.02 1.6488847166116378
0.02 1.486256225024595
0.02 1.3344482123106873
0.02 1.193748768759553
0.02 1.064536201516039
0.02 0.947114852258538
0.02000000340449713 0.840756202560593
0.021152637230484973 0.7428986162739536
0.2253360456062759 0.6511475942846109
0.5961743576027647 0.5651352242966314
1.0875538424382711 0.4864979602110814
1.6364824637907767 0.417436686001314
2.134665321129699 0.35901496983610964
2.541133150409127 0.3113920825436297
2.852971890674557 0.274484811947121
3.0730494038856135 0.24819807513431724
3.2039089842484882 0.23245773851235899
3.2473167460400276 0.22721641760793435
3.2039089842484887 0.23245773851235874
3.0730494038856198 0.2481980751343167
2.852971890674563 0.2744848119471201
2.541133150409126 0.31139208254362816
2.1346653211296895 0.3590149698361079
1.6364824637908166 0.41743668600131173
1.0875538424382838 0.48649796021107805
0.5961743576027613 0.5651352242966279
0.2253360456062955 0.6511475942846069
0.021152637230484973 0.7428986162739486
0.02000000340449713 0.8407562025605886
0.02 0.9471148522585341
0.02 1.064536201516036
0.02 1.1937487687595507
0.02 1.3344482123106851
0.02 1.4862562250245936
0.02 1.648884716611637
0.02 1.8221214703103519
0.02 2.0058098741301866
0.02 2.19983407447432
0.02 2.404108267305096
0.02 2.618568849105194
0.02 2.843168694384638
0.02 3.0778729273751657
0.02 3.3226558291359924
0.02 3.5774985560426473
0.02 3.842387480864036
0.02 4.117312997470609
0.02 4.402268667819899
0.02 4.697250701919887
0.02 4.662260776168485
0.02 4.36727953105231
0.02 4.082325836228835
0.02 3.8074037071799998
0.02 3.5425199748991543
0.02 3.2876848518121062
0.02 3.042912864674791
0.02 2.8082241630966958
0.02 2.5836463543916603
0.02 2.3692170340864083
0.02 2.1649872605726013
0.02 1.9710263322137511
0.02 1.7874283604433467
0.02 1.6143213825146057
0.02 1.4518801234369862
0.02 1.300344176455444
0.02 1.16004424894184
0.02 1.031418129634537
0.020000000000011314 0.9147387346549554
0.020000561814382947 0.8087154151151197
0.0436320069629709 0.7100303319174952
0.35692075969922615 0.6164695082217061
0.8040420858821464 0.5288426292631312
1.3723354160133985 0.449471960721563
1.950573045299489 0.3803222583582014
2.450161548506532 0.32200015156510703
2.852971890674556 0.274484811947121
3.161718011410566 0.23766064751784222
3.3798195663203905 0.21142858202870543
3.5096991069688657 0.19571774266617625
3.552826094796017 0.19048555379457857
3.509699106968867 0.195717742666176
3.379819566320393 0.2114285820287049
3.1617180114105756 0.23766064751784133
2.852971890674586 0.27448481194711943
2.4501615485065438 0.32200015156510464
1.9505730452995065 0.3803222583581988
1.3723354160134424 0.4494719607215591
0.8040420858821652 0.5288426292631266
0.3569207596992409 0.6164695082217005
0.04363200696296829 0.7100303319174892
0.020000561814382947 0.8087154151151138
0.020000000000011314 0.9147387346549505
0.02 1.031418129634534
0.02 1.1600442489418359
0.02 1.3003441764554415
0.02 1.451880123436985
0.02 1.614321382514605
0.02 1.787428360443346
0.02 1.9710263322137516
0.02 2.1649872605726013
0.02 2.369217034086408
0.02 2.583646354391661
0.02 2.8082241630966958
0.02 3.042912864674792
0.02 3.2876848518121053
0.02 3.5425199748991547
0.02 3.8074037071799998
0.02 4.0823258362288355
0.02 4.36727953105231
0.02 4.662260776168486
0.02 4.637268213772694
0.02 4.342287555825442
0.02 4.057335331788566
0.02 3.782415728061157
0.02 3.5175358706804993
0.02 3.262706432350536
0.02 3.0179426188158804
0.02 2.783265574678142
0.02 2.5587043411026964
0.02 2.3442985934740648
0.02 2.1401023898053735
0.02 1.9461893859409174
0.02 1.762660010834601
0.02 1.5896515018200328
0.02 1.4273519546280722
0.02 1.2760203686632725
0.02 1.1360150117755348
0.02 1.0078010888338067
0.020000000000933084 0.8915743225842917
0.02001721170173841 0.7856272394798534
0.11543259883767115 0.6863253753715266
0.4626351168271345 0.5916428705140729
0.9628594663613088 0.5029235732343039
1.5810175387540155 0.42308647337244365
2.17407378729176 0.3539014203697163
2.6727177301981295 0.2956443832241393
3.073049403885608 0.24819807513431713
3.3798195663203914 0.21142858202870538
3.5966013056373742 0.18523399198129373
3.7257615710596204 0.16954441834403483
3.768665527417716 0.16431903950878435
3.725761571059622 0.16954441834403453
3.5966013056373773 0.185233991981293
3.3798195663203985 0.21142858202870435
3.07304940388563 0.2481980751343157
2.6727177301981766 0.295644383224137
2.174073787291814 0.3539014203697128
1.581017538754079 0.423086473372439
0.9628594663613884 0.5029235732342979
0.46263511682718367 0.5916428705140655
0.11543259883768246 0.6863253753715185
0.02001721170173841 0.785627239479845
0.020000000000933084 0.8915743225842847
0.02 1.0078010888338016
0.02 1.136015011775531
0.02 1.2760203686632694
0.02 1.4273519546280706
0.02 1.589651501820032
0.02 1.7626600108346016
0.02 1.9461893859409172
0.02 2.1401023898053726
0.02 2.3442985934740643
0.02 2.558704341102696
0.02 2.783265574678143
0.02 3.0179426188158804
0.02 3.262706432350536
0.02 3.5175358706804993
0.02 3.7824157280611566
0.02 4.057335331788566
0.02 4.342287555825442
0.02 4.637268213772693
0.02 4.622272776128379
0.02 4.3272924802159105
0.02 4.042341163477954
0.02 3.767423118729903
0.02 3.5025456554892407
0.02 3.2477197333896073
0.02 3.0029609816137333
0.02 2.7682911666953274
0.02 2.543740226481289
0.02 2.3293491389079386
0.02 2.1251738386681596
0.02 1.9312907019186867
0.02 1.7478040697664763
0.02 1.5748567813451657
0.02 1.4126447574731489
0.02 1.2614373854485146
0.02 1.1216043567289469
0.02 0.993607777151661
0.020000000010248264 0.8775455540714927
0.02011648362909729 0.7714739515171172
0.18207053065711662 0.6717482826097128
0.542585232931729 0.576578961907963
1.0649279548056136 0.48740119999414755
1.7043436396933493 0.40732890564747987
2.305428801599549 0.3381035866172256
2.804554686116176 0.27987022953241614
3.2039089842484882 0.2324577385123587
3.5096991069688697 0.19571774266617614
3.7257615710596212 0.16954441834403483
3.8545047465772657 0.15386733368584338
3.897274414197797 0.14864603171571344
3.8545047465772693 0.15386733368584302
3.725761571059626 0.16954441834403403
3.509699106968875 0.19571774266617517
3.203908984248511 0.23245773851235726
2.804554686116215 0.2798702295324138
2.3054288015996054 0.3381035866172223
1.7043436396934541 0.40732890564747515
1.0649279548057358 0.48740119999414083
0.5425852329318344 0.5765789619079547
0.18207053065712403 0.6717482826097031
0.02011648362909729 0.7714739515171083
0.020000000010248264 0.877545554071485
0.02 0.9936077771516552
0.02 1.1216043567289433
0.02 1.2614373854485121
0.02 1.4126447574731475
0.02 1.5748567813451646
0.02 1.7478040697664767
0.02 1.9312907019186862
0.02 2.1251738386681596
0.02 2.329349138907938
0.02 2.5437402264812885
0.02 2.768291166695328
0.02 3.0029609816137333
0.02 3.2477197333896064
0.02 3.5025456554892402
0.02 3.7674231187299037
0.02 4.042341163477955
0.02 4.32729248021591
0.02 4.622272776128379
0.02 4.617274313861165
0.02 4.322294140270435
0.02 4.037343130228122
0.02 3.762425612559962
0.02 3.497548959239037
0.02 3.2427242271244725
0.02 2.9979671896251827
0.02 2.7632998244132327
0.02 2.538752374915795
0.02 2.3243662617534344
0.02 2.1201980584615403
0.02 1.9263250630977227
0.02 1.742852936624408
0.02 1.56992637901564
0.02 1.407743828254158
0.02 1.2565777279817807
0.02 1.1168000732271413
0.02 0.9888663919465176
0.0200000000214418 0.8728280871580902
0.020214147684196677 0.7666659282692548
0.20811354624479672 0.6667777695820983
0.5748433977891316 0.5714837554370804
1.1019777196798415 0.4822160648806326
1.7453855324543257 0.4020890185961201
2.3486127141918054 0.3328480565501648
2.8481596777656235 0.27461922978154546
3.2473167460400307 0.22721641760793412
3.552826094796019 0.1904855537945784
3.7686655274177174 0.16431903950878426
3.8972744141977973 0.1486460317157134
3.94 0.14342607510371588
3.8972744141977995 0.148646031715713
3.768665527417724 0.16431903950878354
3.552826094796027 0.19048555379457724
3.247316746040052 0.2272164176079326
2.848159677765662 0.27461922978154296
2.3486127141918645 0.3328480565501614
1.7453855324544396 0.4020890185961151
1.1019777196799962 0.48221606488062546
0.5748433977892591 0.5714837554370711
0.20811354624479061 0.666777769582088
0.020214147684196677 0.7666659282692456
0.0200000000214418 0.8728280871580825
0.02 0.9888663919465119
0.02 1.1168000732271384
0.02 1.2565777279817767
0.02 1.4077438282541566
0.02 1.5699263790156386
0.02 1.742852936624408
0.02 1.9263250630977222
0.02 2.1201980584615394
0.02 2.3243662617534353
0.02 2.5387523749157945
0.02 2.763299824413233
0.02 2.997967189625183
0.02 3.242724227124472
0.02 3.4975489592390367
0.02 3.762425612559962
0.02 4.037343130228123
0.02 4.3222941402704365
0.02 4.617274313861165
0.02 4.62227277612838
0.02 4.3272924802159105
0.02 4.042341163477954
0.02 3.767423118729903
0.02 3.5025456554892407
0.02 3.2477197333896073
0.02 3.0029609816137333
0.02 2.7682911666953274
0.02 2.543740226481289
0.02 2.3293491389079386
0.02 2.1251738386681596
0.02 1.9312907019186867
0.02 1.7478040697664765
0.02 1.5748567813451657
0.02 1.4126447574731489
0.02 1.2614373854485148
0.02 1.1216043567289469
0.02 0.993607777151661
0.020000000010248264 0.877545554071492
0.02011648362909729 0.771473951517117
0.18207053065709836 0.6717482826097126
0.5425852329317177 0.5765789619079625
1.0649279548056219 0.48740119999414705
1.7043436396933611 0.4073289056474794
2.3054288015995463 0.3381035866172253
2.80455468611618 0.2798702295324155
3.203908984248498 0.23245773851235832
3.50969910696887 0.19571774266617573
3.725761571059624 0.16954441834403428
3.8545047465772706 0.15386733368584285
3.8972744141978 0.14864603171571297
3.8545047465772724 0.15386733368584263
3.7257615710596306 0.1695444183440336
3.509699106968877 0.1957177426661747
3.2039089842485122 0.2324577385123569
2.804554686116216 0.2798702295324134
2.305428801599608 0.338103586617222
1.7043436396934517 0.40732890564747487
1.0649279548057276 0.48740119999414067
0.5425852329318204 0.5765789619079547
0.18207053065711706 0.6717482826097034
0.02011648362909729 0.7714739515171085
0.020000000010248264 0.8775455540714852
0.02 0.9936077771516552
0.02 1.1216043567289433
0.02 1.2614373854485121
0.02 1.4126447574731475
0.02 1.5748567813451648
0.02 1.747804069766477
0.02 1.9312907019186862
0.02 2.1251738386681596
0.02 2.329349138907938
0.02 2.5437402264812885
0.02 2.768291166695328
0.02 3.0029609816137333
0.02 3.2477197333896064
0.02 3.5025456554892407
0.02 3.7674231187299037
0.02 4.042341163477955
0.02 4.3272924802159105
0.02 4.622272776128379
0.02 4.637268213772694
0.02 4.342287555825443
0.02 4.057335331788565
0.02 3.782415728061157
0.02 3.5175358706804993
0.02 3.262706432350536
0.02 3.0179426188158804
0.02 2.783265574678142
0.02 2.5587043411026964
0.02 2.3442985934740648
0.02 2.140102389805373
0.02 1.9461893859409172
0.02 1.762660010834601
0.02 1.589651501820033
0.02 1.427351954628072
0.02 1.2760203686632725
0.02 1.1360150117755343
0.02 1.0078010888338065
0.020000000000933084 0.8915743225842911
0.02001721170173841 0.7856272394798528
0.1154325988376842 0.686325375371526
0.46263511682711883 0.5916428705140724
0.9628594663613018 0.502923573234303
1.5810175387540237 0.4230864733724427
2.1740737872917673 0.3539014203697153
2.6727177301981375 0.2956443832241382
3.0730494038856206 0.24819807513431602
3.3798195663204007 0.21142858202870446
3.59660130563738 0.18523399198129262
3.7257615710596275 0.16954441834403383
3.768665527417724 0.16431903950878343
3.7257615710596315 0.1695444183440336
3.5966013056373822 0.18523399198129206
3.3798195663204007 0.21142858202870368
3.0730494038856406 0.24819807513431488
2.6727177301981766 0.29564438322413616
2.1740737872918143 0.35390142036971217
1.581017538754079 0.42308647337243843
0.9628594663613832 0.5029235732342975
0.4626351168271719 0.5916428705140652
0.11543259883767201 0.6863253753715184
0.02001721170173841 0.7856272394798451
0.020000000000933084 0.891574322584285
0.02 1.0078010888338016
0.02 1.1360150117755312
0.02 1.2760203686632694
0.02 1.4273519546280706
0.02 1.589651501820032
0.02 1.7626600108346016
0.02 1.9461893859409174
0.02 2.140102389805373
0.02 2.3442985934740643
0.02 2.5587043411026964
0.02 2.783265574678143
0.02 3.017942618815881
0.02 3.262706432350536
0.02 3.5175358706804993
0.02 3.782415728061156
0.02 4.0573353317885665
0.02 4.342287555825443
0.02 4.6372682137726935
0.02 4.662260776168486
0.02 4.367279531052309
0.02 4.082325836228835
0.02 3.80740370718
0.02 3.5425199748991543
0.02 3.2876848518121062
0.02 3.042912864674791
0.02 2.8082241630966958
0.02 2.5836463543916603
0.02 2.3692170340864083
0.02 2.1649872605726013
0.02 1.9710263322137513
0.02 1.7874283604433465
0.02 1.6143213825146059
0.02 1.451880123436986
0.02 1.3003441764554435
0.02 1.1600442489418394
0.02 1.031418129634537
0.020000000000011314 0.9147387346549546
0.020000561814382947 0.808715415115119
0.04363200696297003 0.7100303319174944
0.3569207596992318 0.6164695082217051
0.8040420858821099 0.52884262926313
1.3723354160134098 0.4494719607215613
1.9505730452994947 0.38032225835819977
2.4501615485065473 0.32200015156510514
2.8529718906745933 0.27448481194711943
3.1617180114105823 0.23766064751784072
3.3798195663204065 0.211428582028704
3.50969910696888 0.19571774266617487
3.5528260947960297 0.19048555379457713
3.5096991069688777 0.1957177426661746
3.3798195663204007 0.21142858202870363
3.161718011410588 0.2376606475178402
2.8529718906745987 0.27448481194711827
2.450161548506563 0.32200015156510353
1.9505730452995187 0.3803222583581975
1.3723354160134338 0.4494719607215582
0.8040420858821378 0.528842629263126
0.35692075969923615 0.6164695082217004
0.043632006962967415 0.7100303319174889
0.020000561814382947 0.8087154151151136
0.020000000000011314 0.9147387346549505
0.02 1.0314181296345337
0.02 1.1600442489418357
0.02 1.3003441764554418
0.02 1.4518801234369851
0.02 1.6143213825146048
0.02 1.787428360443346
0.02 1.9710263322137513
0.02 2.1649872605726013
0.02 2.369217034086408
0.02 2.583646354391661
0.02 2.8082241630966958
0.02 3.042912864674792
0.02 3.287684851812106
0.02 3.5425199748991547
0.02 3.8074037071799998
0.02 4.082325836228835
0.02 4.3672795310523105
0.02 4.662260776168486
0.02 4.697250701919889
0.02 4.402268667819898
0.02 4.117312997470608
0.02 3.8423874808640366
0.02 3.577498556042647
0.02 3.322655829135993
0.02 3.0778729273751653
0.02 2.8431686943846377
0.02 2.618568849105194
0.02 2.404108267305096
0.02 2.1998340744743214
0.02 2.0058098741301875
0.02 1.822121470310352
0.02 1.6488847166116378
0.02 1.4862562250245948
0.02 1.3344482123106873
0.02 1.1937487687595527
0.02 1.064536201516039
0.02 0.9471148522585375
0.02000000340449713 0.8407562025605924
0.021152637230484102 0.7428986162739527
0.22533604560629464 0.6511475942846092
0.5961743576027726 0.5651352242966304
1.0875538424382405 0.48649796021107883
1.6364824637908268 0.4174366860013118
2.1346653211296878 0.35901496983610737
2.541133150409152 0.31139208254362644
2.8529718906746053 0.2744848119471187
3.0730494038856317 0.248198075134315
3.20390898424852 0.2324577385123568
3.247316746040053 0.22721641760793232
3.2039089842485122 0.23245773851235682
3.0730494038856397 0.24819807513431483
2.8529718906745973 0.27448481194711827
2.541133150409157 0.3113920825436262
2.1346653211297077 0.3590149698361059
1.636482463790831 0.41743668600130995
1.0875538424382731 0.48649796021107644
0.5961743576027452 0.5651352242966271
0.22533604560628678 0.6511475942846062
0.021152637230484973 0.7428986162739486
0.02000000340449713 0.8407562025605881
0.02 0.9471148522585343
0.02 1.0645362015160358
0.02 1.193748768759551
0.02 1.3344482123106847
0.02 1.4862562250245934
0.02 1.6488847166116372
0.02 1.822121470310352
0.02 2.0058098741301866
0.02 2.1998340744743206
0.02 2.404108267305096
0.02 2.618568849105194
0.02 2.843168694384638
0.02 3.0778729273751657
0.02 3.322655829135993
0.02 3.5774985560426473
0.02 3.8423874808640366
0.02 4.117312997470609
0.02 4.402268667819899
0.02 4.697250701919888
0.02 4.742238304710476
0.02 4.447255309998566
0.02 4.1622972362186825
0.02 3.887367603877001
0.02 3.6224723805215704
0.02 3.3676204507899747
0.02 3.1228243714733606
0.02 2.888101441725355
0.02 2.663475151415144
0.02 2.448977184700163
0.02 2.2446500655191324
0.02 2.0505507673924463
0.02 1.8667554516011533
0.02 1.6933658757869252
0.02 1.5305177518073794
0.02 1.3783918525850964
0.02 1.2372278586553673
0.02 1.107335134859507
0.02 0.9890206083423895
0.02000000000291415 0.8820972331731424
0.020010182552115802 0.7849842954986671
0.07775993505165697 0.6951489125791724
0.37739179939867146 0.611082344099444
0.7724119953679586 0.5337923069480819
1.2511770026297167 0.4651786099669146
1.728278010165344 0.40675363210647286
2.134665321129694 0.3590149698361066
2.4501615485065678 0.3220001515651037
2.6727177301981793 0.29564438322413655
2.8045546861162105 0.27987022953241314
2.8481596777656613 0.27461922978154285
2.8045546861162136 0.27987022953241325
2.6727177301981757 0.2956443832241361
2.4501615485065598 0.3220001515651036
2.1346653211297095 0.35901496983610603
1.7282780101653201 0.4067536321064723
1.251177002629685 0.46517860996691357
0.7724119953679486 0.5337923069480802
0.37739179939866885 0.6110823440994423
0.07775993505167351 0.6951489125791701
0.020010182552115802 0.7849842954986643
0.02000000000291415 0.882097233173139
0.02 0.9890206083423875
0.02 1.1073351348595046
0.02 1.237227858655365
0.02 1.3783918525850951
0.02 1.5305177518073791
0.02 1.6933658757869248
0.02 1.866755451601153
0.02 2.050550767392446
0.02 2.2446500655191324
0.02 2.4489771847001633
0.02 2.663475151415144
0.02 2.8881014417253557
0.02 3.122824371473361
0.02 3.3676204507899743
0.02 3.622472380521571
0.02 3.8873676038770006
0.02 4.162297236218682
0.02 4.447255309998564
0.02 4.742238304710475
0.02 4.797223956044242
0.02 4.502239863728258
0.02 4.217279048337603
0.02 3.942344725849423
0.02 3.6774423433751524
0.02 3.422579977101463
0.02 3.1777690060624644
0.02 2.9430250172555037
0.02 2.718369069486108
0.02 2.5038293560936635
0.02 2.2994434429886303
0.02 2.1052611710310005
0.02 1.9213484867594464
0.02 1.7477923291575785
0.02 1.5847069137776455
0.02 1.432241448177108
0.02 1.2905894077920168
0.02 1.1599969653302706
0.02 1.040745802531268
0.02 0.9329585730456479
0.02000000695486273 0.8358750744407399
0.02084474431116587 0.7473792189071893
0.17716763234113253 0.665669116162585
0.47654850601786436 0.5904928043208624
0.8436239679250961 0.5231711700974955
1.2511770026297475 0.46517860996691335
1.6364824637908681 0.41743668600131023
1.9505730452995247 0.38032225835819755
2.1740737872918254 0.353901420369712
2.3054288015996023 0.338103586617222
2.3486127141918707 0.3328480565501612
2.3054288015996023 0.33810358661722206
2.174073787291818 0.3539014203697121
1.9505730452995242 0.38032225835819744
1.6364824637908268 0.4174366860013099
1.2511770026296651 0.4651786099669137
0.8436239679250852 0.5231711700974966
0.47654850601791093 0.5904928043208612
0.17716763234107683 0.6656691161625832
0.02084474431116587 0.7473792189071876
0.02000000695486273 0.8358750744407372
0.02 0.932958573045646
0.02 1.0407458025312668
0.02 1.1599969653302686
0.02 1.2905894077920157
0.02 1.4322414481771069
0.02 1.5847069137776453
0.02 1.747792329157578
0.02 1.9213484867594466
0.02 2.1052611710310005
0.02 2.2994434429886303
0.02 2.503829356093664
0.02 2.7183690694861076
0.02 2.9430250172555046
0.02 3.1777690060624644
0.02 3.4225799771014627
0.02 3.677442343375153
0.02 3.9423447258494235
0.02 4.217279048337602
0.02 4.502239863728256
0.02 4.797223956044241
0.02 4.862208065859911
0.02 4.5672227767449165
0.02 4.282258974951
0.02 4.007319555114321
0.02 3.742409409302353
0.02 3.487535764367013
0.02 3.2427087564193187
0.02 3.0079421916198683
0.02 2.783254599433294
0.02 2.5686705939754715
0.02 2.3642226779512177
0.02 2.169953524143475
0.02 1.9859189107813808
0.02 1.8121913267542664
0.02 1.6488644186837613
0.02 1.4960581383836573
0.02 1.3539245767920935
0.02 1.222653616076158
0.02 1.1024720139652646
0.02 0.9935739394815304
0.02000000000020629 0.8957478928806681
0.020000406055011855 0.8078404867936986
0.02570260554502994 0.7281332994782822
0.21615682501255876 0.6555791488463054
0.4765485060178892 0.5904928043208606
0.7724119953679991 0.5337923069480796
1.0875538424383058 0.4864979602110759
1.3723354160134416 0.4494719607215578
1.581017538754069 0.42308647337243854
1.704343639693445 0.4073289056474747
1.7453855324544227 0.40208901859611484
1.7043436396934486 0.40732890564747487
1.5810175387540648 0.42308647337243843
1.372335416013428 0.449471960721558
1.087553842438248 0.48649796021107666
0.7724119953679526 0.5337923069480808
0.476548506017924 0.5904928043208614
0.21615682501244254 0.655579148846306
0.02570260554503255 0.7281332994782829
0.020000406055011855 0.807840486793697
0.02000000000020629 0.8957478928806663
0.02 0.9935739394815292
0.02 1.1024720139652635
0.02 1.2226536160761567
0.02 1.3539245767920927
0.02 1.4960581383836564
0.02 1.6488644186837613
0.02 1.8121913267542662
0.02 1.9859189107813813
0.02 2.1699535241434744
0.02 2.364222677951217
0.02 2.5686705939754724
0.02 2.7832545994332945
0.02 3.007942191619869
0.02 3.2427087564193195
0.02 3.487535764367013
0.02 3.7424094093023528
0.02 4.00731955511432
0.02 4.282258974951
0.02 4.567222776744917
0.02 4.86220806585991
0.02 4.937191059444131
0.02 4.642204512333831
0.02 4.357237575447408
0.02 4.082292816467115
0.02 3.8173745611512095
0.02 3.5624891784089385
0.02 3.317645550020717
0.02 3.082855705315636
0.02 2.858135661537576
0.02 2.6435065235720936
0.02 2.438995871613739
0.02 2.2446395176015304
0.02 2.060483637542239
0.02 1.8865873500905046
0.02 1.7230256546096099
0.02 1.5698926800733375
0.02 1.4273048707098204
0.02 1.2954036502264157
0.02 1.1743548710115848
0.02 1.0643257283024588
0.02 0.9653634099457958
0.02000000000484473 0.8770755030494451
0.020001373113314055 0.798389205230584
0.02570260554502733 0.7281332994782805
0.1771676323411582 0.6656691161625821
0.3773917993986889 0.6110823440994406
0.5961743576027774 0.5651352242966264
0.8040420858821555 0.528842629263126
0.9628594663613823 0.5029235732342977
1.0649279548057276 0.4874011999941408
1.101977719679972 0.4822160648806257
1.0649279548057298 0.4874011999941408
0.9628594663613732 0.5029235732342979
0.8040420858821394 0.5288426292631261
0.5961743576027421 0.5651352242966273
0.37739179939867235 0.6110823440994424
0.17716763234108465 0.6656691161625833
0.02570260554503255 0.7281332994782829
0.020001373113314055 0.7983892052305837
0.02000000000484473 0.8770755030494449
0.02 0.9653634099457955
0.02 1.064325728302459
0.02 1.1743548710115845
0.02 1.2954036502264137
0.02 1.4273048707098204
0.02 1.569892680073337
0.02 1.72302565460961
0.02 1.8865873500905044
0.02 2.06048363754224
0.02 2.244639517601531
0.02 2.438995871613739
0.02 2.6435065235720945
0.02 2.8581356615375757
0.02 3.082855705315637
0.02 3.317645550020717
0.02 3.5624891784089385
0.02 3.8173745611512095
0.02 4.082292816467114
0.02 4.357237575447408
0.02 4.642204512333831
0.02 4.937191059444131
0.02 5.022173359882586
0.02 4.727185529463833
0.02 4.44221539990785
0.02 4.167265216110164
0.02 3.902338747714511
0.02 3.6474415236274087
0.02 3.4025812080670663
0.02 3.1677681159282542
0.02 2.9430158668817326
0.02 2.728342247513504
0.02 2.523770247005694
0.02 2.3293293618161273
0.02 2.145057083997452
0.02 1.971000657734277
0.02 1.807218896857069
0.02 1.6537840458027022
0.02 1.5107831870275052
0.02 1.3783188522194587
0.02 1.2565073841972119
0.02 1.1454710676773203
0.02 1.0453050529121959
0.02 0.9559650032379372
0.02000000000484473 0.8770755030494437
0.020000406055011855 0.8078404867936962
0.020844744311165002 0.7473792189071856
0.07775993505165785 0.6951489125791689
0.22533604560629464 0.6511475942846056
0.3569207596992527 0.6164695082216999
0.46263511682719105 0.5916428705140653
0.5425852329318278 0.5765789619079545
0.5748433977892543 0.5714837554370714
0.5425852329318204 0.5765789619079545
0.4626351168272128 0.5916428705140654
0.3569207596992418 0.6164695082217003
0.22533604560628331 0.6511475942846064
0.07775993505166481 0.6951489125791706
0.02084474431116587 0.7473792189071878
0.020000406055011855 0.8078404867936971
0.02000000000484473 0.8770755030494449
0.02 0.9559650032379373
0.02 1.0453050529121948
0.02 1.14547106767732
0.02 1.2565073841972114
0.02 1.3783188522194583
0.02 1.5107831870275055
0.02 1.653784045802702
0.02 1.8072188968570693
0.02 1.9710006577342774
0.02 2.145057083997453
0.02 2.3293293618161273
0.02 2.523770247005694
0.02 2.728342247513505
0.02 2.9430158668817326
0.02 3.1677681159282547
0.02 3.402581208067066
0.02 3.6474415236274083
0.02 3.9023387477145106
0.02 4.167265216110162
0.02 4.442215399907849
0.02 4.727185529463832
0.02 5.022173359882584
0.02 5.117155368843673
0.02 4.8221662626650454
0.02 4.5371929653189556
0.02 4.262237411199607
0.02 3.9973028412217095
0.02 3.7423939845770176
0.02 3.497517361412819
0.02 3.2626816806811965
0.02 3.037898348918445
0.02 2.8231821123155734
0.02 2.6185518231418814
0.02 2.4240313550337604
0.02 2.2396506196017385
0.02 2.065446673521772
0.02 1.9014647763269492
0.02 1.7477592771120252
0.02 1.6043939880799891
0.02 1.4714416771414083
0.02 1.3489819670770185
0.02 1.2370966853655596
0.02 1.1358589729403992
0.02 1.0453050529121954
0.02 0.9653634099457942
0.02000000000020629 0.8957478928806655
0.02000000695486273 0.8358750744407368
0.020010182552115802 0.7849842954986638
0.021152637230484973 0.7428986162739478
0.04363200696297265 0.7100303319174887
0.11543259883768246 0.6863253753715183
0.18207053065711487 0.6717482826097034
0.20811354624479847 0.6667777695820882
0.18207053065712314 0.6717482826097035
0.11543259883769073 0.686325375371518
0.043632006962964806 0.7100303319174889
0.021152637230484973 0.7428986162739487
0.020010182552115802 0.7849842954986648
0.02000000695486273 0.8358750744407373
0.02000000000020629 0.8957478928806665
0.02 0.9653634099457955
0.02 1.045305052912195
0.02 1.1358589729403992
0.02 1.2370966853655596
0.02 1.3489819670770182
0.02 1.471441677141408
0.02 1.6043939880799891
0.02 1.7477592771120254
0.02 1.9014647763269499
0.02 2.0654466735217714
0.02 2.2396506196017394
0.02 2.4240313550337613
0.02 2.618551823141881
0.02 2.823182112315574
0.02 3.0378983489184446
0.02 3.262681680681197
0.02 3.4975173614128185
0.02 3.7423939845770167
0.02 3.997302841221709
0.02 4.262237411199607
0.02 4.5371929653189556
0.02 4.822166262665041
0.02 5.117155368843669
0.02 5.222137453630626
0.02 4.927147107575845
0.02 4.64217073693961
0.02 4.3672099866573575
0.02 4.10226760562717
0.02 3.8473475845531566
0.02 3.602455393216007
0.02 3.3675982813828904
0.02 3.1427856631178397
0.02 2.9280295830019907
0.02 2.723345263750992
0.02 2.5287517255291982
0.02 2.344272445435882
0.02 2.1699360074293965
0.02 2.0057766419286414
0.02 1.8518345119553101
0.02 1.7081555118481646
0.02 1.5747902762287693
0.02 1.4517919949867606
0.02 1.3392126024307391
0.02 1.2370966853655598
0.02 1.1454710676773197
0.02 1.0643257283024583
0.02 0.9935739394815283
0.02 0.932958573045645
0.02000000000291415 0.8820972331731382
0.02000000340449713 0.8407562025605878
0.020000561814382947 0.8087154151151129
0.02001721170173841 0.785627239479845
0.02011648362909729 0.7714739515171085
0.020214147684196677 0.7666659282692457
0.02011648362909729 0.7714739515171084
0.02001721170173841 0.7856272394798449
0.020000561814382947 0.8087154151151135
0.02000000340449713 0.8407562025605881
0.02000000000291415 0.882097233173139
0.02 0.9329585730456463
0.02 0.9935739394815293
0.02 1.064325728302459
0.02 1.14547106767732
0.02 1.2370966853655596
0.02 1.3392126024307394
0.02 1.4517919949867604
0.02 1.5747902762287695
0.02 1.7081555118481646
0.02 1.8518345119553101
0.02 2.0057766419286414
0.02 2.169936007429397
0.02 2.3442724454358834
0.02 2.5287517255291982
0.02 2.723345263750992
0.02 2.928029583001991
0.02 3.1427856631178397
0.02 3.3675982813828917
0.02 3.6024553932160064
0.02 3.847347584553156
0.02 4.102267605627167
0.02 4.367209986657355
0.02 4.642170736939607
0.02 4.9271471075758395
0.02 5.22213745363062
0.02 5.337119936013178
0.02 5.042128408827076
0.02 4.757149115905655
0.02 4.482183438484102
0.02 4.217233678235485
0.02 3.9623031596555354
0.02 3.7173964109987185
0.02 3.4825193875957576
0.02 3.2576797531809483
0.02 3.0428872102252282
0.02 2.83815387606036
0.02 2.6434946857961177
0.02 2.4589277923471826
0.02 2.2844749103224946
0.02 2.1201615219727032
0.02 1.9660168241480926
0.02 1.8220732485770719
0.02 1.6883653398515996
0.02 1.5649277370901513
0.02 1.4517919949867604
0.02 1.348981967077018
0.02 1.256507384197211
0.02 1.1743548710115843
0.02 1.1024720139652633
0.02 1.0407458025312653
0.02 0.989020608342387
0.02 0.9471148522585338
0.020000000000011314 0.9147387346549501
0.020000000000933084 0.8915743225842848
0.020000000010248264 0.8775455540714854
0.0200000000214418 0.8728280871580826
0.020000000010248264 0.8775455540714854
0.020000000000933084 0.891574322584285
0.020000000000011314 0.9147387346549505
0.02 0.9471148522585342
0.02 0.9890206083423876
0.02 1.040745802531267
0.02 1.102472013965264
0.02 1.1743548710115845
0.02 1.2565073841972112
0.02 1.348981967077018
0.02 1.4517919949867604
0.02 1.5649277370901513
0.02 1.6883653398515996
0.02 1.8220732485770719
0.02 1.9660168241480926
0.02 2.1201615219727037
0.02 2.2844749103224946
0.02 2.4589277923471835
0.02 2.6434946857961172
0.02 2.83815387606036
0.02 3.0428872102252282
0.02 3.257679753180948
0.02 3.482519387595758
0.02 3.717396410998719
0.02 3.9623031596555345
0.02 4.217233678235485
0.02 4.482183438484102
0.02 4.757149115905653
0.02 5.042128408827075
0.02 5.337119936013176
0.02 5.4621030856726795
0.02 5.167110453392185
0.02 4.8821284315831655
0.02 4.607158166075664
0.02 4.342201560704238
0.02 4.087261351226268
0.02 3.84234124009896
0.02 3.607446058321176
0.02 3.3825819655438267
0.02 3.167756677105438
0.02 2.9629797120417742
0.02 2.7682626416798954
0.02 2.5836193110827903
0.02 2.409065986572528
0.02 2.244621363912737
0.02 2.0903063447714665
0.02 1.9461434629576062
0.02 1.812155815581
0.02 1.6883653398515994
0.02 1.574790276228769
0.02 1.4714416771414076
0.02 1.378318852219458
0.02 1.2954036502264146
0.02 1.2226536160761565
0.02 1.1599969653302684
0.02 1.1073351348595046
0.02 1.0645362015160358
0.02 1.0314181296345337
0.02 1.0078010888338018
0.02 0.9936077771516552
0.02 0.9888663919465122
0.02 0.9936077771516553
0.02 1.0078010888338016
0.02 1.031418129634534
0.02 1.064536201516036
0.02 1.1073351348595044
0.02 1.1599969653302689
0.02 1.2226536160761565
0.02 1.2954036502264137
0.02 1.3783188522194583
0.02 1.471441677141408
0.02 1.5747902762287695
0.02 1.6883653398515996
0.02 1.8121558155809998
0.02 1.9461434629576069
0.02 2.0903063447714674
0.02 2.2446213639127373
0.02 2.409065986572528
0.02 2.583619311082791
0.02 2.7682626416798963
0.02 2.9629797120417742
0.02 3.167756677105439
0.02 3.3825819655438267
0.02 3.6074460583211763
0.02 3.842341240098959
0.02 4.087261351226267
0.02 4.342201560704237
0.02 4.607158166075662
0.02 4.882128431583166
0.02 5.167110453392185
0.02 5.462103085672679
0.02 5.597087117360686
0.02 5.3020934679160945
0.02 5.017108939302179
0.02 4.742134471130925
0.02 4.477171620063263
0.02 4.222222611366277
0.02 3.9772904370718445
0.02 3.742378970166035
0.02 3.517493102777008
0.02 3.302638896678079
0.02 3.0978237391252548
0.02 2.9030564850682055
0.02 2.718347561704184
0.02 2.5437089973433022
0.02 2.3791543245943076
0.02 2.2246982909645965
0.02 2.0803562961070323
0.02 1.9461434629576064
0.02 1.8220732485770719
0.02 1.7081555118481644
0.02 1.6043939880799887
0.02 1.5107831870275052
0.02 1.4273048707098204
0.02 1.3539245767920927
0.02 1.2905894077920153
0.02 1.237227858655365
0.02 1.1937487687595507
0.02 1.1600442489418357
0.02 1.136015011775531
0.02 1.121604356728943
0.02 1.1168000732271384
0.02 1.121604356728943
0.02 1.1360150117755312
0.02 1.1600442489418363
0.02 1.193748768759551
0.02 1.237227858655365
0.02 1.2905894077920157
0.02 1.3539245767920927
0.02 1.4273048707098204
0.02 1.5107831870275055
0.02 1.6043939880799891
0.02 1.7081555118481646
0.02 1.8220732485770719
0.02 1.9461434629576069
0.02 2.0803562961070328
0.02 2.2246982909645965
0.02 2.379154324594308
0.02 2.5437089973433027
0.02 2.7183475617041855
0.02 2.9030564850682055
0.02 3.097823739125255
0.02 3.302638896678079
0.02 3.517493102777008
0.02 3.742378970166037
0.02 3.977290437071844
0.02 4.222222611366275
0.02 4.477171620063263
0.02 4.742134471130925
0.02 5.017108939302178
0.02 5.302093467916093
0.02 5.597087117360685
0.02 5.742072191350583
0.02 5.447077619603764
0.02 5.162090822500283
0.02 4.887112562117931
0.02 4.622144097387022
0.02 4.367187218562132
0.02 4.122244317073436
0.02 3.8873184637123375
0.02 3.6624135009449565
0.02 3.447534138353209
0.02 3.2426860444424306
0.02 3.0478759184253077
0.02 2.863111522451806
0.02 2.688401644826718
0.02 2.523755957673196
0.02 2.369184722493362
0.02 2.224698290964596
0.02 2.090306344771467
0.02 1.9660168241480924
0.02 1.85183451195531
0.02 1.747759277112025
0.02 1.6537840458027013
0.02 1.5698926800733364
0.02 1.4960581383836558
0.02 1.4322414481771066
0.02 1.3783918525850951
0.02 1.334448212310685
0.02 1.3003441764554415
0.02 1.2760203686632696
0.02 1.261437385448512
0.02 1.2565777279817765
0.02 1.2614373854485121
0.02 1.2760203686632694
0.02 1.3003441764554418
0.02 1.3344482123106847
0.02 1.3783918525850953
0.02 1.4322414481771069
0.02 1.4960581383836564
0.02 1.569892680073337
0.02 1.653784045802702
0.02 1.7477592771120254
0.02 1.8518345119553101
0.02 1.9660168241480926
0.02 2.090306344771468
0.02 2.2246982909645965
0.02 2.369184722493362
0.02 2.5237559576731967
0.02 2.6884016448267185
0.02 2.8631115224518062
0.02 3.047875918425308
0.02 3.242686044442431
0.02 3.44753413835321
0.02 3.662413500944956
0.02 3.887318463712338
0.02 4.122244317073436
0.02 4.36718721856213
0.02 4.622144097387018
0.02 4.887112562117927
0.02 5.162090822500284
0.02 5.447077619603761
0.02 5.742072191350579
0.02 5.897058416558969
0.02 5.602063019998781
0.02 5.317074198243289
0.02 5.042092562958595
0.02 4.777119121786524
0.02 4.522155300143944
0.02 4.277202989707757
0.02 4.042264600107988
0.02 3.817343118185287
0.02 3.6024421650410052
0.02 3.397566044978116
0.02 3.202719772875202
0.02 3.0179090648707017
0.02 2.8431402704252773
0.02 2.67842022006585
0.02 2.5237559576731967
0.02 2.3791543245943076
0.02 2.2446213639127377
0.02 2.1201615219727032
0.02 2.0057766419286414
0.02 1.9014647763269499
0.02 1.8072188968570688
0.02 1.7230256546096099
0.02 1.648864418683761
0.02 1.584706913777645
0.02 1.5305177518073794
0.02 1.4862562250245932
0.02 1.4518801234369847
0.02 1.4273519546280709
0.02 1.4126447574731473
0.02 1.4077438282541561
0.02 1.4126447574731473
0.02 1.4273519546280709
0.02 1.4518801234369851
0.02 1.4862562250245934
0.02 1.5305177518073791
0.02 1.5847069137776453
0.02 1.6488644186837613
0.02 1.7230256546096103
0.02 1.8072188968570693
0.02 1.9014647763269497
0.02 2.0057766419286414
0.02 2.1201615219727032
0.02 2.2446213639127377
0.02 2.379154324594308
0.02 2.5237559576731967
0.02 2.678420220065851
0.02 2.8431402704252777
0.02 3.017909064870703
0.02 3.202719772875203
0.02 3.397566044978116
0.02 3.6024421650410057
0.02 3.8173431181852875
0.02 4.042264600107988
0.02 4.277202989707756
0.02 4.522155300143943
0.02 4.777119121786523
0.02 5.042092562958593
0.02 5.317074198243287
0.02 5.602063019998776
0.02 5.897058416558965
0.02 6.062045855649105
0.02 5.767049730856777
0.02 5.482059125087253
0.02 5.207074524445053
0.02 4.942096727575415
0.02 4.687126858356294
0.02 4.442166398631958
0.02 4.207217220929501
0.02 3.9822816245734587
0.02 3.7673623668620513
0.02 3.562462684515516
0.02 3.3675862947548443
0.02 3.1827373647772923
0.02 3.0079204338216257
0.02 2.8431402704252773
0.02 2.6884016448267185
0.02 2.5437089973433022
0.02 2.409065986572528
0.02 2.284474910322494
0.02 2.1699360074293965
0.02 2.0654466735217714
0.02 1.971000657734277
0.02 1.886587350090504
0.02 1.8121913267542658
0.02 1.747792329157578
0.02 1.6933658757869243
0.02 1.648884716611637
0.02 1.6143213825146048
0.02 1.589651501820032
0.02 1.5748567813451646
0.02 1.5699263790156384
0.02 1.5748567813451648
0.02 1.589651501820032
0.02 1.614321382514605
0.02 1.6488847166116372
0.02 1.6933658757869245
0.02 1.747792329157578
0.02 1.8121913267542662
0.02 1.8865873500905042
0.02 1.9710006577342771
0.02 2.0654466735217714
0.02 2.169936007429397
0.02 2.2844749103224946
0.02 2.409065986572528
0.02 2.5437089973433027
0.02 2.6884016448267185
0.02 2.8431402704252773
0.02 3.007920433821626
0.02 3.1827373647772936
0.02 3.3675862947548443
0.02 3.562462684515516
0.02 3.7673623668620517
0.02 3.9822816245734582
0.02 4.207217220929502
0.02 4.442166398631956
0.02 4.687126858356292
0.02 4.942096727575412
0.02 5.20707452444505
0.02 5.482059125087253
0.02 5.767049730856774
0.02 6.0620458556491
0.02 6.237034531440956
0.02 5.942037771358448
0.02 5.657045612335061
0.02 5.382058437087236
0.02 5.117076872785504
0.02 4.862101797429871
0.02 4.617134361241095
0.02 4.382176006168424
0.02 4.157228486294921
0.02 3.942293882249775
0.02 3.7373746059471755
0.02 3.5424733874969236
0.02 3.3575932362285923
0.02 3.1827373647772936
0.02 3.0179090648707025
0.02 2.8631115224518067
0.02 2.7183475617041855
0.02 2.583619311082791
0.02 2.458927792347183
0.02 2.344272445435883
0.02 2.2396506196017394
0.02 2.1450570839974525
0.02 2.0604836375422395
0.02 1.9859189107813808
0.02 1.9213484867594464
0.02 1.866755451601153
0.02 1.8221214703103517
0.02 1.787428360443346
0.02 1.7626600108346013
0.02 1.7478040697664767
0.02 1.742852936624408
0.02 1.747804069766477
0.02 1.7626600108346013
0.02 1.787428360443346
0.02 1.8221214703103519
0.02 1.866755451601153
0.02 1.9213484867594464
0.02 1.985918910781381
0.02 2.06048363754224
0.02 2.145057083997453
0.02 2.2396506196017394
0.02 2.3442724454358834
0.02 2.4589277923471835
0.02 2.5836193110827907
0.02 2.7183475617041855
0.02 2.8631115224518062
0.02 3.017909064870703
0.02 3.1827373647772936
0.02 3.357593236228593
0.02 3.542473387496924
0.02 3.7373746059471755
0.02 3.942293882249774
0.02 4.15722848629492
0.02 4.382176006168425
0.02 4.617134361241093
0.02 4.862101797429871
0.02 5.117076872785501
0.02 5.382058437087233
0.02 5.6570456123350565
0.02 5.942037771358445
0.02 6.2370345314409485
0.02 6.422024433987698
0.02 6.127027125955466
0.02 5.842033629824339
0.02 5.567044244263435
0.02 5.30205945752409
0.02 5.047079949613047
0.02 4.802106605714996
0.02 4.567140526789959
0.02 4.34218303968755
0.02 4.1272357012138485
0.02 3.9223002934623197
0.02 3.7273788043103697
0.02 3.542473387496923
0.02 3.3675862947548443
0.02 3.2027197728752026
0.02 3.047875918425308
0.02 2.903056485068206
0.02 2.768262641679896
0.02 2.6434946857961172
0.02 2.5287517255291982
0.02 2.424031355033761
0.02 2.329329361816127
0.02 2.244639517601531
0.02 2.169953524143474
0.02 2.105261171031
0.02 2.0505507673924455
0.02 2.0058098741301866
0.02 1.9710263322137513
0.02 1.9461893859409172
0.02 1.931290701918686
0.02 1.926325063097722
0.02 1.9312907019186862
0.02 1.946189385940917
0.02 1.9710263322137513
0.02 2.0058098741301866
0.02 2.0505507673924455
0.02 2.1052611710310005
0.02 2.1699535241434744
0.02 2.244639517601531
0.02 2.3293293618161273
0.02 2.4240313550337613
0.02 2.5287517255291982
0.02 2.6434946857961172
0.02 2.7682626416798963
0.02 2.903056485068206
0.02 3.047875918425308
0.02 3.202719772875203
0.02 3.3675862947548443
0.02 3.542473387496924
0.02 3.7273788043103693
0.02 3.922300293462319
0.02 4.127235701213846
0.02 4.342183039687549
0.02 4.5671405267899585
0.02 4.802106605714995
0.02 5.047079949613046
0.02 5.302059457524088
0.02 5.567044244263431
0.02 5.842033629824337
0.02 6.127027125955454
0.02 6.422024433987686
0.02 6.6170155278142735
0.02 6.322017752306311
0.02 6.037023117604968
0.02 5.762031854872916
0.02 5.497044341145794
0.02 5.242061098857131
0.02 4.997082803805177
0.02 4.762110289958101
0.02 4.537144553108788
0.02 4.322186748974669
0.02 4.117238183866105
0.02 3.922300293462319
0.02 3.737374605947175
0.02 3.562462684515516
0.02 3.3975660449781153
0.02 3.2426860444424306
0.02 3.0978237391252548
0.02 2.9629797120417742
0.02 2.8381538760603595
0.02 2.7233452637509914
0.02 2.618551823141881
0.02 2.523770247005694
0.02 2.438995871613739
0.02 2.3642226779512168
0.02 2.29944344298863
0.02 2.2446500655191324
0.02 2.19983407447432
0.02 2.1649872605726013
0.02 2.1401023898053726
0.02 2.1251738386681596
0.02 2.1201980584615394
0.02 2.1251738386681596
0.02 2.1401023898053726
0.02 2.1649872605726013
0.02 2.1998340744743206
0.02 2.2446500655191324
0.02 2.2994434429886303
0.02 2.364222677951217
0.02 2.438995871613739
0.02 2.523770247005694
0.02 2.618551823141881
0.02 2.7233452637509914
0.02 2.8381538760603595
0.02 2.9629797120417742
0.02 3.0978237391252548
0.02 3.2426860444424306
0.02 3.397566044978116
0.02 3.562462684515516
0.02 3.7373746059471755
0.02 3.922300293462319
0.02 4.117238183866103
0.02 4.322186748974668
0.02 4.537144553108788
0.02 4.762110289958103
0.02 4.997082803805177
0.02 5.242061098857128
0.02 5.497044341145791
0.02 5.762031854872913
0.02 6.037023117604962
0.02 6.322017752306305
0.02 6.617015527814268
0.02 6.822007758880403
0.02 6.527009588836036
0.02 6.242013994978848
0.02 5.967021154869417
0.02 5.702031357507269
0.02 5.447045001309273
0.02 5.202062598448863
0.02 4.9670847760636985
0.02 4.742112276081773
0.02 4.527145950228652
0.02 4.322186748974669
0.02 4.1272357012138485
0.02 3.942293882249775
0.02 3.7673623668620513
0.02 3.602442165041005
0.02 3.44753413835321
0.02 3.302638896678079
0.02 3.1677566771054386
0.02 3.0428872102252287
0.02 2.9280295830019907
0.02 2.823182112315574
0.02 2.7283422475135044
0.02 2.643506523572094
0.02 2.568670593975472
0.02 2.5038293560936635
0.02 2.4489771847001633
0.02 2.404108267305096
0.02 2.369217034086408
0.02 2.3442985934740643
0.02 2.329349138907938
0.02 2.3243662617534353
0.02 2.329349138907938
0.02 2.3442985934740643
0.02 2.3692170340864074
0.02 2.404108267305096
0.02 2.4489771847001633
0.02 2.503829356093664
0.02 2.5686705939754724
0.02 2.6435065235720945
0.02 2.728342247513505
0.02 2.823182112315574
0.02 2.928029583001991
0.02 3.0428872102252282
0.02 3.1677566771054386
0.02 3.302638896678079
0.02 3.44753413835321
0.02 3.6024421650410057
0.02 3.7673623668620517
0.02 3.9422938822497744
0.02 4.127235701213847
0.02 4.322186748974668
0.02 4.527145950228649
0.02 4.742112276081771
0.02 4.967084776063699
0.02 5.202062598448859
0.02 5.447045001309271
0.02 5.702031357507265
0.02 5.9670211548694105
0.02 6.242013994978843
0.02 6.527009588836031
0.02 6.822007758880396
0.02 7.037001061017565
0.02 6.742002561663556
0.02 6.45700616863037
0.02 6.182012017391164
0.02 5.917020328020416
0.02 5.662031402378309
0.02 5.4170456261172495
0.02 5.182063467790416
0.02 4.957085476592728
0.02 4.742112276081773
0.02 4.537144553108788
0.02 4.342183039687549
0.02 4.157228486294919
0.02 3.9822816245734582
0.02 3.817343118185287
0.02 3.662413500944956
0.02 3.5174931027770078
0.02 3.3825819655438267
0.02 3.257679753180948
0.02 3.1427856631178392
0.02 3.0378983489184446
0.02 2.9430158668817326
0.02 2.8581356615375757
0.02 2.783254599433293
0.02 2.7183690694861076
0.02 2.663475151415144
0.02 2.618568849105194
0.02 2.5836463543916603
0.02 2.558704341102696
0.02 2.5437402264812885
0.02 2.5387523749157945
0.02 2.5437402264812885
0.02 2.558704341102696
0.02 2.5836463543916603
0.02 2.618568849105194
0.02 2.663475151415144
0.02 2.7183690694861076
0.02 2.783254599433294
0.02 2.8581356615375757
0.02 2.9430158668817326
0.02 3.0378983489184446
0.02 3.1427856631178397
0.02 3.257679753180948
0.02 3.3825819655438267
0.02 3.517493102777008
0.02 3.662413500944956
0.02 3.8173431181852875
0.02 3.9822816245734582
0.02 4.15722848629492
0.02 4.342183039687549
0.02 4.537144553108788
0.02 4.742112276081771
0.02 4.957085476592726
0.02 5.182063467790416
0.02 5.417045626117247
0.02 5.662031402378307
0.02 5.917020328020411
0.02 6.182012017391161
0.02 6.457006168630366
0.02 6.742002561663547
0.02 7.037001061017556
0.02 7.261995361608505
0.02 6.966996590662607
0.02 6.681999539615569
0.02 6.407004311268116
0.02 6.142011072331166
0.02 5.887020050305224
0.02 5.6420315340474305
0.02 5.407045871766969
0.02 5.182063467790416
0.02 4.967084776063699
0.02 4.762110289958103
0.02 4.567140526789961
0.02 4.382176006168424
0.02 4.207217220929502
0.02 4.042264600107988
0.02 3.8873184637123375
0.02 3.7423789701660364
0.02 3.6074460583211767
0.02 3.4825193875957585
0.02 3.3675982813828913
0.02 3.262681680681197
0.02 3.1677681159282547
0.02 3.0828557053156365
0.02 3.0079421916198688
0.02 2.943025017255504
0.02 2.888101441725355
0.02 2.843168694384638
0.02 2.8082241630966958
0.02 2.783265574678143
0.02 2.7682911666953274
0.02 2.763299824413233
0.02 2.7682911666953274
0.02 2.783265574678143
0.02 2.8082241630966953
0.02 2.8431686943846377
0.02 2.888101441725355
0.02 2.943025017255504
0.02 3.0079421916198688
0.02 3.082855705315637
0.02 3.1677681159282547
0.02 3.262681680681197
0.02 3.3675982813828917
0.02 3.4825193875957585
0.02 3.6074460583211767
0.02 3.742378970166037
0.02 3.8873184637123375
0.02 4.042264600107988
0.02 4.207217220929502
0.02 4.382176006168425
0.02 4.5671405267899585
0.02 4.762110289958103
0.02 4.967084776063699
0.02 5.182063467790416
0.02 5.407045871766971
0.02 5.64203153404743
0.02 5.887020050305219
0.02 6.142011072331161
0.02 6.407004311268111
0.02 6.681999539615564
0.02 6.966996590662597
0.02 7.261995361608495
0.02 7.496990586494892
0.02 7.201991594655823
0.02 6.916994009244234
0.02 6.641997908008462
0.02 6.377003416841355
0.02 6.122010706652008
0.02 5.877019993089802
0.02 5.6420315340474305
0.02 5.4170456261172495
0.02 5.202062598448862
0.02 4.997082803805178
0.02 4.802106605714995
0.02 4.617134361241093
0.02 4.442166398631957
0.02 4.277202989707755
0.02 4.122244317073436
0.02 3.9772904370718445
0.02 3.8423412400989596
0.02 3.7173964109987185
0.02 3.602455393216007
0.02 3.4975173614128185
0.02 3.4025812080670654
0.02 3.3176455500207163
0.02 3.242708756419319
0.02 3.177769006062464
0.02 3.1228243714733606
0.02 3.0778729273751657
0.02 3.042912864674792
0.02 3.01794261881588
0.02 3.0029609816137333
0.02 2.9979671896251827
0.02 3.0029609816137333
0.02 3.0179426188158804
0.02 3.042912864674792
0.02 3.0778729273751657
0.02 3.1228243714733606
0.02 3.177769006062464
0.02 3.2427087564193195
0.02 3.3176455500207167
0.02 3.402581208067066
0.02 3.4975173614128185
0.02 3.6024553932160064
0.02 3.717396410998719
0.02 3.842341240098959
0.02 3.977290437071844
0.02 4.122244317073436
0.02 4.277202989707756
0.02 4.442166398631956
0.02 4.617134361241093
0.02 4.802106605714995
0.02 4.997082803805177
0.02 5.202062598448859
0.02 5.417045626117247
0.02 5.64203153404743
0.02 5.877019993089802
0.02 6.122010706652004
0.02 6.377003416841352
0.02 6.6419979080084595
0.02 6.91699400924423
0.02 7.201991594655808
0.02 7.496990586494882
0.02 7.741986663999538
0.02 7.446987495637159
0.02 7.161989483775381
0.02 6.886992687235313
0.02 6.621997201138348
0.02 6.367003153931267
0.02 6.1220107066520075
0.02 5.887020050305222
0.02 5.662031402378308
0.02 5.447045001309272
0.02 5.242061098857131
0.02 5.047079949613047
0.02 4.862101797429869
0.02 4.687126858356292
0.02 4.522155300143941
0.02 4.367187218562131
0.02 4.222222611366276
0.02 4.087261351226267
0.02 3.9623031596555345
0.02 3.8473475845531557
0.02 3.7423939845770167
0.02 3.647441523627408
0.02 3.562489178408937
0.02 3.4875357643670126
0.02 3.4225799771014627
0.02 3.3676204507899743
0.02 3.322655829135993
0.02 3.2876848518121053
0.02 3.262706432350536
0.02 3.247719733389606
0.02 3.2427242271244716
0.02 3.247719733389606
0.02 3.262706432350536
0.02 3.287684851812105
0.02 3.3226558291359924
0.02 3.3676204507899743
0.02 3.4225799771014622
0.02 3.4875357643670126
0.02 3.562489178408938
0.02 3.6474415236274087
0.02 3.7423939845770167
0.02 3.847347584553156
0.02 3.9623031596555345
0.02 4.087261351226267
0.02 4.222222611366275
0.02 4.36718721856213
0.02 4.522155300143943
0.02 4.687126858356292
0.02 4.862101797429871
0.02 5.047079949613046
0.02 5.242061098857128
0.02 5.447045001309271
0.02 5.662031402378307
0.02 5.887020050305219
0.02 6.122010706652004
0.02 6.3670031539312655
0.02 6.621997201138345
0.02 6.886992687235308
0.02 7.161989483775376
0.02 7.446987495637152
0.02 7.741986663999531
0.02 7.996983528252534
0.02 7.7019842222341985
0.02 7.416985878196199
0.02 7.141988540944871
0.02 6.876992282859545
0.02 6.621997201138348
0.02 6.377003416841355
0.02 6.142011072331165
0.02 5.917020328020414
0.02 5.702031357507267
0.02 5.497044341145794
0.02 5.302059457524089
0.02 5.117076872785501
0.02 4.9420967275754135
0.02 4.777119121786522
0.02 4.622144097387019
0.02 4.477171620063263
0.02 4.342201560704238
0.02 4.217233678235485
0.02 4.102267605627168
0.02 3.997302841221709
0.02 3.9023387477145097
0.02 3.8173745611512087
0.02 3.7424094093023528
0.02 3.677442343375152
0.02 3.622472380521571
0.02 3.5774985560426473
0.02 3.5425199748991543
0.02 3.517535870680499
0.02 3.50254565548924
0.02 3.4975489592390367
0.02 3.50254565548924
0.02 3.517535870680499
0.02 3.5425199748991543
0.02 3.5774985560426473
0.02 3.622472380521571
0.02 3.677442343375152
0.02 3.7424094093023528
0.02 3.817374561151209
0.02 3.90233874771451
0.02 3.997302841221709
0.02 4.102267605627167
0.02 4.217233678235485
0.02 4.342201560704238
0.02 4.477171620063264
0.02 4.622144097387019
0.02 4.777119121786523
0.02 4.942096727575412
0.02 5.117076872785501
0.02 5.302059457524088
0.02 5.497044341145791
0.02 5.702031357507265
0.02 5.917020328020411
0.02 6.142011072331162
0.02 6.377003416841352
0.02 6.621997201138345
0.02 6.8769922828595424
0.02 7.1419885409448645
0.02 7.416985878196192
0.02 7.701984222234193
0.02 7.996983528252529
0.02 8.261981121661625
0.02 7.966981712257356
0.02 7.681983118946542
0.02 7.406985376480098
0.02 7.141988540944869
0.02 6.886992687235313
0.02 6.641997908008461
0.02 6.407004311268113
0.02 6.1820120173911635
0.02 5.967021154869415
0.02 5.762031854872915
0.02 5.5670442442634345
0.02 5.382058437087234
0.02 5.2070745244450505
0.02 5.042092562958592
0.02 4.88711256211793
0.02 4.742134471130924
0.02 4.607158166075664
0.02 4.482183438484102
0.02 4.367209986657356
0.02 4.262237411199607
0.02 4.167265216110162
0.02 4.082292816467112
0.02 4.007319555114319
0.02 3.942344725849422
0.02 3.8873676038770006
0.02 3.842387480864036
0.02 3.80740370718
0.02 3.782415728061156
0.02 3.767423118729903
0.02 3.7624256125599613
0.02 3.767423118729903
0.02 3.782415728061156
0.02 3.8074037071799998
0.02 3.8423874808640357
0.02 3.8873676038770006
0.02 3.942344725849422
0.02 4.007319555114319
0.02 4.082292816467112
0.02 4.167265216110162
0.02 4.262237411199607
0.02 4.367209986657356
0.02 4.482183438484102
0.02 4.6071581660756635
0.02 4.742134471130925
0.02 4.887112562117927
0.02 5.042092562958593
0.02 5.20707452444505
0.02 5.382058437087233
0.02 5.567044244263431
0.02 5.762031854872913
0.02 5.9670211548694105
0.02 6.182012017391161
0.02 6.407004311268111
0.02 6.6419979080084595
0.02 6.886992687235308
0.02 7.1419885409448645
0.02 7.406985376480094
0.02 7.681983118946538
0.02 7.966981712257343
0.02 8.261981121661616
0.02 8.536979397011077
0.02 8.241979914851358
0.02 7.956981146184328
0.02 7.681983118946542
0.02 7.416985878196197
0.02 7.161989483775381
0.02 6.916994009244235
0.02 6.681999539615568
0.02 6.45700616863037
0.02 6.242013994978847
0.02 6.037023117604967
0.02 5.842033629824339
0.02 5.65704561233506
0.02 5.482059125087254
0.02 5.317074198243288
0.02 5.162090822500284
0.02 5.017108939302179
0.02 4.882128431583167
0.02 4.757149115905656
0.02 4.642170736939608
0.02 4.5371929653189556
0.02 4.442215399907848
0.02 4.357237575447408
0.02 4.282258974950999
0.02 4.217279048337603
0.02 4.1622972362186825
0.02 4.117312997470609
0.02 4.0823258362288355
0.02 4.057335331788566
0.02 4.042341163477953
0.02 4.0373431302281215
0.02 4.042341163477953
0.02 4.057335331788566
0.02 4.0823258362288355
0.02 4.117312997470609
0.02 4.162297236218682
0.02 4.217279048337603
0.02 4.282258974950999
0.02 4.3572375754474075
0.02 4.442215399907848
0.02 4.537192965318955
0.02 4.642170736939607
0.02 4.757149115905655
0.02 4.882128431583166
0.02 5.017108939302178
0.02 5.162090822500284
0.02 5.317074198243287
0.02 5.482059125087253
0.02 5.657045612335057
0.02 5.842033629824337
0.02 6.037023117604962
0.02 6.242013994978843
0.02 6.457006168630366
0.02 6.681999539615564
0.02 6.91699400924423
0.02 7.161989483775376
0.02 7.416985878196192
0.02 7.681983118946538
0.02 7.956981146184321
0.02 8.24197991485135
0.02 8.536979397011063
0.02 8.821978318517083
0.02 8.526978791557134
0.02 8.241979914851356
0.02 7.966981712257352
0.02 7.701984222234198
0.02 7.446987495637159
0.02 7.201991594655822
0.02 6.966996590662604
0.02 6.742002561663555
0.02 6.5270095888360355
0.02 6.32201775230631
0.02 6.127027125955463
0.02 5.942037771358447
0.02 5.767049730856775
0.02 5.602063019998777
0.02 5.447077619603762
0.02 5.3020934679160945
0.02 5.167110453392186
0.02 5.042128408827076
0.02 4.92714710757584
0.02 4.822166262665042
0.02 4.727185529463832
0.02 4.642204512333829
0.02 4.5672227767449165
0.02 4.502239863728256
0.02 4.447255309998564
0.02 4.402268667819899
0.02 4.367279531052309
0.02 4.3422875558254415
0.02 4.327292480215909
0.02 4.322294140270433
0.02 4.327292480215909
0.02 4.342287555825442
0.02 4.367279531052309
0.02 4.402268667819899
0.02 4.447255309998564
0.02 4.502239863728256
0.02 4.5672227767449165
0.02 4.64220451233383
0.02 4.727185529463831
0.02 4.822166262665041
0.02 4.92714710757584
0.02 5.042128408827074
0.02 5.167110453392185
0.02 5.3020934679160945
0.02 5.447077619603761
0.02 5.602063019998777
0.02 5.767049730856774
0.02 5.942037771358445
0.02 6.127027125955454
0.02 6.322017752306305
0.02 6.527009588836031
0.02 6.742002561663547
0.02 6.966996590662597
0.02 7.201991594655808
0.02 7.446987495637152
0.02 7.701984222234193
0.02 7.966981712257343
0.02 8.24197991485135
0.02 8.526978791557125
0.02 8.82197831851707
0.02 9.116977863973561
0.02 8.821978318517083
0.02 8.536979397011072
0.02 8.261981121661623
0.02 7.996983528252534
0.02 7.741986663999536
0.02 7.496990586494892
0.02 7.261995361608502
0.02 7.037001061017564
0.02 6.8220077588804005
0.02 6.617015527814273
0.02 6.422024433987693
0.02 6.237034531440953
0.02 6.062045855649102
0.02 5.897058416558965
0.02 5.742072191350581
0.02 5.597087117360685
0.02 5.462103085672678
0.02 5.337119936013177
0.02 5.222137453630622
0.02 5.117155368843669
0.02 5.022173359882585
0.02 4.937191059444129
0.02 4.86220806585991
0.02 4.79722395604424
0.02 4.742238304710473
0.02 4.697250701919887
0.02 4.662260776168485
0.02 4.637268213772692
0.02 4.622272776128377
0.02 4.617274313861163
0.02 4.622272776128378
0.02 4.637268213772693
0.02 4.662260776168485
0.02 4.697250701919887
0.02 4.742238304710473
0.02 4.79722395604424
0.02 4.862208065859911
0.02 4.937191059444129
0.02 5.022173359882584
0.02 5.11715536884367
0.02 5.22213745363062
0.02 5.337119936013175
0.02 5.462103085672678
0.02 5.597087117360685
0.02 5.742072191350579
0.02 5.897058416558965
0.02 6.062045855649101
0.02 6.2370345314409485
0.02 6.422024433987685
0.02 6.617015527814268
0.02 6.822007758880396
0.02 7.037001061017556
0.02 7.261995361608495
0.02 7.496990586494882
0.02 7.741986663999531
0.02 7.996983528252529
0.02 8.261981121661616
0.02 8.536979397011063
0.02 8.82197831851707
0.02 9.116977863973553
