0.003 9.217064772617377
0.003 8.922066099236073
0.003 8.637069419432267
0.003 8.362074787218566
0.003 8.0970822921124
0.003 7.842092051695851
0.003 7.597104208151033
0.003 7.362118921479701
0.003 7.1371363618435995
0.003 6.922156699529936
0.003 6.717180093273021
0.003 6.522206676448794
0.003 6.3372365416932
0.003 6.162269724081487
0.003 5.997306183694734
0.003 5.842345788320229
0.003 5.697388297552444
0.003 5.562433349570687
0.003 5.437480452179814
0.003 5.322528979572928
0.003 5.217578176242635
0.003 5.122627168972618
0.003 5.0376749875255555
0.003 4.962720594341039
0.003 4.897762921489661
0.003 4.8428009121665365
0.003 4.797833566374877
0.003 4.762859989161029
0.003 4.737879432493187
0.003 4.722891332508006
0.003 4.71789533879133
0.003 4.722891332508006
0.003 4.737879432493189
0.003 4.762859989161031
0.003 4.797833566374877
0.003 4.842800912166536
0.003 4.897762921489659
0.003 4.962720594341038
0.003 5.037674987525555
0.003 5.122627168972618
0.003 5.217578176242633
0.003 5.322528979572928
0.003 5.4374804521798135
0.003 5.562433349570685
0.003 5.6973882975524415
0.003 5.842345788320228
0.003 5.997306183694732
0.003 6.162269724081483
0.003 6.337236541693197
0.003 6.522206676448791
0.003 6.717180093273019
0.003 6.922156699529937
0.003 7.137136361843598
0.003 7.362118921479702
0.003 7.597104208151034
0.003 7.842092051695856
0.003 8.097082292112402
0.003 8.362074787218571
0.003 8.637069419432274
0.003 8.922066099236078
0.003 9.21706477261738
0.003 8.922066099236073
0.003 8.627067470170015
0.003 8.34207090380812
0.003 8.067076457746634
0.003 7.802084227408001
0.003 7.547094338392236
0.003 7.302106942941352
0.003 7.067122212958095
0.003 6.8421403320794525
0.003 6.627161485232173
0.003 6.422185846401004
0.003 6.227213564080659
0.003 6.042244744958442
0.003 5.867279435951303
0.003 5.702317605448376
0.003 5.547359124544688
0.003 5.402403749615216
0.003 5.267451107613343
0.003 5.142500685828742
0.003 5.027551827721878
0.003 4.922603736448205
0.003 4.827655487191282
0.003 4.742706049174367
0.003 4.667754316299307
0.003 4.6027991487288435
0.003 4.547839415529882
0.003 4.502874045958967
0.003 4.4679020806277485
0.003 4.442922717021105
0.003 4.427935350026679
0.003 4.42293960355312
0.003 4.42793535002668
0.003 4.442922717021106
0.003 4.467902080627751
0.003 4.502874045958967
0.003 4.547839415529882
0.003 4.602799148728842
0.003 4.667754316299306
0.003 4.742706049174366
0.003 4.827655487191281
0.003 4.922603736448204
0.003 5.027551827721876
0.003 5.142500685828741
0.003 5.267451107613341
0.003 5.402403749615214
0.003 5.547359124544686
0.003 5.702317605448373
0.003 5.8672794359513
0.003 6.042244744958439
0.003 6.227213564080659
0.003 6.422185846401001
0.003 6.62716148523217
0.003 6.8421403320794525
0.003 7.067122212958094
0.003 7.302106942941354
0.003 7.547094338392237
0.003 7.8020842274080024
0.003 8.067076457746635
0.003 8.34207090380813
0.003 8.627067470170024
0.003 8.922066099236076
0.003 8.637069419432267
0.003 8.34207090380812
0.003 8.057074626539366
0.003 7.782080654618077
0.003 7.51708909893768
0.003 7.2621001061337305
0.003 7.017113854894829
0.003 6.782130548502572
0.003 6.557150406256034
0.003 6.342173652011379
0.003 6.1372005005528445
0.003 5.942231141149793
0.003 5.757265718817904
0.003 5.582304313372619
0.003 5.417346917171349
0.003 5.262393412430693
0.003 5.117443549667309
0.003 4.982496928937568
0.003 4.857552985992906
0.003 4.742610985440402
0.003 4.6376700229869625
0.003 4.542729038353036
0.003 4.457786839670895
0.003 4.382842141058788
0.003 4.3178936067091795
0.003 4.262939909288462
0.003 4.217979787283485
0.003 4.183012106217254
0.003 4.158035916029753
0.003 4.143050499846322
0.003 4.1380554115819175
0.003 4.143050499846322
0.003 4.158035916029753
0.003 4.183012106217254
0.003 4.217979787283485
0.003 4.262939909288461
0.003 4.31789360670918
0.003 4.382842141058787
0.003 4.457786839670893
0.003 4.542729038353036
0.003 4.637670022986962
0.003 4.7426109854404
0.003 4.857552985992907
0.003 4.982496928937564
0.003 5.117443549667309
0.003 5.262393412430693
0.003 5.417346917171349
0.003 5.582304313372618
0.003 5.757265718817904
0.003 5.942231141149791
0.003 6.1372005005528445
0.003 6.342173652011377
0.003 6.557150406256034
0.003 6.782130548502572
0.003 7.01711385489483
0.003 7.26210010613373
0.003 7.517089098937681
0.003 7.782080654618079
0.003 8.05707462653937
0.003 8.34207090380813
0.003 8.637069419432276
0.003 8.362074787218564
0.003 8.067076457746634
0.003 7.782080654618077
0.003 7.507087460710777
0.003 7.242097013081081
0.003 6.987109494015567
0.003 6.742125127149807
0.003 6.507144169290194
0.003 6.282166900843197
0.003 6.067193612744958
0.003 5.862224590576691
0.003 5.6672600950012955
0.003 5.482300338984089
0.003 5.307345461790206
0.003 5.142395500724445
0.003 4.9874503616341475
0.003 4.8425097900665
0.003 4.7075733452273445
0.003 4.582640379554373
0.003 4.46771002677122
0.003 4.362781201435449
0.003 4.267852612434571
0.003 4.182922792419948
0.003 4.107990141000404
0.003 4.043052988282455
0.003 3.98810966063464
0.003 3.943158562427802
0.003 3.9081982549416354
0.003 3.883227530008091
0.003 3.8682454746104717
0.003 3.8632515204563127
0.003 3.8682454746104717
0.003 3.883227530008091
0.003 3.9081982549416354
0.003 3.943158562427802
0.003 3.9881096606346396
0.003 4.043052988282455
0.003 4.107990141000405
0.003 4.182922792419947
0.003 4.267852612434569
0.003 4.362781201435449
0.003 4.467710026771221
0.003 4.582640379554372
0.003 4.707573345227344
0.003 4.842509790066497
0.003 4.987450361634147
0.003 5.142395500724443
0.003 5.307345461790205
0.003 5.482300338984089
0.003 5.6672600950012955
0.003 5.862224590576689
0.003 6.067193612744957
0.003 6.282166900843197
0.003 6.507144169290193
0.003 6.742125127149808
0.003 6.987109494015568
0.003 7.242097013081081
0.003 7.507087460710782
0.003 7.78208065461808
0.003 8.067076457746634
0.003 8.362074787218567
0.003 8.0970822921124
0.003 7.802084227408
0.003 7.51708909893768
0.003 7.2420970130810804
0.003 6.977108145629097
0.003 6.722122731809347
0.003 6.477141062252673
0.003 6.242163473933931
0.003 6.017190339327863
0.003 5.8022220511765665
0.003 5.597259003473589
0.003 5.402301567462797
0.003 5.217350062979799
0.003 5.04240472495943
0.003 4.877465666112844
0.003 4.722532836970418
0.003 4.5776059856353415
0.003 4.44268462012362
0.003 4.317767977132664
0.003 4.202855001435753
0.003 4.097944340336426
0.003 4.003034357045144
0.003 3.9181231654258113
0.003 3.843208690266779
0.003 3.778288741217095
0.003 3.723361116057171
0.003 3.678423702742709
0.003 3.6434745892103595
0.003 3.618512167329613
0.003 3.6035352205645546
0.003 3.598542990793914
0.003 3.6035352205645546
0.003 3.618512167329613
0.003 3.6434745892103595
0.003 3.6784237027427094
0.003 3.7233611160571702
0.003 3.778288741217095
0.003 3.843208690266779
0.003 3.918123165425811
0.003 4.003034357045144
0.003 4.097944340336426
0.003 4.202855001435753
0.003 4.317767977132663
0.003 4.442684620123619
0.003 4.577605985635341
0.003 4.722532836970416
0.003 4.877465666112842
0.003 5.042404724959429
0.003 5.217350062979797
0.003 5.402301567462795
0.003 5.597259003473589
0.003 5.8022220511765665
0.003 6.017190339327862
0.003 6.242163473933931
0.003 6.477141062252675
0.003 6.722122731809346
0.003 6.977108145629096
0.003 7.242097013081081
0.003 7.517089098937681
0.003 7.802084227408002
0.003 8.097082292112399
0.003 7.84209205169585
0.003 7.547094338392236
0.003 7.2621001061337305
0.003 6.987109494015567
0.003 6.722122731809346
0.003 6.4671401287953945
0.003 6.222162069746935
0.003 5.987189004956916
0.003 5.762221437973262
0.003 5.54725990774074
0.003 5.342304965605644
0.003 5.1473571454585105
0.003 4.962416927098391
0.003 4.787484692311621
0.003 4.622560674651293
0.003 4.467644904248482
0.003 4.3227371506010455
0.003 4.187836867176509
0.003 4.062943143218073
0.003 3.9480546688493168
0.003 3.843169720296953
0.003 3.7482861714972064
0.003 3.6634015375461177
0.003 3.588513048022658
0.003 3.523617761982282
0.003 3.4687126935751933
0.003 3.4237949690754257
0.003 3.3888619807243106
0.003 3.3639115301478992
0.003 3.3489419525731816
0.003 3.3439522107965374
0.003 3.3489419525731816
0.003 3.3639115301478992
0.003 3.3888619807243106
0.003 3.4237949690754252
0.003 3.4687126935751937
0.003 3.523617761982281
0.003 3.588513048022658
0.003 3.6634015375461173
0.003 3.748286171497206
0.003 3.843169720296952
0.003 3.9480546688493154
0.003 4.062943143218072
0.003 4.187836867176509
0.003 4.322737150601045
0.003 4.467644904248481
0.003 4.622560674651292
0.003 4.787484692311621
0.003 4.962416927098392
0.003 5.1473571454585105
0.003 5.342304965605643
0.003 5.54725990774074
0.003 5.762221437973263
0.003 5.987189004956916
0.003 6.222162069746935
0.003 6.4671401287953945
0.003 6.722122731809347
0.003 6.987109494015567
0.003 7.2621001061337305
0.003 7.5470943383922355
0.003 7.842092051695853
0.003 7.597104208151032
0.003 7.302106942941351
0.003 7.017113854894829
0.003 6.742125127149807
0.003 6.477141062252673
0.003 6.222162069746935
0.003 5.977188662544193
0.003 5.7422214462187755
0.003 5.5172611053965595
0.003 5.302308382996765
0.003 5.097364052509502
0.003 4.902428880823867
0.003 4.717503581231575
0.003 4.542588755545004
0.003 4.377684826105124
0.003 4.22279195907146
0.003 4.077909982578495
0.003 3.9430383048885593
0.003 3.818175840018607
0.003 3.70332094988772
0.003 3.598471413301633
0.003 3.5036244318290017
0.003 3.418776680393365
0.003 3.3439244122537914
0.003 3.279063600953946
0.003 3.224190142359425
0.003 3.1793000640142823
0.003 3.1443897491084116
0.003 3.1194561467745925
0.003 3.1044969468401273
0.003 3.0995107097731394
0.003 3.1044969468401273
0.003 3.1194561467745925
0.003 3.144389749108411
0.003 3.1793000640142823
0.003 3.224190142359425
0.003 3.2790636009539464
0.003 3.343924412253792
0.003 3.418776680393366
0.003 3.503624431829002
0.003 3.5984714133016333
0.003 3.7033209498877198
0.003 3.818175840018607
0.003 3.943038304888559
0.003 4.077909982578496
0.003 4.222791959071459
0.003 4.377684826105123
0.003 4.542588755545003
0.003 4.7175035812315755
0.003 4.902428880823867
0.003 5.097364052509502
0.003 5.302308382996765
0.003 5.517261105396559
0.003 5.7422214462187755
0.003 5.977188662544193
0.003 6.222162069746935
0.003 6.477141062252674
0.003 6.742125127149807
0.003 7.017113854894829
0.003 7.302106942941353
0.003 7.597104208151032
0.003 7.362118921479703
0.003 7.067122212958096
0.003 6.782130548502571
0.003 6.507144169290192
0.003 6.24216347393393
0.003 5.987189004956916
0.003 5.7422214462187755
0.003 5.507261611992611
0.003 5.282310432450536
0.003 5.0673689300689215
0.003 4.8624381866957105
0.003 4.667519297678046
0.003 4.482613311918776
0.003 4.307721155835874
0.003 4.14284354149018
0.003 3.987980860041273
0.003 3.8431330647596935
0.003 3.7082995502270917
0.003 3.5834790380899273
0.003 3.468669482473137
0.003 3.363868010897316
0.003 3.2690709169713714
0.003 3.184273720217528
0.003 3.109471295920345
0.003 3.0446580955386016
0.003 2.9898284083914093
0.003 2.9449766878074732
0.003 2.9100978764527627
0.003 2.885187705526799
0.003 2.870242944970342
0.003 2.865261585342086
0.003 2.870242944970342
0.003 2.885187705526799
0.003 2.910097876452763
0.003 2.9449766878074732
0.003 2.9898284083914097
0.003 3.044658095538602
0.003 3.109471295920345
0.003 3.1842737202175284
0.003 3.269070916971371
0.003 3.363868010897316
0.003 3.4686694824731372
0.003 3.5834790380899273
0.003 3.708299550227092
0.003 3.8431330647596926
0.003 3.987980860041273
0.003 4.14284354149018
0.003 4.307721155835874
0.003 4.482613311918777
0.003 4.667519297678047
0.003 4.86243818669571
0.003 5.067368930068921
0.003 5.282310432450535
0.003 5.507261611992612
0.003 5.742221446218775
0.003 5.987189004956915
0.003 6.24216347393393
0.003 6.507144169290191
0.003 6.782130548502572
0.003 7.067122212958092
0.003 7.362118921479699
0.003 7.1371363618435995
0.003 6.8421403320794525
0.003 6.557150406256034
0.003 6.282166900843197
0.003 6.017190339327863
0.003 5.762221437973262
0.003 5.517261105396559
0.003 5.282310432450536
0.003 5.057370677821608
0.003 4.842443242251621
0.003 4.637529630422156
0.003 4.442631395335455
0.003 4.25775006280392
0.003 4.0828870324822555
0.003 3.91804345458326
0.003 3.763220082721349
0.003 3.618417107420236
0.003 3.48363397861982
0.003 3.3588692311435047
0.003 3.244120332143498
0.003 3.1393835743531167
0.003 3.04465404110729
0.003 2.959925666955835
0.003 2.8851914192206314
0.003 2.8204435810419635
0.003 2.7656741677334318
0.003 2.7208753843537123
0.003 2.6860401109525625
0.003 2.661162347228743
0.003 2.6462375654379295
0.003 2.641262955405241
0.003 2.6462375654379295
0.003 2.661162347228743
0.003 2.6860401109525625
0.003 2.7208753843537123
0.003 2.7656741677334318
0.003 2.8204435810419635
0.003 2.8851914192206314
0.003 2.9599256669558347
0.003 3.04465404110729
0.003 3.139383574353116
0.003 3.244120332143498
0.003 3.3588692311435047
0.003 3.4836339786198205
0.003 3.618417107420236
0.003 3.7632200827213484
0.003 3.91804345458326
0.003 4.082887032482256
0.003 4.257750062803921
0.003 4.4426313953354555
0.003 4.637529630422157
0.003 4.842443242251621
0.003 5.057370677821607
0.003 5.282310432450535
0.003 5.517261105396558
0.003 5.762221437973263
0.003 6.017190339327862
0.003 6.282166900843196
0.003 6.557150406256032
0.003 6.842140332079452
0.003 7.137136361843599
0.003 6.9221566995299355
0.003 6.627161485232173
0.003 6.342173652011379
0.003 6.0671936127449575
0.003 5.8022220511765665
0.003 5.54725990774074
0.003 5.302308382996765
0.003 5.067368930068921
0.003 4.842443242251621
0.003 4.627533226634346
0.003 4.422640961769816
0.003 4.22776863201075
0.003 4.042918434209866
0.003 3.868092450729748
0.003 3.7032924858637983
0.003 3.5485198643592235
0.003 3.4037751962313143
0.003 3.2690581175962157
0.003 3.1443670259051726
0.003 3.029698836309623
0.003 2.9250487949431094
0.003 2.8304103904154614
0.003 2.7457754067463007
0.003 2.6711341423387496
0.003 2.6064758392668708
0.003 2.55178925083734
0.003 2.5070633599282113
0.003 2.472288108008002
0.003 2.4474550433333953
0.003 2.4325578198483035
0.003 2.4275925196365287
0.003 2.4325578198483035
0.003 2.4474550433333953
0.003 2.472288108008002
0.003 2.5070633599282113
0.003 2.5517892508373405
0.003 2.6064758392668708
0.003 2.6711341423387505
0.003 2.745775406746301
0.003 2.8304103904154614
0.003 2.92504879494311
0.003 3.029698836309623
0.003 3.144367025905173
0.003 3.2690581175962152
0.003 3.4037751962313147
0.003 3.5485198643592226
0.003 3.7032924858637997
0.003 3.8680924507297485
0.003 4.0429184342098665
0.003 4.22776863201075
0.003 4.422640961769817
0.003 4.6275332266343465
0.003 4.842443242251621
0.003 5.067368930068921
0.003 5.302308382996764
0.003 5.547259907740739
0.003 5.8022220511765665
0.003 6.067193612744955
0.003 6.342173652011377
0.003 6.62716148523217
0.003 6.922156699529935
0.003 6.717180093273021
0.003 6.422185846401003
0.003 6.1372005005528445
0.003 5.862224590576689
0.003 5.597259003473588
0.003 5.342304965605644
0.003 5.097364052509502
0.003 4.8624381866957105
0.003 4.637529630422156
0.003 4.422640961769816
0.003 4.217775030591611
0.003 4.022934883985972
0.003 3.838123654071919
0.003 3.663344398247229
0.003 3.498599885409136
0.003 3.34389232344761
0.003 3.199223030238437
0.003 3.064592058384857
0.003 2.939997796628096
0.003 2.825436584852808
0.003 2.7209023950557585
0.003 2.626386642759243
0.003 2.5418781976401337
0.003 2.4673636673458725
0.003 2.4028279570165574
0.003 2.3482551616909695
0.003 2.303629627066987
0.003 2.2689370768740766
0.003 2.2441655973393564
0.003 2.229306327782826
0.003 2.22435384500064
0.003 2.229306327782826
0.003 2.2441655973393564
0.003 2.268937076874077
0.003 2.303629627066987
0.003 2.34825516169097
0.003 2.402827957016558
0.003 2.467363667345873
0.003 2.5418781976401337
0.003 2.626386642759243
0.003 2.720902395055759
0.003 2.8254365848528082
0.003 2.9399977966280955
0.003 3.0645920583848567
0.003 3.199223030238437
0.003 3.34389232344761
0.003 3.498599885409136
0.003 3.6633443982472293
0.003 3.8381236540719192
0.003 4.022934883985973
0.003 4.217775030591611
0.003 4.422640961769816
0.003 4.637529630422157
0.003 4.8624381866957105
0.003 5.097364052509501
0.003 5.342304965605642
0.003 5.597259003473588
0.003 5.862224590576687
0.003 6.137200500552843
0.003 6.422185846401002
0.003 6.717180093273019
0.003 6.522206676448793
0.003 6.227213564080659
0.003 5.942231141149791
0.003 5.667260095001294
0.003 5.402301567462795
0.003 5.14735714545851
0.003 4.902428880823867
0.003 4.667519297678046
0.003 4.442631395335455
0.003 4.227768632010749
0.003 4.022934883985972
0.003 3.8281343659095786
0.003 3.6433715008530547
0.003 3.468650724635041
0.003 3.303976212020101
0.003 3.1493515138608807
0.003 3.0047791026773316
0.003 2.8702598348975927
0.003 2.745792356427523
0.003 2.631372500124583
0.003 2.5269927504599052
0.003 2.4326418745656433
0.003 2.3483048370003763
0.003 2.2739630984231427
0.003 2.209595427174283
0.003 2.1551791588467064
0.003 2.1106918971809647
0.003 2.076113304043088
0.003 2.051426600822097
0.003 2.036619509244229
0.003 2.0316846323316593
0.003 2.036619509244229
0.003 2.051426600822097
0.003 2.076113304043088
0.003 2.1106918971809647
0.003 2.1551791588467064
0.003 2.209595427174283
0.003 2.273963098423143
0.003 2.3483048370003763
0.003 2.4326418745656437
0.003 2.5269927504599052
0.003 2.6313725001245833
0.003 2.745792356427523
0.003 2.870259834897593
0.003 3.0047791026773316
0.003 3.1493515138608803
0.003 3.303976212020102
0.003 3.468650724635041
0.003 3.6433715008530547
0.003 3.8281343659095786
0.003 4.022934883985972
0.003 4.227768632010749
0.003 4.442631395335455
0.003 4.667519297678046
0.003 4.902428880823866
0.003 5.14735714545851
0.003 5.4023015674627946
0.003 5.667260095001293
0.003 5.942231141149789
0.003 6.227213564080657
0.003 6.52220667644879
0.003 6.337236541693197
0.003 6.042244744958438
0.003 5.757265718817902
0.003 5.482300338984087
0.003 5.217350062979798
0.003 4.962416927098391
0.003 4.717503581231575
0.003 4.482613311918775
0.003 4.25775006280392
0.003 4.042918434209866
0.003 3.838123654071919
0.003 3.6433715008530543
0.003 3.458668161263953
0.003 3.284019999216576
0.003 3.119433214320739
0.003 2.964913368503876
0.003 2.820464768390545
0.003 2.6860897047934498
0.003 2.5617875759891735
0.003 2.4475539554476367
0.003 2.343379708148315
0.003 2.2492503040842333
0.003 2.1651455118843694
0.003 2.0910396881861364
0.003 2.026902788660039
0.003 1.9727023053239527
0.003 1.9284059152653252
0.003 1.8939844507512489
0.003 1.8694143316666705
0.003 1.8546787953722026
0.003 1.8497680205641842
0.003 1.8546787953722028
0.003 1.8694143316666707
0.003 1.8939844507512493
0.003 1.9284059152653252
0.003 1.972702305323953
0.003 2.0269027886600393
0.003 2.091039688186137
0.003 2.16514551188437
0.003 2.2492503040842333
0.003 2.3433797081483156
0.003 2.447553955447637
0.003 2.561787575989174
0.003 2.6860897047934498
0.003 2.820464768390545
0.003 2.9649133685038755
0.003 3.119433214320739
0.003 3.2840199992165764
0.003 3.4586681612639536
0.003 3.6433715008530547
0.003 3.8381236540719184
0.003 4.042918434209866
0.003 4.25775006280392
0.003 4.482613311918776
0.003 4.717503581231574
0.003 4.96241692709839
0.003 5.217350062979794
0.003 5.482300338984086
0.003 5.7572657188179015
0.003 6.042244744958437
0.003 6.337236541693195
0.003 6.162269724081485
0.003 5.867279435951302
0.003 5.582304313372617
0.003 5.307345461790205
0.003 5.042404724959429
0.003 4.7874846923116205
0.003 4.542588755545003
0.003 4.307721155835874
0.003 4.0828870324822555
0.003 3.868092450729748
0.003 3.663344398247229
0.003 3.468650724635041
0.003 3.284019999216576
0.003 3.109461252277368
0.003 2.9449835642842537
0.003 2.7905954646212043
0.003 2.646304109584643
0.003 2.5121142246194754
0.003 2.3880268291576265
0.003 2.2740378119129505
0.003 2.170136494716633
0.003 2.0763044017491157
0.003 1.9925145265982542
0.003 1.9187314072768573
0.003 1.8549124119410774
0.003 1.801010420171393
0.003 1.7569781719344955
0.003 1.7227734633277765
0.003 1.6983633029219045
0.003 1.6837254168751286
0.003 1.678847427295248
0.003 1.6837254168751283
0.003 1.6983633029219045
0.003 1.7227734633277765
0.003 1.756978171934496
0.003 1.801010420171393
0.003 1.854912411941077
0.003 1.9187314072768575
0.003 1.992514526598254
0.003 2.0763044017491152
0.003 2.170136494716633
0.003 2.274037811912951
0.003 2.388026829157626
0.003 2.5121142246194754
0.003 2.6463041095846433
0.003 2.7905954646212043
0.003 2.9449835642842537
0.003 3.1094612522773684
0.003 3.284019999216577
0.003 3.468650724635041
0.003 3.663344398247229
0.003 3.868092450729748
0.003 4.0828870324822555
0.003 4.307721155835874
0.003 4.542588755545002
0.003 4.78748469231162
0.003 5.042404724959428
0.003 5.307345461790204
0.003 5.582304313372618
0.003 5.867279435951297
0.003 6.1622697240814786
0.003 5.997306183694733
0.003 5.702317605448375
0.003 5.417346917171349
0.003 5.142395500724445
0.003 4.877465666112842
0.003 4.622560674651292
0.003 4.377684826105123
0.003 4.142843541490179
0.003 3.9180434545832594
0.003 3.7032924858637983
0.003 3.498599885409136
0.003 3.303976212020101
0.003 3.119433214320739
0.003 2.9449835642842532
0.003 2.7806403879969186
0.003 2.6264165293435755
0.003 2.482323485676985
0.003 2.3483699682244863
0.003 2.224560079341621
0.003 2.110891168096614
0.003 2.007351533924269
0.003 1.913918284666324
0.003 1.8305557868226516
0.003 1.757215258475752
0.003 1.693835968780313
0.003 1.640348903823565
0.003 1.5966836562360667
0.003 1.5627781225657096
0.003 1.5385864534385414
0.003 1.5240806248240053
0.003 1.5192467120936348
0.003 1.5240806248240053
0.003 1.5385864534385414
0.003 1.5627781225657096
0.003 1.596683656236067
0.003 1.640348903823565
0.003 1.6938359687803137
0.003 1.7572152584757526
0.003 1.8305557868226516
0.003 1.9139182846663243
0.003 2.007351533924269
0.003 2.110891168096614
0.003 2.224560079341621
0.003 2.3483699682244863
0.003 2.482323485676985
0.003 2.626416529343575
0.003 2.7806403879969186
0.003 2.9449835642842537
0.003 3.1194332143207397
0.003 3.3039762120201015
0.003 3.4985998854091354
0.003 3.703292485863799
0.003 3.918043454583259
0.003 4.142843541490179
0.003 4.3776848261051216
0.003 4.62256067465129
0.003 4.8774656661128395
0.003 5.142395500724442
0.003 5.417346917171346
0.003 5.70231760544837
0.003 5.997306183694728
0.003 5.8423457883202286
0.003 5.547359124544687
0.003 5.262393412430692
0.003 4.987450361634147
0.003 4.722532836970415
0.003 4.4676449042484805
0.003 4.222791959071459
0.003 3.9879808600412723
0.003 3.7632200827213484
0.003 3.548519864359223
0.003 3.34389232344761
0.003 3.1493515138608807
0.003 2.964913368503876
0.003 2.7905954646212043
0.003 2.6264165293435755
0.003 2.4723955836699845
0.003 2.3285506154545463
0.003 2.194896675793375
0.003 2.0714433319992955
0.003 1.9581914975645953
0.003 1.8551298216341212
0.003 1.762231055391645
0.003 1.6794490773536772
0.003 1.6067173524984921
0.003 1.543949605663986
0.003 1.4910434969229986
0.003 1.4478911233509877
0.003 1.4143984320835152
0.003 1.3905024135399968
0.003 1.3761719933214334
0.003 1.3713960085085177
0.003 1.3761719933214334
0.003 1.3905024135399973
0.003 1.4143984320835155
0.003 1.4478911233509872
0.003 1.4910434969229982
0.003 1.5439496056639868
0.003 1.6067173524984926
0.003 1.6794490773536772
0.003 1.762231055391645
0.003 1.8551298216341208
0.003 1.9581914975645949
0.003 2.071443331999295
0.003 2.1948966757933746
0.003 2.328550615454547
0.003 2.4723955836699845
0.003 2.6264165293435755
0.003 2.7905954646212043
0.003 2.9649133685038764
0.003 3.1493515138608807
0.003 3.34389232344761
0.003 3.548519864359222
0.003 3.763220082721348
0.003 3.987980860041273
0.003 4.222791959071459
0.003 4.467644904248479
0.003 4.722532836970412
0.003 4.987450361634142
0.003 5.262393412430689
0.003 5.547359124544683
0.003 5.842345788320223
0.003 5.6973882975524415
0.003 5.402403749615214
0.003 5.117443549667308
0.003 4.842509790066497
0.003 4.577605985635341
0.003 4.322737150601044
0.003 4.077909982578494
0.003 3.8431330647596926
0.003 3.6184171074202354
0.003 3.4037751962313147
0.003 3.199223030238437
0.003 3.004779102677331
0.003 2.8204647683905444
0.003 2.646304109584643
0.003 2.482323485676985
0.003 2.3285506154545463
0.003 2.1850130098590976
0.003 2.051735553872325
0.003 1.9287370541509334
0.003 1.8160256607680805
0.003 1.7135932919107892
0.003 1.6214095931333465
0.003 1.5394164941799078
0.003 1.4675248291224268
0.003 1.405613274318111
0.003 1.3535289512918771
0.003 1.3110991831543737
0.003 1.2781731106929786
0.003 1.2546656905115614
0.003 1.240556211149892
0.003 1.235851413491088
0.003 1.2405562111498922
0.003 1.254665690511562
0.003 1.2781731106929792
0.003 1.3110991831543741
0.003 1.3535289512918776
0.003 1.4056132743181113
0.003 1.467524829122427
0.003 1.5394164941799078
0.003 1.6214095931333463
0.003 1.713593291910789
0.003 1.8160256607680805
0.003 1.9287370541509334
0.003 2.0517355538723248
0.003 2.1850130098590976
0.003 2.3285506154545463
0.003 2.482323485676985
0.003 2.6463041095846433
0.003 2.820464768390545
0.003 3.004779102677331
0.003 3.199223030238437
0.003 3.4037751962313147
0.003 3.618417107420235
0.003 3.843133064759693
0.003 4.077909982578494
0.003 4.322737150601043
0.003 4.577605985635339
0.003 4.842509790066494
0.003 5.117443549667304
0.003 5.402403749615209
0.003 5.697388297552438
0.003 5.562433349570683
0.003 5.26745110761334
0.003 4.982496928937563
0.003 4.707573345227343
0.003 4.44268462012362
0.003 4.187836867176509
0.003 3.943038304888559
0.003 3.7082995502270917
0.003 3.48363397861982
0.003 3.269058117596215
0.003 3.064592058384857
0.003 2.8702598348975927
0.003 2.6860897047934493
0.003 2.5121142246194754
0.003 2.3483699682244863
0.003 2.194896675793375
0.003 2.051735553872325
0.003 1.918926380152211
0.003 1.796503024786064
0.003 1.6844870458671504
0.003 1.5828792545428518
0.003 1.4916497613077753
0.003 1.410728085829098
0.003 1.3399962975829909
0.003 1.2792862017585258
0.003 1.228367010381996
0.003 1.1869411674441288
0.003 1.1547398667148911
0.003 1.13165618331181
0.003 1.1177426651889588
0.003 1.113091898105013
0.003 1.1177426651889588
0.003 1.1316561833118117
0.003 1.154739866714892
0.003 1.1869411674441301
0.003 1.2283670103819964
0.003 1.2792862017585256
0.003 1.3399962975829902
0.003 1.4107280858290978
0.003 1.4916497613077755
0.003 1.582879254542851
0.003 1.6844870458671501
0.003 1.796503024786064
0.003 1.9189263801522107
0.003 2.051735553872325
0.003 2.1948966757933746
0.003 2.3483699682244863
0.003 2.5121142246194754
0.003 2.6860897047934498
0.003 2.8702598348975927
0.003 3.0645920583848567
0.003 3.2690581175962152
0.003 3.4836339786198196
0.003 3.7082995502270912
0.003 3.9430383048885567
0.003 4.187836867176507
0.003 4.442684620123615
0.003 4.707573345227341
0.003 4.982496928937561
0.003 5.267451107613334
0.003 5.562433349570678
0.003 5.43748045217981
0.003 5.142500685828737
0.003 4.857552985992906
0.003 4.582640379554372
0.003 4.317767977132662
0.003 4.06294314321807
0.003 3.8181758400186063
0.003 3.583479038089927
0.003 3.3588692311435047
0.003 3.1443670259051726
0.003 2.939997796628095
0.003 2.745792356427523
0.003 2.5617875759891735
0.003 2.3880268291576265
0.003 2.224560079341621
0.003 2.0714433319992955
0.003 1.9287370541509334
0.003 1.796503024786064
0.003 1.67479890664651
0.003 1.5636697199070944
0.003 1.4631353462263272
0.003 1.3731735364253446
0.003 1.2936984712795057
0.003 1.2245379797579987
0.003 1.1654248662189548
0.003000000000001771 1.1159794438750137
0.0030000000045905043 1.0756661295721297
0.0030000007562571936 1.0440111721505796
0.0030000134584570928 1.0209555605045817
0.003000050738197574 1.006847476365923
0.0030000733016434674 1.0020910626170394
0.003000050738197574 1.0068474763659239
0.0030000134584570928 1.0209555605045832
0.0030000007562571936 1.0440111721505818
0.0030000000045905043 1.0756661295721313
0.003000000000001771 1.1159794438750126
0.003 1.1654248662189541
0.003 1.2245379797579987
0.003 1.2936984712795063
0.003 1.3731735364253443
0.003 1.4631353462263261
0.003 1.5636697199070937
0.003 1.6747989066465103
0.003 1.7965030247860638
0.003 1.9287370541509334
0.003 2.071443331999295
0.003 2.2245600793416216
0.003 2.388026829157626
0.003 2.561787575989174
0.003 2.7457923564275224
0.003 2.9399977966280946
0.003 3.144367025905172
0.003 3.3588692311435047
0.003 3.583479038089926
0.003 3.818175840018604
0.003 4.062943143218068
0.003 4.317767977132658
0.003 4.582640379554368
0.003 4.857552985992902
0.003 5.1425006858287325
0.003 5.437480452179806
0.003 5.322528979572924
0.003 5.027551827721873
0.003 4.742610985440398
0.003 4.46771002677122
0.003 4.202855001435752
0.003 3.948054668849314
0.003 3.703320949887719
0.003 3.468669482473137
0.003 3.2441203321434977
0.003 3.0296988363096222
0.003 2.825436584852808
0.003 2.6313725001245825
0.003 2.4475539554476367
0.003 2.2740378119129505
0.003 2.110891168096614
0.003 1.958191497564595
0.003 1.8160256607680807
0.003 1.6844870458671504
0.003 1.5636697199070944
0.003 1.4536578672259155
0.003 1.354506850382476
0.003 1.2662055747444734
0.003 1.1886077740038816
0.0030000000000008856 1.1213356501094645
0.003000000085674354 1.0637464413848363
0.003000187097553949 1.0151469529482655
0.0030223601289789733 0.9749356267456916
0.0033996009621545162 0.942746548694376
0.0049248455427825435 0.9187683053083496
0.006756418246388567 0.9037841386749519
0.007405764251935582 0.8986694717894742
0.006756418246389452 0.9037841386749526
0.004924845542783429 0.9187683053083516
0.0033996009621545162 0.9427465486943779
0.0030223601289789733 0.9749356267456918
0.003000187097553949 1.0151469529482655
0.003000000085674354 1.0637464413848345
0.0030000000000008856 1.1213356501094636
0.003 1.1886077740038803
0.003 1.2662055747444736
0.003 1.354506850382475
0.003 1.4536578672259142
0.003 1.5636697199070937
0.003 1.68448704586715
0.003 1.8160256607680807
0.003 1.958191497564595
0.003 2.1108911680966145
0.003 2.2740378119129505
0.003 2.447553955447636
0.003 2.6313725001245816
0.003 2.8254365848528074
0.003 3.029698836309622
0.003 3.2441203321434973
0.003 3.468669482473136
0.003 3.7033209498877175
0.003 3.9480546688493123
0.003 4.202855001435749
0.003 4.467710026771216
0.003 4.742610985440393
0.003 5.02755182772187
0.003 5.322528979572919
0.003 5.2175781762426325
0.003 4.9226037364482
0.003 4.63767002298696
0.003 4.362781201435445
0.003 4.097944340336423
0.003 3.8431697202969515
0.003 3.5984714133016324
0.003 3.363868010897315
0.003 3.139383574353116
0.003 2.9250487949431094
0.003 2.7209023950557585
0.003 2.5269927504599052
0.003 2.3433797081483156
0.003 2.1701364947166324
0.003 2.007351533924269
0.003 1.8551298216341214
0.003 1.7135932919107892
0.003 1.5828792545428518
0.003 1.463135346226327
0.003 1.354506850382476
0.003 1.2570976857223375
0.003 1.1708489118432657
0.003000000000320556 1.0952711232502501
0.0030000363897458968 1.0293347848542727
0.0030462737900481436 0.9718353109713732
0.005410397847026634 0.92207815093086
0.02167427389849735 0.8801402311142125
0.06240246448000759 0.8463066182156184
0.1198264721748548 0.8209069309094447
0.1683764369820521 0.8048374368441041
0.18689713513507494 0.7992932458220808
0.1683764369820853 0.8048374368441057
0.11982647217482469 0.8209069309094466
0.0624024644800129 0.8463066182156198
0.02167427389850975 0.8801402311142132
0.005410397847026634 0.9220781509308592
0.0030462737900481436 0.9718353109713715
0.0030000363897458968 1.0293347848542715
0.003000000000320556 1.0952711232502486
0.003 1.1708489118432654
0.003 1.2570976857223373
0.003 1.3545068503824753
0.003 1.4631353462263261
0.003 1.5828792545428512
0.003 1.7135932919107888
0.003 1.8551298216341208
0.003 2.0073515339242696
0.003 2.170136494716633
0.003 2.343379708148315
0.003 2.5269927504599057
0.003 2.720902395055758
0.003 2.925048794943108
0.003 3.139383574353116
0.003 3.3638680108973147
0.003 3.598471413301631
0.003 3.8431697202969493
0.003 4.0979443403364195
0.003 4.362781201435443
0.003 4.637670022986956
0.003 4.922603736448194
0.003 5.217578176242626
0.003 5.122627168972615
0.003 4.827655487191278
0.003 4.542729038353034
0.003 4.267852612434568
0.003 4.003034357045143
0.003 3.7482861714972042
0.003 3.5036244318290017
0.003 3.2690709169713705
0.003 3.04465404110729
0.003 2.830410390415461
0.003 2.626386642759243
0.003 2.4326418745656433
0.003 2.2492503040842333
0.003 2.0763044017491157
0.003 1.913918284666324
0.003 1.7622310553916452
0.003 1.6214095931333463
0.003 1.4916497613077753
0.003 1.3731735364253448
0.003 1.2662055747444736
0.003 1.1708489118432657
0.003000000001982666 1.0866595022432106
0.0030004841105854053 1.0122168901135424
0.0034885643816165734 0.9456730764430058
0.018369642999304922 0.8861476896280611
0.07783491338218428 0.8337368421499196
0.15925772921589823 0.7890313733359015
0.24984327114689062 0.7529751969411711
0.35631397825930194 0.7261704332937373
0.456366705759947 0.7093191784320608
0.49927675818944167 0.7035097654487776
0.45636670575991195 0.7093191784320623
0.35631397825926475 0.7261704332937388
0.24984327114688973 0.7529751969411727
0.15925772921586678 0.7890313733359013
0.07783491338220065 0.8337368421499185
0.018369642999310234 0.8861476896280589
0.003488564381615688 0.9456730764430036
0.0030004841105854053 1.0122168901135409
0.003000000001982666 1.0866595022432088
0.003 1.1708489118432654
0.003 1.2662055747444738
0.003 1.3731735364253443
0.003 1.4916497613077753
0.003 1.6214095931333465
0.003 1.762231055391645
0.003 1.9139182846663243
0.003 2.0763044017491143
0.003 2.249250304084233
0.003 2.4326418745656424
0.003 2.6263866427592424
0.003 2.83041039041546
0.003 3.0446540411072887
0.003 3.26907091697137
0.003 3.5036244318289995
0.003 3.7482861714972024
0.003 4.00303435704514
0.003 4.267852612434563
0.003 4.542729038353029
0.003 4.8276554871912705
0.003 5.122627168972607
0.003 5.037674987525552
0.003 4.742706049174365
0.003 4.457786839670892
0.003 4.182922792419946
0.003 3.918123165425811
0.003 3.663401537546116
0.003 3.418776680393365
0.003 3.184273720217528
0.003 2.9599256669558343
0.003 2.7457754067463007
0.003 2.5418781976401332
0.003 2.3483048370003763
0.003 2.1651455118843694
0.003 1.992514526598254
0.003 1.8305557868226516
0.003 1.6794490773536774
0.003 1.5394164941799082
0.003 1.4107280858290983
0.003 1.2936984712795063
0.003 1.1886077740038814
0.003000000000320556 1.095271123250249
0.0030004841105854053 1.012216890113542
0.003906601589548973 0.9369295891699516
0.029507722339155953 0.8679028484787071
0.11701560082559437 0.8050863180683944
0.24440790262317594 0.7494370221526281
0.4084212550943311 0.7019666410475217
0.5967953690159408 0.6637970234683728
0.782653992451247 0.635884655608245
0.9305878794913801 0.6187571039603722
0.9894934938469753 0.612950350899417
0.9305878794913349 0.6187571039603731
0.7826539924512204 0.6358846556082459
0.5967953690159093 0.6637970234683737
0.4084212550943581 0.7019666410475207
0.24440790262316708 0.7494370221526266
0.1170156008256165 0.8050863180683923
0.029507722339156838 0.8679028484787052
0.003906601589548087 0.9369295891699497
0.0030004841105854053 1.0122168901135409
0.003000000000320556 1.0952711232502483
0.003 1.1886077740038805
0.003 1.2936984712795068
0.003 1.4107280858290974
0.003 1.539416494179908
0.003 1.6794490773536772
0.003 1.8305557868226519
0.003 1.9925145265982536
0.003 2.1651455118843694
0.003 2.348304837000376
0.003 2.5418781976401323
0.003 2.745775406746301
0.003 2.959925666955833
0.003 3.1842737202175266
0.003 3.4187766803933632
0.003 3.6634015375461124
0.003 3.9181231654258064
0.003 4.182922792419939
0.003 4.457786839670884
0.003 4.742706049174355
0.003 5.037674987525542
0.003 4.962720594341037
0.003 4.6677543162993045
0.003 4.382842141058785
0.003 4.107990141000402
0.003 3.8432086902667777
0.003 3.588513048022657
0.003 3.343924412253791
0.003 3.1094712959203443
0.003 2.885191419220631
0.003 2.6711341423387496
0.003 2.4673636673458725
0.003 2.273963098423143
0.003 2.0910396881861364
0.003 1.9187314072768573
0.003 1.7572152584757523
0.003 1.6067173524984928
0.003 1.4675248291224272
0.003 1.3399962975829915
0.003 1.2245379797579996
0.0030000000000008856 1.1213356501094651
0.0030000363897458968 1.0293347848542724
0.0034885643816165734 0.945673076443005
0.029507722339167465 0.8679028484787066
0.1289055140927737 0.7954001940643209
0.2960099670705697 0.7290803667160431
0.5391588145095471 0.670389613189034
0.8460492437609156 0.620891887686702
1.1565343079990724 0.5817479131240084
1.409510012068247 0.5535707287832189
1.5753322671101828 0.5365822950224247
1.6340681213102366 0.5308981632404092
1.575332267110153 0.5365822950224252
1.40951001206822 0.5535707287832194
1.1565343079990515 0.5817479131240084
0.8460492437609713 0.6208918876867012
0.5391588145096161 0.6703896131890321
0.2960099670705945 0.7290803667160413
0.12890551409277812 0.795400194064319
0.029507722339154184 0.867902848478705
0.003488564381615688 0.9456730764430039
0.0030000363897458968 1.0293347848542715
0.0030000000000008856 1.1213356501094638
0.003 1.2245379797579987
0.003 1.3399962975829907
0.003 1.4675248291224265
0.003 1.6067173524984923
0.003 1.7572152584757523
0.003 1.9187314072768569
0.003 2.0910396881861373
0.003 2.273963098423143
0.003 2.467363667345871
0.003 2.671134142338749
0.003 2.8851914192206296
0.003 3.1094712959203443
0.003 3.3439244122537892
0.003 3.5885130480226537
0.003 3.8432086902667746
0.003 4.107990141000394
0.003 4.38284214105878
0.003 4.667754316299295
0.003 4.962720594341024
0.003 4.897762921489657
0.003 4.60279914872884
0.003 4.317893606709177
0.003 4.043052988282453
0.003 3.7782887412170947
0.003 3.52361776198228
0.003 3.2790636009539456
0.003 3.0446580955386016
0.003 2.820443581041963
0.003 2.6064758392668708
0.003 2.4028279570165574
0.003 2.209595427174283
0.003 2.026902788660039
0.003 1.8549124119410774
0.003 1.6938359687803137
0.003 1.5439496056639868
0.003 1.4056132743181116
0.003 1.2792862017585267
0.003 1.165424866218956
0.003000000085674354 1.0637464413848376
0.0030462737900481436 0.9718353109713739
0.018369642999315546 0.8861476896280612
0.11701560082562404 0.8050863180683943
0.29600996707059096 0.7290803667160428
0.5926250832083804 0.6596783929324894
1.002322181668772 0.5991119952355275
1.4281316275299378 0.5489746465377617
1.7897363874002916 0.5098786853632687
2.055075945239244 0.4819524687140403
2.2158735134081398 0.4651981100734716
2.269865408283473 0.45961223077934515
2.215873513408136 0.4651981100734716
2.055075945239225 0.4819524687140403
1.789736387400305 0.5098786853632685
1.4281316275299418 0.5489746465377612
1.0023221816688048 0.599111995235527
0.5926250832084432 0.6596783929324881
0.29600996707059934 0.7290803667160414
0.11701560082562315 0.8050863180683927
0.01836964299930669 0.8861476896280595
0.0030462737900481436 0.9718353109713725
0.003000000085674354 1.0637464413848363
0.003 1.1654248662189557
0.003 1.2792862017585256
0.003 1.4056132743181107
0.003 1.5439496056639863
0.003 1.693835968780314
0.003 1.8549124119410767
0.003 2.0269027886600393
0.003 2.2095954271742824
0.003 2.402827957016557
0.003 2.6064758392668703
0.003 2.820443581041962
0.003 3.0446580955386016
0.003 3.2790636009539424
0.003 3.523617761982277
0.003 3.778288741217092
0.003 4.043052988282447
0.003 4.317893606709171
0.003 4.602799148728832
0.003 4.897762921489645
0.003 4.842800912166533
0.003 4.547839415529879
0.003 4.262939909288458
0.003 3.988109660634639
0.003 3.7233611160571702
0.003 3.4687126935751924
0.003 3.2241901423594244
0.003 2.9898284083914093
0.003 2.7656741677334313
0.003 2.55178925083734
0.003 2.3482551616909695
0.003 2.1551791588467064
0.003 1.9727023053239527
0.003 1.801010420171393
0.003 1.6403489038235652
0.003 1.4910434969229993
0.003 1.3535289512918776
0.003 1.2283670103819972
0.003000000000001771 1.1159794438750148
0.003000187097553949 1.0151469529482677
0.005410397847027519 0.922078150930862
0.077834913382198 0.8337368421499212
0.24440790262317594 0.7494370221526292
0.539158814509544 0.6703896131890343
1.0023221816687844 0.5991119952355277
1.5255200732236758 0.5380131671879911
1.98674076355132 0.4880263254684809
2.347078532335022 0.4492484704399399
2.6031707320243718 0.4216105516275409
2.75630078990922 0.40504981366391224
2.8072805750689596 0.39953271669366824
2.7563007899092207 0.4050498136639124
2.6031707320243638 0.4216105516275407
2.347078532335024 0.4492484704399398
1.986740763551359 0.4880263254684803
1.5255200732236651 0.5380131671879896
1.0023221816687782 0.5991119952355268
0.5391588145095967 0.6703896131890329
0.24440790262317683 0.7494370221526272
0.07783491338221571 0.8337368421499193
0.0054103978470248625 0.9220781509308591
0.003000187097553949 1.0151469529482662
0.003000000000001771 1.1159794438750135
0.003 1.2283670103819964
0.003 1.353528951291877
0.003 1.4910434969229989
0.003 1.6403489038235655
0.003 1.8010104201713928
0.003 1.972702305323953
0.003 2.155179158846707
0.003 2.348255161690968
0.003 2.551789250837339
0.003 2.7656741677334304
0.003 2.989828408391407
0.003 3.224190142359423
0.003 3.468712693575189
0.003 3.7233611160571662
0.003 3.988109660634633
0.003 4.262939909288452
0.003 4.5478394155298645
0.003 4.84280091216652
0.003 4.797833566374874
0.003 4.502874045958964
0.003 4.217979787283485
0.003 3.943158562427801
0.003 3.678423702742708
0.003 3.4237949690754244
0.003 3.1793000640142814
0.003 2.9449766878074732
0.003 2.7208753843537123
0.003 2.507063359928211
0.003 2.3036296270669867
0.003 2.1106918971809647
0.003 1.9284059152653255
0.003 1.7569781719344961
0.003 1.5966836562360671
0.003 1.4478911233509884
0.003 1.3110991831543743
0.003 1.1869411674441306
0.0030000000045905043 1.0756661295721321
0.0030223601289789733 0.9749356267456946
0.021674273898496466 0.8801402311142157
0.1592577292158814 0.7890313733359036
0.4084212550943178 0.7019666410475235
0.8460492437608939 0.6208918876867028
1.4281316275299378 0.5489746465377624
1.9867407635513146 0.4880263254684813
2.4444338868895397 0.43835989297836786
2.7950316655399448 0.3998792536337799
3.0426833071586143 0.37246898301341597
3.190313907095676 0.3560509195959543
3.239383030367374 0.3505826266724796
3.1903139070956783 0.35605091959595436
3.042683307158622 0.37246898301341563
2.795031665539936 0.3998792536337796
2.4444338868895548 0.43835989297836775
1.9867407635513612 0.4880263254684805
1.42813162752994 0.5489746465377612
0.8460492437609125 0.6208918876867017
0.408421255094355 0.7019666410475215
0.1592577292158783 0.7890313733359012
0.021674273898500008 0.8801402311142128
0.0030223601289789733 0.9749356267456917
0.0030000000045905043 1.0756661295721301
0.003 1.1869411674441293
0.003 1.311099183154374
0.003 1.4478911233509877
0.003 1.596683656236067
0.003 1.756978171934496
0.003 1.928405915265325
0.003 2.1106918971809647
0.003 2.3036296270669863
0.003 2.507063359928211
0.003 2.7208753843537106
0.003 2.9449766878074715
0.003 3.1793000640142783
0.003 3.42379496907542
0.003 3.678423702742704
0.003 3.943158562427796
0.003 4.217979787283477
0.003 4.502874045958952
0.003 4.797833566374859
0.003 4.762859989161029
0.003 4.467902080627744
0.003 4.1830121062172525
0.003 3.9081982549416336
0.003 3.643474589210359
0.003 3.38886198072431
0.003 3.1443897491084116
0.003 2.9100978764527623
0.003 2.686040110952562
0.003 2.472288108008002
0.003 2.268937076874077
0.003 2.076113304043088
0.003 1.8939844507512498
0.003 1.7227734633277767
0.003 1.5627781225657096
0.003 1.414398432083516
0.003 1.2781731106929797
0.003 1.1547398667148943
0.0030000007562571936 1.0440111721505827
0.0033996009621554014 0.9427465486943799
0.06240246447999918 0.8463066182156224
0.24984327114685606 0.7529751969411749
0.5967953690158606 0.6637970234683755
1.1565343079990038 0.5817479131240099
1.7897363874002734 0.5098786853632693
2.3470785323350105 0.4492484704399405
2.7950316655399314 0.39987925363377996
3.13741029039623 0.36163238388159025
3.3790423228574284 0.33439051673975123
3.522958855381183 0.31807476135722
3.5707656755474293 0.3126408953167133
3.5229588553811815 0.3180747613572201
3.3790423228574373 0.33439051673975123
3.137410290396239 0.36163238388159
2.795031665539937 0.39987925363377963
2.347078532335016 0.4492484704399399
1.7897363874003107 0.5098786853632685
1.1565343079990635 0.5817479131240081
0.5967953690159244 0.6637970234683729
0.24984327114689148 0.7529751969411715
0.062402464480000065 0.8463066182156187
0.0033996009621554014 0.9427465486943764
0.0030000007562571936 1.0440111721505796
0.003 1.1547398667148923
0.003 1.2781731106929795
0.003 1.4143984320835152
0.003 1.5627781225657096
0.003 1.7227734633277765
0.003 1.8939844507512493
0.003 2.076113304043088
0.003 2.268937076874076
0.003 2.4722881080080006
0.003 2.6860401109525602
0.003 2.910097876452761
0.003 3.1443897491084085
0.003 3.388861980724307
0.003 3.643474589210354
0.003 3.908198254941627
0.003 4.1830121062172445
0.003 4.467902080627733
0.003 4.762859989161016
0.003 4.737879432493187
0.003 4.442922717021106
0.003 4.1580359160297515
0.003 3.8832275300080905
0.003 3.618512167329612
0.003 3.363911530147899
0.003 3.1194561467745925
0.003 2.885187705526799
0.003 2.661162347228743
0.003 2.447455043333395
0.003 2.2441655973393564
0.003 2.0514266008220976
0.003 1.8694143316666707
0.003 1.698363302921905
0.003 1.5385864534385414
0.003 1.3905024135399977
0.003 1.2546656905115623
0.003 1.1316561833118122
0.0030000134584570928 1.0209555605045844
0.004924845542784315 0.9187683053083525
0.11982647217482513 0.8209069309094483
0.3563139782592041 0.72617043329374
0.7826539924512071 0.6358846556082467
1.4095100120682085 0.5535707287832203
2.055075945239208 0.4819524687140409
2.6031707320243522 0.4216105516275411
3.0426833071586104 0.3724689830134159
3.37904232285743 0.3343905167397512
3.616558689416478 0.3072657840340241
3.7580329674960398 0.29101970517898074
3.805025135005765 0.2856090405587633
3.7580329674960384 0.2910197051789807
3.616558689416477 0.30726578403402416
3.3790423228574356 0.33439051673975123
3.0426833071586286 0.37246898301341574
2.6031707320243718 0.4216105516275405
2.055075945239227 0.4819524687140403
1.4095100120682504 0.5535707287832191
0.7826539924512532 0.635884655608245
0.35631397825928024 0.7261704332937375
0.11982647217487251 0.820906930909445
0.004924845542783429 0.9187683053083492
0.0030000134584570928 1.0209555605045817
0.003 1.13165618331181
0.003 1.2546656905115612
0.003 1.3905024135399968
0.003 1.5385864534385416
0.003 1.6983633029219045
0.003 1.8694143316666707
0.003 2.0514266008220967
0.003 2.2441655973393555
0.003 2.4474550433333935
0.003 2.661162347228742
0.003 2.885187705526798
0.003 3.119456146774589
0.003 3.363911530147895
0.003 3.6185121673296057
0.003 3.8832275300080834
0.003 4.1580359160297435
0.003 4.442922717021094
0.003 4.737879432493175
0.003 4.722891332508005
0.003 4.42793535002668
0.003 4.143050499846323
0.003 3.868245474610471
0.003 3.603535220564555
0.003 3.3489419525731807
0.003 3.1044969468401273
0.003 2.870242944970342
0.003 2.6462375654379295
0.003 2.4325578198483035
0.003 2.229306327782826
0.003 2.036619509244229
0.003 1.8546787953722026
0.003 1.6837254168751288
0.003 1.5240806248240055
0.003 1.3761719933214338
0.003 1.2405562111498918
0.003 1.11774266518896
0.003000050738197574 1.0068474763659252
0.006756418246384139 0.9037841386749534
0.1683764369820844 0.8048374368441058
0.45636670575996025 0.7093191784320633
0.9305878794913022 0.6187571039603744
1.5753322671101209 0.5365822950224255
2.215873513408123 0.465198110073472
2.7563007899092087 0.40504981366391235
3.1903139070956756 0.3560509195959543
3.52295885538118 0.31807476135722
3.758032967496039 0.29101970517898057
3.898096377805504 0.27481450387261647
3.944624122747536 0.26941735853147314
3.898096377805504 0.2748145038726165
3.75803296749604 0.29101970517898074
3.5229588553811793 0.3180747613572202
3.190313907095673 0.35605091959595464
2.75630078990923 0.4050498136639127
2.2158735134081526 0.46519811007347167
1.575332267110178 0.5365822950224248
0.9305878794913969 0.6187571039603724
0.4563667057599638 0.7093191784320605
0.16837643698207644 0.8048374368441037
0.006756418246387681 0.903784138674951
0.003000050738197574 1.006847476365923
0.003 1.1177426651889593
0.003 1.240556211149892
0.003 1.3761719933214336
0.003 1.5240806248240053
0.003 1.6837254168751283
0.003 1.8546787953722024
0.003 2.0366195092442285
0.003 2.2293063277828256
0.003 2.432557819848303
0.003 2.646237565437929
0.003 2.8702429449703417
0.003 3.1044969468401247
0.003 3.3489419525731767
0.003 3.603535220564548
0.003 3.868245474610463
0.003 4.143050499846315
0.003 4.427935350026669
0.003 4.722891332507992
0.003 4.717895338791332
0.003 4.422939603553121
0.003 4.1380554115819175
0.003 3.863251520456313
0.003 3.5985429907939137
0.003 3.343952210796537
0.003 3.099510709773139
0.003 2.8652615853420857
0.003 2.6412629554052405
0.003 2.4275925196365282
0.003 2.2243538450006404
0.003 2.031684632331659
0.003 1.8497680205641842
0.003 1.6788474272952483
0.003 1.5192467120936344
0.003 1.371396008508518
0.003 1.235851413491088
0.003 1.1130918981050137
0.0030000733016434674 1.0020910626170396
0.007405764251935582 0.8986694717894745
0.18689713513510858 0.7992932458220812
0.4992767581894271 0.7035097654487784
0.9894934938469571 0.6129503508994172
1.6340681213102217 0.5308981632404095
2.269865408283453 0.45961223077934465
2.8072805750689716 0.39953271669366797
3.239383030367375 0.3505826266724796
3.570765675547427 0.3126408953167131
3.8050251350057667 0.2856090405587631
3.9446241227475367 0.2694173585314731
3.991 0.2640246696546314
3.944624122747535 0.26941735853147325
3.805025135005764 0.2856090405587635
3.5707656755474235 0.3126408953167136
3.239383030367371 0.3505826266724802
2.807280575068975 0.3995327166936687
2.2698654082834646 0.45961223077934515
1.634068121310238 0.5308981632404097
0.9894934938470014 0.612950350899417
0.49927675818945366 0.7035097654487775
0.18689713513506787 0.7992932458220804
0.007405764251935582 0.8986694717894742
0.0030000733016434674 1.002091062617039
0.003 1.1130918981050133
0.003 1.2358514134910883
0.003 1.3713960085085182
0.003 1.5192467120936346
0.003 1.6788474272952478
0.003 1.8497680205641844
0.003 2.0316846323316584
0.003 2.22435384500064
0.003 2.427592519636527
0.003 2.6412629554052396
0.003 2.8652615853420844
0.003 3.099510709773137
0.003 3.3439522107965343
0.003 3.5985429907939093
0.003 3.8632515204563074
0.003 4.138055411581909
0.003 4.422939603553108
0.003 4.717895338791321
0.003 4.722891332508006
0.003 4.42793535002668
0.003 4.143050499846323
0.003 3.868245474610471
0.003 3.603535220564555
0.003 3.3489419525731807
0.003 3.1044969468401273
0.003 2.870242944970342
0.003 2.6462375654379295
0.003 2.4325578198483035
0.003 2.229306327782826
0.003 2.036619509244229
0.003 1.8546787953722024
0.003 1.6837254168751286
0.003 1.524080624824005
0.003 1.3761719933214338
0.003 1.2405562111498913
0.003 1.1177426651889586
0.003000050738197574 1.0068474763659239
0.006756418246384139 0.9037841386749516
0.1683764369820893 0.804837436844104
0.4563667057599948 0.7093191784320612
0.9305878794913363 0.618757103960373
1.5753322671101309 0.5365822950224239
2.215873513408161 0.46519811007347067
2.756300789909236 0.4050498136639117
3.190313907095683 0.3560509195959538
3.522958855381186 0.3180747613572196
3.758032967496044 0.29101970517898035
3.8980963778055058 0.27481450387261636
3.9446241227475363 0.2694173585314731
3.8980963778055018 0.2748145038726166
3.7580329674960367 0.291019705178981
3.522958855381174 0.3180747613572205
3.190313907095663 0.35605091959595514
2.756300789909214 0.40504981366391335
2.2158735134081398 0.4651981100734725
1.575332267110124 0.5365822950224258
0.9305878794913411 0.6187571039603745
0.45636670575995714 0.7093191784320626
0.16837643698206847 0.8048374368441058
0.006756418246390338 0.9037841386749528
0.003000050738197574 1.006847476365924
0.003 1.1177426651889601
0.003 1.2405562111498925
0.003 1.3761719933214343
0.003 1.5240806248240055
0.003 1.6837254168751286
0.003 1.8546787953722026
0.003 2.0366195092442285
0.003 2.2293063277828256
0.003 2.432557819848303
0.003 2.646237565437929
0.003 2.8702429449703417
0.003 3.1044969468401247
0.003 3.348941952573177
0.003 3.6035352205645483
0.003 3.8682454746104638
0.003 4.143050499846317
0.003 4.4279353500266705
0.003 4.722891332507994
0.003 4.73787943249319
0.003 4.442922717021107
0.003 4.158035916029753
0.003 3.883227530008091
0.003 3.618512167329612
0.003 3.363911530147899
0.003 3.1194561467745925
0.003 2.885187705526799
0.003 2.661162347228743
0.003 2.447455043333395
0.003 2.2441655973393564
0.003 2.051426600822097
0.003 1.8694143316666705
0.003 1.6983633029219047
0.003 1.5385864534385407
0.003 1.3905024135399973
0.003 1.2546656905115612
0.003 1.1316561833118106
0.0030000134584570928 1.0209555605045815
0.004924845542784315 0.9187683053083494
0.11982647217482204 0.8209069309094447
0.35631397825924704 0.7261704332937362
0.782653992451282 0.6358846556082435
1.4095100120682775 0.5535707287832176
2.0550759452392473 0.4819524687140391
2.603170732024386 0.4216105516275396
3.0426833071586405 0.37246898301341497
3.3790423228574396 0.3343905167397504
3.616558689416489 0.3072657840340236
3.758032967496044 0.2910197051789804
3.8050251350057667 0.28560904055876324
3.7580329674960367 0.29101970517898085
3.616558689416475 0.30726578403402444
3.3790423228574222 0.33439051673975173
3.0426833071585966 0.37246898301341663
2.6031707320243376 0.42161055162754224
2.055075945239202 0.4819524687140422
1.409510012068201 0.5535707287832213
0.7826539924511934 0.6358846556082478
0.35631397825922845 0.7261704332937409
0.11982647217488623 0.8209069309094482
0.004924845542784315 0.9187683053083519
0.0030000134584570928 1.0209555605045841
0.003 1.131656183311812
0.003 1.2546656905115625
0.003 1.3905024135399975
0.003 1.538586453438542
0.003 1.698363302921905
0.003 1.869414331666671
0.003 2.0514266008220967
0.003 2.244165597339356
0.003 2.4474550433333944
0.003 2.6611623472287422
0.003 2.885187705526799
0.003 3.1194561467745894
0.003 3.3639115301478957
0.003 3.6185121673296066
0.003 3.8832275300080843
0.003 4.158035916029746
0.003 4.442922717021097
0.003 4.7378794324931786
0.003 4.762859989161031
0.003 4.467902080627748
0.003 4.183012106217253
0.003 3.908198254941635
0.003 3.6434745892103595
0.003 3.3888619807243106
0.003 3.1443897491084116
0.003 2.910097876452763
0.003 2.686040110952562
0.003 2.4722881080080015
0.003 2.268937076874077
0.003 2.076113304043088
0.003 1.8939844507512493
0.003 1.7227734633277765
0.003 1.562778122565709
0.003 1.414398432083515
0.003 1.2781731106929781
0.003 1.1547398667148918
0.0030000007562571936 1.0440111721505794
0.0033996009621545162 0.9427465486943751
0.062402464480012014 0.8463066182156171
0.24984327114686536 0.7529751969411695
0.5967953690159439 0.66379702346837
1.1565343079991646 0.5817479131240058
1.78973638740035 0.5098786853632671
2.3470785323350203 0.44924847043993826
2.795031665539962 0.39987925363377796
3.1374102903962604 0.36163238388158914
3.379042322857439 0.3343905167397503
3.522958855381183 0.3180747613572197
3.5707656755474275 0.3126408953167131
3.5229588553811726 0.3180747613572203
3.379042322857423 0.3343905167397516
3.137410290396214 0.3616323838815911
2.7950316655399137 0.3998792536337811
2.347078532334991 0.44924847043994187
1.789736387400254 0.509878685363271
1.1565343079989732 0.5817479131240115
0.596795369015855 0.6637970234683773
0.24984327114688618 0.752975196941176
0.062402464480000065 0.8463066182156228
0.0033996009621545162 0.9427465486943805
0.0030000007562571936 1.0440111721505834
0.003 1.154739866714894
0.003 1.2781731106929801
0.003 1.414398432083516
0.003 1.5627781225657105
0.003 1.7227734633277767
0.003 1.8939844507512498
0.003 2.076113304043088
0.003 2.2689370768740766
0.003 2.4722881080080006
0.003 2.6860401109525607
0.003 2.9100978764527614
0.003 3.144389749108409
0.003 3.3888619807243074
0.003 3.643474589210355
0.003 3.9081982549416288
0.003 4.183012106217246
0.003 4.46790208062774
0.003 4.76285998916102
0.003 4.797833566374876
0.003 4.502874045958966
0.003 4.217979787283485
0.003 3.943158562427802
0.003 3.678423702742709
0.003 3.423794969075425
0.003 3.179300064014282
0.003 2.9449766878074737
0.003 2.7208753843537123
0.003 2.507063359928211
0.003 2.303629627066987
0.003 2.1106918971809647
0.003 1.9284059152653248
0.003 1.756978171934496
0.003 1.596683656236066
0.003 1.4478911233509868
0.003 1.3110991831543723
0.003 1.1869411674441281
0.0030000000045905043 1.0756661295721295
0.0030223601289789733 0.9749356267456889
0.021674273898500008 0.8801402311142099
0.1592577292158885 0.7890313733358973
0.4084212550943647 0.7019666410475174
0.8460492437610116 0.6208918876866975
1.4281316275300555 0.5489746465377586
1.9867407635513858 0.48802632546847863
2.4444338868895494 0.43835989297836625
2.795031665539962 0.399879253633778
3.0426833071586397 0.372468983013415
3.190313907095685 0.3560509195959541
3.239383030367373 0.35058262667247964
3.190313907095679 0.3560509195959548
3.042683307158618 0.3724689830134163
2.79503166553992 0.3998792536337808
2.4444338868895175 0.43835989297836925
1.986740763551286 0.48802632546848296
1.4281316275298581 0.5489746465377646
0.8460492437608143 0.6208918876867058
0.4084212550942766 0.7019666410475266
0.15925772921586592 0.7890313733359067
0.021674273898500893 0.8801402311142178
0.0030223601289789733 0.9749356267456961
0.0030000000045905043 1.0756661295721337
0.003 1.1869411674441308
0.003 1.3110991831543757
0.003 1.4478911233509886
0.003 1.5966836562360676
0.003 1.756978171934496
0.003 1.928405915265326
0.003 2.1106918971809647
0.003 2.3036296270669867
0.003 2.507063359928211
0.003 2.720875384353711
0.003 2.944976687807472
0.003 3.179300064014279
0.003 3.4237949690754217
0.003 3.6784237027427054
0.003 3.9431585624277976
0.003 4.217979787283479
0.003 4.502874045958953
0.003 4.7978335663748615
0.003 4.842800912166535
0.003 4.5478394155298805
0.003 4.26293990928846
0.003 3.9881096606346396
0.003 3.7233611160571702
0.003 3.4687126935751933
0.003 3.224190142359425
0.003 2.9898284083914093
0.003 2.7656741677334318
0.003 2.55178925083734
0.003 2.348255161690969
0.003 2.1551791588467064
0.003 1.9727023053239525
0.003 1.8010104201713928
0.003 1.6403489038235648
0.003 1.4910434969229978
0.003 1.3535289512918762
0.003 1.2283670103819946
0.003000000000001771 1.1159794438750112
0.003000187097553949 1.0151469529482628
0.005410397847023978 0.9220781509308558
0.07783491338219622 0.8337368421499144
0.24440790262320602 0.7494370221526228
0.539158814509598 0.6703896131890285
1.0023221816688717 0.5991119952355232
1.5255200732237564 0.5380131671879878
1.9867407635513818 0.48802632546847874
2.347078532335016 0.44924847043993815
2.603170732024395 0.42161055162753946
2.756300789909245 0.4050498136639116
2.8072805750689795 0.399532716693668
2.7563007899092318 0.4050498136639123
2.603170732024351 0.421610551627541
2.3470785323350025 0.44924847043994126
1.9867407635512992 0.48802632546848257
1.5255200732236018 0.5380131671879931
1.002322181668686 0.5991119952355313
0.5391588145094993 0.6703896131890388
0.244407902623156 0.7494370221526334
0.07783491338218428 0.8337368421499253
0.00541039784702929 0.9220781509308655
0.003000187097553949 1.0151469529482702
0.003000000000001771 1.115979443875016
0.003 1.2283670103819984
0.003 1.3535289512918787
0.003 1.4910434969229995
0.003 1.640348903823566
0.003 1.8010104201713932
0.003 1.9727023053239534
0.003 2.155179158846707
0.003 2.348255161690969
0.003 2.5517892508373397
0.003 2.765674167733431
0.003 2.989828408391408
0.003 3.2241901423594235
0.003 3.46871269357519
0.003 3.7233611160571667
0.003 3.9881096606346347
0.003 4.262939909288453
0.003 4.54783941552987
0.003 4.842800912166525
0.003 4.897762921489657
0.003 4.602799148728841
0.003 4.317893606709177
0.003 4.0430529882824535
0.003 3.778288741217095
0.003 3.5236177619822806
0.003 3.279063600953946
0.003 3.0446580955386016
0.003 2.820443581041963
0.003 2.6064758392668708
0.003 2.402827957016558
0.003 2.2095954271742824
0.003 2.026902788660039
0.003 1.8549124119410765
0.003 1.6938359687803135
0.003 1.5439496056639852
0.003 1.4056132743181102
0.003 1.2792862017585234
0.003 1.1654248662189528
0.003000000085674354 1.063746441384833
0.0030462737900481436 0.9718353109713681
0.018369642999304034 0.886147689628055
0.11701560082561031 0.8050863180683883
0.2960099670706082 0.7290803667160376
0.5926250832084308 0.6596783929324846
1.0023221816688517 0.5991119952355236
1.4281316275300215 0.5489746465377587
1.7897363874003311 0.5098786853632672
2.05507594523924 0.48195246871403885
2.2158735134081753 0.4651981100734705
2.269865408283485 0.4596122307793443
2.215873513408147 0.46519811007347156
2.0550759452392153 0.48195246871404096
1.789736387400285 0.5098786853632696
1.4281316275298932 0.5489746465377636
1.002322181668706 0.5991119952355305
0.5926250832083441 0.6596783929324926
0.2960099670705644 0.7290803667160475
0.1170156008255895 0.805086318068399
0.018369642999305807 0.8861476896280662
0.0030462737900481436 0.9718353109713783
0.003000000085674354 1.0637464413848408
0.003 1.1654248662189586
0.003 1.2792862017585276
0.003 1.4056132743181127
0.003 1.5439496056639874
0.003 1.6938359687803144
0.003 1.8549124119410778
0.003 2.0269027886600397
0.003 2.209595427174283
0.003 2.4028279570165574
0.003 2.6064758392668703
0.003 2.8204435810419626
0.003 3.044658095538602
0.003 3.279063600953944
0.003 3.5236177619822784
0.003 3.778288741217093
0.003 4.04305298828245
0.003 4.3178936067091716
0.003 4.602799148728834
0.003 4.897762921489649
0.003 4.962720594341035
0.003 4.667754316299304
0.003 4.382842141058785
0.003 4.107990141000402
0.003 3.8432086902667786
0.003 3.5885130480226572
0.003 3.3439244122537914
0.003 3.1094712959203448
0.003 2.885191419220631
0.003 2.6711341423387505
0.003 2.467363667345873
0.003 2.2739630984231427
0.003 2.091039688186137
0.003 1.918731407276857
0.003 1.7572152584757519
0.003 1.6067173524984915
0.003 1.467524829122426
0.003 1.3399962975829895
0.003 1.2245379797579965
0.0030000000000008856 1.1213356501094613
0.0030000363897458968 1.0293347848542682
0.003488564381615688 0.9456730764429997
0.02950772233915861 0.8679028484787018
0.12890551409275908 0.7954001940643157
0.2960099670706047 0.7290803667160378
0.5391588145096016 0.6703896131890292
0.8460492437609691 0.6208918876866986
1.1565343079990993 0.5817479131240062
1.409510012068261 0.5535707287832176
1.5753322671101766 0.5365822950224232
1.6340681213102748 0.5308981632404083
1.5753322671101646 0.5365822950224245
1.4095100120682342 0.5535707287832197
1.1565343079990484 0.5817479131240095
0.8460492437608687 0.6208918876867039
0.5391588145095059 0.6703896131890372
0.2960099670705688 0.7290803667160466
0.128905514092752 0.7954001940643246
0.029507722339143557 0.8679028484787117
0.0034885643816165734 0.9456730764430109
0.0030000363897458968 1.029334784854277
0.0030000000000008856 1.1213356501094691
0.003 1.2245379797580012
0.003 1.3399962975829929
0.003 1.4675248291224285
0.003 1.6067173524984937
0.003 1.7572152584757537
0.003 1.9187314072768578
0.003 2.0910396881861373
0.003 2.273963098423143
0.003 2.467363667345872
0.003 2.6711341423387496
0.003 2.8851914192206305
0.003 3.1094712959203448
0.003 3.3439244122537897
0.003 3.5885130480226546
0.003 3.843208690266776
0.003 4.107990141000396
0.003 4.382842141058782
0.003 4.667754316299297
0.003 4.962720594341027
0.003 5.03767498752555
0.003 4.7427060491743624
0.003 4.457786839670891
0.003 4.182922792419945
0.003 3.9181231654258104
0.003 3.6634015375461164
0.003 3.4187766803933655
0.003 3.1842737202175284
0.003 2.9599256669558343
0.003 2.745775406746301
0.003 2.5418781976401332
0.003 2.3483048370003754
0.003 2.1651455118843694
0.003 1.9925145265982538
0.003 1.8305557868226512
0.003 1.6794490773536763
0.003 1.5394164941799067
0.003 1.4107280858290971
0.003 1.293698471279505
0.003 1.188607774003878
0.003000000000320556 1.0952711232502457
0.0030004841105854053 1.0122168901135378
0.003906601589548087 0.9369295891699467
0.029507722339159496 0.8679028484787017
0.11701560082562006 0.805086318068389
0.24440790262319806 0.7494370221526238
0.40842125509436167 0.7019666410475185
0.5967953690159244 0.6637970234683713
0.7826539924512842 0.6358846556082433
0.9305878794913597 0.6187571039603714
0.9894934938469929 0.6129503508994153
0.9305878794913552 0.6187571039603725
0.7826539924512501 0.6358846556082457
0.5967953690159129 0.663797023468374
0.40842125509428595 0.7019666410475237
0.24440790262317505 0.7494370221526311
0.11701560082558861 0.8050863180683978
0.029507722339144442 0.867902848478711
0.003906601589548973 0.9369295891699555
0.0030004841105854053 1.0122168901135469
0.003000000000320556 1.0952711232502537
0.003 1.1886077740038847
0.003 1.2936984712795083
0.003 1.4107280858290994
0.003 1.53941649417991
0.003 1.6794490773536785
0.003 1.8305557868226525
0.003 1.9925145265982545
0.003 2.1651455118843703
0.003 2.3483048370003767
0.003 2.5418781976401332
0.003 2.7457754067463016
0.003 2.9599256669558343
0.003 3.1842737202175275
0.003 3.418776680393364
0.003 3.663401537546114
0.003 3.9181231654258073
0.003 4.182922792419942
0.003 4.457786839670884
0.003 4.742706049174356
0.003 5.037674987525544
0.003 5.122627168972613
0.003 4.827655487191277
0.003 4.542729038353033
0.003 4.2678526124345675
0.003 4.003034357045143
0.003 3.748286171497205
0.003 3.503624431829002
0.003 3.2690709169713705
0.003 3.04465404110729
0.003 2.830410390415461
0.003 2.626386642759243
0.003 2.4326418745656433
0.003 2.2492503040842333
0.003 2.076304401749115
0.003 1.9139182846663234
0.003 1.7622310553916445
0.003 1.6214095931333457
0.003 1.4916497613077744
0.003 1.3731735364253432
0.003 1.2662055747444725
0.003 1.1708489118432635
0.003000000001982666 1.0866595022432066
0.0030004841105854053 1.0122168901135375
0.003488564381615688 0.9456730764430002
0.01836964299931289 0.8861476896280558
0.07783491338220597 0.8337368421499155
0.15925772921589204 0.7890313733358987
0.24984327114689459 0.75297519694117
0.35631397825928024 0.7261704332937353
0.4563667057600019 0.7093191784320596
0.49927675818943684 0.7035097654487762
0.45636670575997795 0.7093191784320608
0.35631397825928773 0.726170433293738
0.24984327114685606 0.7529751969411729
0.15925772921590134 0.7890313733359035
0.0778349133822033 0.8337368421499222
0.01836964299930138 0.8861476896280643
0.0034885643816165734 0.9456730764430097
0.0030004841105854053 1.0122168901135464
0.003000000001982666 1.0866595022432137
0.003 1.17084891184327
0.003 1.266205574744476
0.003 1.3731735364253461
0.003 1.4916497613077766
0.003 1.6214095931333479
0.003 1.7622310553916456
0.003 1.9139182846663252
0.003 2.076304401749116
0.003 2.2492503040842338
0.003 2.4326418745656433
0.003 2.6263866427592433
0.003 2.830410390415461
0.003 3.0446540411072895
0.003 3.2690709169713714
0.003 3.5036244318290004
0.003 3.7482861714972033
0.003 4.0030343570451405
0.003 4.267852612434564
0.003 4.542729038353031
0.003 4.827655487191271
0.003 5.122627168972607
0.003 5.217578176242631
0.003 4.922603736448201
0.003 4.637670022986961
0.003 4.362781201435445
0.003 4.097944340336424
0.003 3.8431697202969515
0.003 3.598471413301632
0.003 3.363868010897315
0.003 3.139383574353116
0.003 2.9250487949431094
0.003 2.7209023950557585
0.003 2.5269927504599052
0.003 2.343379708148315
0.003 2.170136494716633
0.003 2.0073515339242687
0.003 1.85512982163412
0.003 1.7135932919107884
0.003 1.5828792545428503
0.003 1.4631353462263255
0.003 1.3545068503824746
0.003 1.2570976857223353
0.003 1.1708489118432632
0.003000000000320556 1.0952711232502457
0.0030000363897458968 1.0293347848542684
0.0030462737900481436 0.9718353109713688
0.0054103978470248625 0.9220781509308568
0.021674273898507092 0.8801402311142106
0.06240246447999918 0.8463066182156171
0.11982647217484108 0.8209069309094432
0.168376436982111 0.8048374368441019
0.18689713513511214 0.799293245822079
0.16837643698208618 0.8048374368441035
0.11982647217484196 0.8209069309094453
0.06240246448003061 0.8463066182156198
0.021674273898524804 0.8801402311142138
0.005410397847027519 0.9220781509308621
0.0030462737900481436 0.971835310971376
0.0030000363897458968 1.0293347848542758
0.003000000000320556 1.0952711232502534
0.003 1.1708489118432694
0.003 1.25709768572234
0.003 1.3545068503824784
0.003 1.4631353462263283
0.003 1.582879254542853
0.003 1.7135932919107901
0.003 1.8551298216341219
0.003 2.0073515339242705
0.003 2.1701364947166333
0.003 2.343379708148316
0.003 2.526992750459906
0.003 2.720902395055758
0.003 2.925048794943109
0.003 3.1393835743531167
0.003 3.3638680108973156
0.003 3.598471413301632
0.003 3.8431697202969497
0.003 4.097944340336421
0.003 4.362781201435444
0.003 4.637670022986958
0.003 4.922603736448197
0.003 5.2175781762426245
0.003 5.3225289795729225
0.003 5.027551827721872
0.003 4.742610985440398
0.003 4.46771002677122
0.003 4.2028550014357515
0.003 3.9480546688493146
0.003 3.7033209498877184
0.003 3.468669482473137
0.003 3.2441203321434986
0.003 3.0296988363096222
0.003 2.8254365848528082
0.003 2.6313725001245825
0.003 2.447553955447636
0.003 2.2740378119129505
0.003 2.1108911680966145
0.003 1.9581914975645947
0.003 1.8160256607680798
0.003 1.6844870458671497
0.003 1.5636697199070926
0.003 1.4536578672259128
0.003 1.3545068503824746
0.003 1.2662055747444723
0.003 1.1886077740038783
0.0030000000000008856 1.121335650109462
0.003000000085674354 1.0637464413848339
0.003000187097553949 1.0151469529482635
0.0030223601289789733 0.9749356267456893
0.0033996009621554014 0.9427465486943749
0.004924845542783429 0.9187683053083476
0.006756418246385025 0.9037841386749494
0.007405764251936467 0.8986694717894721
0.006756418246387681 0.9037841386749509
0.004924845542783429 0.91876830530835
0.0033996009621554014 0.9427465486943768
0.0030223601289789733 0.974935626745692
0.003000187097553949 1.0151469529482668
0.003000000085674354 1.063746441384839
0.0030000000000008856 1.1213356501094678
0.003 1.1886077740038838
0.003 1.2662055747444758
0.003 1.3545068503824784
0.003 1.453657867225917
0.003 1.5636697199070955
0.003 1.6844870458671524
0.003 1.8160256607680816
0.003 1.958191497564596
0.003 2.110891168096616
0.003 2.2740378119129514
0.003 2.4475539554476375
0.003 2.631372500124583
0.003 2.8254365848528082
0.003 3.0296988363096227
0.003 3.2441203321434986
0.003 3.4686694824731372
0.003 3.7033209498877184
0.003 3.9480546688493137
0.003 4.202855001435751
0.003 4.467710026771218
0.003 4.742610985440397
0.003 5.0275518277218705
0.003 5.322528979572921
0.003 5.43748045217981
0.003 5.142500685828737
0.003 4.857552985992906
0.003 4.582640379554371
0.003 4.317767977132661
0.003 4.062943143218071
0.003 3.8181758400186068
0.003 3.5834790380899273
0.003 3.3588692311435047
0.003 3.1443670259051726
0.003 2.939997796628095
0.003 2.745792356427523
0.003 2.5617875759891735
0.003 2.388026829157626
0.003 2.224560079341621
0.003 2.071443331999294
0.003 1.9287370541509332
0.003 1.7965030247860634
0.003 1.6747989066465097
0.003 1.5636697199070924
0.003 1.4631353462263257
0.003 1.3731735364253435
0.003 1.2936984712795048
0.003 1.2245379797579963
0.003 1.1654248662189532
0.003000000000001771 1.115979443875012
0.0030000000045905043 1.075666129572129
0.0030000007562571936 1.0440111721505783
0.0030000134584570928 1.0209555605045804
0.003000050738197574 1.0068474763659216
0.0030000733016434674 1.0020910626170374
0.003000050738197574 1.0068474763659223
0.0030000134584570928 1.020955560504582
0.0030000007562571936 1.04401117215058
0.0030000000045905043 1.0756661295721308
0.003000000000001771 1.1159794438750141
0.003 1.165424866218957
0.003 1.2245379797580005
0.003 1.2936984712795077
0.003 1.3731735364253461
0.003 1.4631353462263283
0.003 1.5636697199070955
0.003 1.6747989066465114
0.003 1.7965030247860652
0.003 1.9287370541509345
0.003 2.071443331999296
0.003 2.2245600793416216
0.003 2.3880268291576274
0.003 2.5617875759891744
0.003 2.7457923564275233
0.003 2.939997796628095
0.003 3.1443670259051726
0.003 3.3588692311435047
0.003 3.5834790380899273
0.003 3.8181758400186063
0.003 4.062943143218069
0.003 4.31776797713266
0.003 4.58264037955437
0.003 4.857552985992904
0.003 5.142500685828737
0.003 5.437480452179811
0.003 5.562433349570681
0.003 5.267451107613339
0.003 4.982496928937563
0.003 4.707573345227343
0.003 4.442684620123619
0.003 4.187836867176508
0.003 3.943038304888559
0.003 3.708299550227092
0.003 3.4836339786198205
0.003 3.2690581175962157
0.003 3.064592058384857
0.003 2.8702598348975927
0.003 2.6860897047934498
0.003 2.5121142246194754
0.003 2.348369968224486
0.003 2.194896675793374
0.003 2.0517355538723248
0.003 1.9189263801522098
0.003 1.7965030247860634
0.003 1.6844870458671497
0.003 1.58287925454285
0.003 1.491649761307774
0.003 1.4107280858290967
0.003 1.3399962975829895
0.003 1.2792862017585238
0.003 1.2283670103819944
0.003 1.1869411674441281
0.003 1.1547398667148907
0.003 1.131656183311809
0.003 1.1177426651889573
0.003 1.1130918981050122
0.003 1.1177426651889582
0.003 1.1316561833118097
0.003 1.154739866714892
0.003 1.1869411674441293
0.003 1.2283670103819968
0.003 1.2792862017585265
0.003 1.3399962975829918
0.003 1.4107280858290991
0.003 1.4916497613077762
0.003 1.5828792545428525
0.003 1.6844870458671521
0.003 1.7965030247860652
0.003 1.9189263801522118
0.003 2.0517355538723256
0.003 2.194896675793375
0.003 2.348369968224487
0.003 2.512114224619476
0.003 2.68608970479345
0.003 2.8702598348975936
0.003 3.0645920583848576
0.003 3.2690581175962152
0.003 3.4836339786198205
0.003 3.708299550227092
0.003 3.9430383048885593
0.003 4.187836867176508
0.003 4.44268462012362
0.003 4.707573345227344
0.003 4.982496928937563
0.003 5.26745110761334
0.003 5.562433349570683
0.003 5.6973882975524415
0.003 5.402403749615213
0.003 5.117443549667308
0.003 4.842509790066496
0.003 4.577605985635341
0.003 4.322737150601045
0.003 4.077909982578495
0.003 3.8431330647596926
0.003 3.6184171074202354
0.003 3.4037751962313147
0.003 3.199223030238437
0.003 3.0047791026773316
0.003 2.8204647683905444
0.003 2.646304109584643
0.003 2.4823234856769845
0.003 2.328550615454547
0.003 2.185013009859097
0.003 2.0517355538723248
0.003 1.9287370541509332
0.003 1.8160256607680798
0.003 1.7135932919107884
0.003 1.6214095931333457
0.003 1.5394164941799067
0.003 1.4675248291224259
0.003 1.4056132743181102
0.003 1.3535289512918758
0.003 1.3110991831543726
0.003 1.2781731106929786
0.003 1.2546656905115607
0.003 1.2405562111498907
0.003 1.2358514134910867
0.003 1.2405562111498913
0.003 1.2546656905115612
0.003 1.2781731106929792
0.003 1.3110991831543743
0.003 1.3535289512918778
0.003 1.4056132743181118
0.003 1.4675248291224279
0.003 1.5394164941799093
0.003 1.6214095931333479
0.003 1.71359329191079
0.003 1.8160256607680816
0.003 1.9287370541509343
0.003 2.0517355538723256
0.003 2.185013009859098
0.003 2.3285506154545477
0.003 2.4823234856769854
0.003 2.6463041095846433
0.003 2.8204647683905453
0.003 3.0047791026773325
0.003 3.1992230302384375
0.003 3.403775196231315
0.003 3.6184171074202354
0.003 3.8431330647596935
0.003 4.077909982578495
0.003 4.322737150601045
0.003 4.577605985635341
0.003 4.842509790066497
0.003 5.117443549667309
0.003 5.402403749615215
0.003 5.697388297552442
0.003 5.842345788320228
0.003 5.547359124544685
0.003 5.262393412430692
0.003 4.987450361634147
0.003 4.722532836970416
0.003 4.467644904248481
0.003 4.222791959071459
0.003 3.987980860041273
0.003 3.7632200827213484
0.003 3.5485198643592226
0.003 3.34389232344761
0.003 3.1493515138608807
0.003 2.964913368503876
0.003 2.7905954646212043
0.003 2.626416529343575
0.003 2.472395583669984
0.003 2.3285506154545463
0.003 2.194896675793374
0.003 2.071443331999294
0.003 1.9581914975645944
0.003 1.85512982163412
0.003 1.7622310553916443
0.003 1.679449077353676
0.003 1.6067173524984915
0.003 1.5439496056639852
0.003 1.4910434969229978
0.003 1.4478911233509868
0.003 1.4143984320835143
0.003 1.3905024135399966
0.003 1.3761719933214325
0.003 1.3713960085085173
0.003 1.376171993321433
0.003 1.390502413539997
0.003 1.414398432083515
0.003 1.4478911233509877
0.003 1.491043496922999
0.003 1.5439496056639868
0.003 1.606717352498493
0.003 1.679449077353678
0.003 1.7622310553916452
0.003 1.8551298216341214
0.003 1.958191497564596
0.003 2.0714433319992955
0.003 2.194896675793375
0.003 2.3285506154545477
0.003 2.472395583669984
0.003 2.6264165293435755
0.003 2.7905954646212052
0.003 2.964913368503877
0.003 3.149351513860881
0.003 3.3438923234476094
0.003 3.548519864359223
0.003 3.7632200827213484
0.003 3.9879808600412736
0.003 4.2227919590714595
0.003 4.4676449042484805
0.003 4.722532836970415
0.003 4.9874503616341475
0.003 5.262393412430693
0.003 5.5473591245446885
0.003 5.84234578832023
0.003 5.997306183694736
0.003 5.702317605448376
0.003 5.417346917171348
0.003 5.1423955007244455
0.003 4.877465666112843
0.003 4.622560674651292
0.003 4.377684826105123
0.003 4.14284354149018
0.003 3.9180434545832603
0.003 3.7032924858637997
0.003 3.498599885409136
0.003 3.303976212020102
0.003 3.119433214320739
0.003 2.9449835642842537
0.003 2.7806403879969186
0.003 2.6264165293435755
0.003 2.482323485676985
0.003 2.348369968224486
0.003 2.224560079341621
0.003 2.110891168096614
0.003 2.0073515339242696
0.003 1.9139182846663234
0.003 1.8305557868226512
0.003 1.7572152584757519
0.003 1.6938359687803137
0.003 1.6403489038235655
0.003 1.5966836562360662
0.003 1.5627781225657085
0.003 1.5385864534385405
0.003 1.5240806248240046
0.003 1.519246712093634
0.003 1.524080624824005
0.003 1.5385864534385412
0.003 1.5627781225657096
0.003 1.596683656236067
0.003 1.6403489038235657
0.003 1.6938359687803144
0.003 1.7572152584757532
0.003 1.8305557868226523
0.003 1.913918284666325
0.003 2.00735153392427
0.003 2.110891168096615
0.003 2.2245600793416216
0.003 2.3483699682244867
0.003 2.4823234856769854
0.003 2.6264165293435755
0.003 2.780640387996919
0.003 2.944983564284254
0.003 3.1194332143207406
0.003 3.303976212020102
0.003 3.4985998854091362
0.003 3.7032924858637997
0.003 3.91804345458326
0.003 4.14284354149018
0.003 4.377684826105123
0.003 4.622560674651292
0.003 4.877465666112843
0.003 5.142395500724445
0.003 5.4173469171713515
0.003 5.7023176054483775
0.003 5.997306183694738
0.003 6.162269724081485
0.003 5.867279435951301
0.003 5.582304313372618
0.003 5.307345461790207
0.003 5.04240472495943
0.003 4.787484692311621
0.003 4.542588755545003
0.003 4.307721155835874
0.003 4.082887032482256
0.003 3.868092450729748
0.003 3.6633443982472293
0.003 3.468650724635041
0.003 3.2840199992165764
0.003 3.109461252277368
0.003 2.9449835642842532
0.003 2.790595464621205
0.003 2.6463041095846433
0.003 2.5121142246194754
0.003 2.3880268291576257
0.003 2.2740378119129505
0.003 2.1701364947166324
0.003 2.0763044017491152
0.003 1.9925145265982533
0.003 1.9187314072768569
0.003 1.854912411941076
0.003 1.8010104201713923
0.003 1.7569781719344952
0.003 1.7227734633277763
0.003 1.698363302921904
0.003 1.683725416875128
0.003 1.6788474272952472
0.003 1.6837254168751281
0.003 1.6983633029219043
0.003 1.7227734633277763
0.003 1.7569781719344957
0.003 1.8010104201713932
0.003 1.8549124119410771
0.003 1.9187314072768575
0.003 1.9925145265982542
0.003 2.076304401749116
0.003 2.1701364947166333
0.003 2.274037811912951
0.003 2.388026829157627
0.003 2.5121142246194754
0.003 2.6463041095846433
0.003 2.7905954646212052
0.003 2.944983564284254
0.003 3.109461252277369
0.003 3.284019999216577
0.003 3.4686507246350415
0.003 3.6633443982472293
0.003 3.8680924507297485
0.003 4.082887032482256
0.003 4.307721155835875
0.003 4.542588755545004
0.003 4.787484692311621
0.003 5.042404724959429
0.003 5.307345461790205
0.003 5.582304313372619
0.003 5.867279435951305
0.003 6.162269724081487
0.003 6.337236541693201
0.003 6.042244744958444
0.003 5.757265718817906
0.003 5.482300338984089
0.003 5.217350062979798
0.003 4.962416927098392
0.003 4.7175035812315755
0.003 4.482613311918777
0.003 4.257750062803921
0.003 4.0429184342098665
0.003 3.8381236540719192
0.003 3.6433715008530547
0.003 3.458668161263954
0.003 3.284019999216577
0.003 3.1194332143207397
0.003 2.9649133685038764
0.003 2.820464768390545
0.003 2.6860897047934498
0.003 2.5617875759891735
0.003 2.447553955447636
0.003 2.3433797081483148
0.003 2.249250304084233
0.003 2.1651455118843694
0.003 2.0910396881861364
0.003 2.0269027886600393
0.003 1.9727023053239527
0.003 1.9284059152653248
0.003 1.893984450751249
0.003 1.8694143316666707
0.003 1.8546787953722024
0.003 1.849768020564184
0.003 1.8546787953722026
0.003 1.8694143316666707
0.003 1.893984450751249
0.003 1.9284059152653255
0.003 1.972702305323953
0.003 2.02690278866004
0.003 2.0910396881861373
0.003 2.1651455118843703
0.003 2.2492503040842333
0.003 2.343379708148316
0.003 2.4475539554476375
0.003 2.561787575989174
0.003 2.68608970479345
0.003 2.8204647683905453
0.003 2.9649133685038764
0.003 3.1194332143207406
0.003 3.284019999216577
0.003 3.458668161263954
0.003 3.6433715008530547
0.003 3.8381236540719197
0.003 4.0429184342098665
0.003 4.257750062803921
0.003 4.482613311918777
0.003 4.717503581231576
0.003 4.962416927098392
0.003 5.217350062979797
0.003 5.4823003389840865
0.003 5.757265718817903
0.003 6.042244744958443
0.003 6.337236541693201
0.003 6.5222066764487945
0.003 6.227213564080661
0.003 5.942231141149794
0.003 5.6672600950012955
0.003 5.402301567462796
0.003 5.1473571454585105
0.003 4.902428880823867
0.003 4.667519297678047
0.003 4.4426313953354555
0.003 4.227768632010751
0.003 4.022934883985973
0.003 3.828134365909579
0.003 3.6433715008530543
0.003 3.4686507246350406
0.003 3.3039762120201015
0.003 3.1493515138608807
0.003 3.0047791026773316
0.003 2.8702598348975923
0.003 2.7457923564275224
0.003 2.6313725001245816
0.003 2.526992750459906
0.003 2.432641874565643
0.003 2.3483048370003754
0.003 2.2739630984231423
0.003 2.209595427174282
0.003 2.155179158846707
0.003 2.1106918971809643
0.003 2.076113304043087
0.003 2.0514266008220967
0.003 2.0366195092442285
0.003 2.0316846323316584
0.003 2.0366195092442285
0.003 2.0514266008220967
0.003 2.0761133040430875
0.003 2.1106918971809643
0.003 2.155179158846707
0.003 2.2095954271742824
0.003 2.273963098423143
0.003 2.3483048370003763
0.003 2.4326418745656433
0.003 2.526992750459906
0.003 2.6313725001245825
0.003 2.7457923564275233
0.003 2.870259834897593
0.003 3.004779102677332
0.003 3.1493515138608807
0.003 3.303976212020102
0.003 3.4686507246350415
0.003 3.6433715008530547
0.003 3.8281343659095795
0.003 4.022934883985972
0.003 4.22776863201075
0.003 4.4426313953354555
0.003 4.667519297678048
0.003 4.902428880823868
0.003 5.1473571454585105
0.003 5.402301567462795
0.003 5.667260095001294
0.003 5.942231141149793
0.003 6.22721356408066
0.003 6.522206676448794
0.003 6.717180093273022
0.003 6.422185846401005
0.003 6.137200500552846
0.003 5.86222459057669
0.003 5.59725900347359
0.003 5.342304965605645
0.003 5.097364052509502
0.003 4.8624381866957105
0.003 4.637529630422157
0.003 4.422640961769818
0.003 4.217775030591611
0.003 4.022934883985972
0.003 3.8381236540719184
0.003 3.663344398247229
0.003 3.4985998854091354
0.003 3.34389232344761
0.003 3.199223030238437
0.003 3.0645920583848567
0.003 2.9399977966280946
0.003 2.8254365848528074
0.003 2.7209023950557576
0.003 2.6263866427592424
0.003 2.5418781976401323
0.003 2.4673636673458716
0.003 2.402827957016557
0.003 2.348255161690968
0.003 2.3036296270669863
0.003 2.268937076874076
0.003 2.2441655973393555
0.003 2.229306327782825
0.003 2.22435384500064
0.003 2.2293063277828256
0.003 2.2441655973393564
0.003 2.268937076874076
0.003 2.3036296270669867
0.003 2.3482551616909686
0.003 2.402827957016557
0.003 2.467363667345872
0.003 2.5418781976401332
0.003 2.626386642759243
0.003 2.7209023950557585
0.003 2.8254365848528082
0.003 2.9399977966280955
0.003 3.064592058384857
0.003 3.1992230302384375
0.003 3.3438923234476094
0.003 3.498599885409136
0.003 3.6633443982472293
0.003 3.8381236540719197
0.003 4.022934883985972
0.003 4.217775030591611
0.003 4.422640961769816
0.003 4.637529630422157
0.003 4.862438186695711
0.003 5.097364052509501
0.003 5.342304965605643
0.003 5.59725900347359
0.003 5.86222459057669
0.003 6.137200500552843
0.003 6.422185846401003
0.003 6.7171800932730195
0.003 6.922156699529939
0.003 6.6271614852321745
0.003 6.34217365201138
0.003 6.067193612744958
0.003 5.802222051176567
0.003 5.547259907740741
0.003 5.302308382996766
0.003 5.067368930068922
0.003 4.842443242251622
0.003 4.6275332266343465
0.003 4.422640961769817
0.003 4.22776863201075
0.003 4.042918434209866
0.003 3.868092450729748
0.003 3.7032924858637988
0.003 3.5485198643592217
0.003 3.4037751962313143
0.003 3.2690581175962152
0.003 3.144367025905172
0.003 3.029698836309622
0.003 2.9250487949431077
0.003 2.83041039041546
0.003 2.745775406746301
0.003 2.671134142338749
0.003 2.6064758392668703
0.003 2.551789250837339
0.003 2.507063359928211
0.003 2.4722881080080006
0.003 2.4474550433333935
0.003 2.4325578198483027
0.003 2.4275925196365264
0.003 2.432557819848303
0.003 2.4474550433333935
0.003 2.4722881080080006
0.003 2.507063359928211
0.003 2.5517892508373397
0.003 2.6064758392668703
0.003 2.6711341423387496
0.003 2.745775406746301
0.003 2.8304103904154605
0.003 2.9250487949431085
0.003 3.0296988363096227
0.003 3.1443670259051726
0.003 3.2690581175962152
0.003 3.403775196231315
0.003 3.548519864359222
0.003 3.7032924858637997
0.003 3.8680924507297485
0.003 4.0429184342098665
0.003 4.22776863201075
0.003 4.422640961769816
0.003 4.6275332266343465
0.003 4.842443242251621
0.003 5.067368930068922
0.003 5.302308382996765
0.003 5.547259907740739
0.003 5.802222051176567
0.003 6.067193612744957
0.003 6.342173652011377
0.003 6.62716148523217
0.003 6.9221566995299355
0.003 7.137136361843603
0.003 6.842140332079456
0.003 6.557150406256036
0.003 6.282166900843198
0.003 6.017190339327865
0.003 5.762221437973264
0.003 5.5172611053965595
0.003 5.282310432450535
0.003 5.057370677821608
0.003 4.842443242251621
0.003 4.637529630422157
0.003 4.442631395335455
0.003 4.25775006280392
0.003 4.0828870324822555
0.003 3.918043454583259
0.003 3.763220082721348
0.003 3.6184171074202354
0.003 3.4836339786198196
0.003 3.3588692311435047
0.003 3.2441203321434973
0.003 3.1393835743531158
0.003 3.0446540411072887
0.003 2.959925666955833
0.003 2.8851914192206296
0.003 2.820443581041962
0.003 2.76567416773343
0.003 2.7208753843537106
0.003 2.6860401109525602
0.003 2.661162347228742
0.003 2.646237565437929
0.003 2.641262955405239
0.003 2.646237565437929
0.003 2.661162347228742
0.003 2.6860401109525602
0.003 2.7208753843537106
0.003 2.7656741677334304
0.003 2.8204435810419626
0.003 2.8851914192206305
0.003 2.9599256669558334
0.003 3.0446540411072895
0.003 3.139383574353116
0.003 3.2441203321434977
0.003 3.3588692311435047
0.003 3.48363397861982
0.003 3.618417107420235
0.003 3.763220082721348
0.003 3.9180434545832594
0.003 4.082887032482256
0.003 4.257750062803921
0.003 4.442631395335455
0.003 4.637529630422157
0.003 4.842443242251621
0.003 5.057370677821608
0.003 5.282310432450536
0.003 5.517261105396558
0.003 5.762221437973262
0.003 6.017190339327863
0.003 6.282166900843196
0.003 6.557150406256032
0.003 6.84214033207945
0.003 7.137136361843598
0.003 7.362118921479704
0.003 7.067122212958098
0.003 6.7821305485025745
0.003 6.507144169290195
0.003 6.242163473933933
0.003 5.987189004956917
0.003 5.7422214462187755
0.003 5.507261611992612
0.003 5.282310432450535
0.003 5.0673689300689215
0.003 4.8624381866957105
0.003 4.667519297678047
0.003 4.482613311918776
0.003 4.307721155835874
0.003 4.14284354149018
0.003 3.9879808600412736
0.003 3.843133064759693
0.003 3.708299550227091
0.003 3.583479038089926
0.003 3.468669482473136
0.003 3.363868010897315
0.003 3.26907091697137
0.003 3.1842737202175266
0.003 3.109471295920344
0.003 3.0446580955386016
0.003 2.9898284083914066
0.003 2.944976687807472
0.003 2.9100978764527605
0.003 2.885187705526798
0.003 2.8702429449703417
0.003 2.8652615853420844
0.003 2.8702429449703417
0.003 2.8851877055267985
0.003 2.910097876452761
0.003 2.944976687807472
0.003 2.989828408391408
0.003 3.044658095538602
0.003 3.1094712959203448
0.003 3.1842737202175275
0.003 3.269070916971371
0.003 3.363868010897315
0.003 3.468669482473136
0.003 3.5834790380899264
0.003 3.7082995502270917
0.003 3.843133064759693
0.003 3.987980860041273
0.003 4.14284354149018
0.003 4.307721155835874
0.003 4.482613311918777
0.003 4.667519297678047
0.003 4.862438186695711
0.003 5.0673689300689215
0.003 5.282310432450536
0.003 5.50726161199261
0.003 5.742221446218774
0.003 5.987189004956915
0.003 6.24216347393393
0.003 6.507144169290188
0.003 6.782130548502571
0.003 7.067122212958092
0.003 7.3621189214796985
0.003 7.5971042081510385
0.003 7.302106942941357
0.003 7.017113854894831
0.003 6.74212512714981
0.003 6.477141062252676
0.003 6.222162069746936
0.003 5.977188662544193
0.003 5.7422214462187755
0.003 5.517261105396559
0.003 5.302308382996765
0.003 5.097364052509501
0.003 4.902428880823866
0.003 4.717503581231575
0.003 4.542588755545002
0.003 4.377684826105122
0.003 4.2227919590714595
0.003 4.077909982578493
0.003 3.943038304888557
0.003 3.818175840018605
0.003 3.7033209498877175
0.003 3.598471413301631
0.003 3.5036244318289995
0.003 3.4187766803933632
0.003 3.3439244122537892
0.003 3.279063600953942
0.003 3.224190142359423
0.003 3.1793000640142783
0.003 3.1443897491084085
0.003 3.1194561467745885
0.003 3.1044969468401242
0.003 3.099510709773137
0.003 3.1044969468401242
0.003 3.119456146774589
0.003 3.1443897491084085
0.003 3.179300064014279
0.003 3.2241901423594235
0.003 3.2790636009539433
0.003 3.3439244122537897
0.003 3.4187766803933637
0.003 3.5036244318290004
0.003 3.5984714133016316
0.003 3.7033209498877175
0.003 3.8181758400186045
0.003 3.943038304888557
0.003 4.077909982578494
0.003 4.222791959071459
0.003 4.377684826105122
0.003 4.542588755545002
0.003 4.7175035812315755
0.003 4.902428880823866
0.003 5.0973640525095005
0.003 5.302308382996765
0.003 5.517261105396558
0.003 5.742221446218774
0.003 5.977188662544192
0.003 6.222162069746934
0.003 6.477141062252673
0.003 6.742125127149803
0.003 7.017113854894828
0.003 7.302106942941347
0.003 7.597104208151026
0.003 7.842092051695857
0.003 7.547094338392238
0.003 7.262100106133731
0.003 6.987109494015571
0.003 6.72212273180935
0.003 6.467140128795396
0.003 6.222162069746936
0.003 5.987189004956916
0.003 5.762221437973263
0.003 5.54725990774074
0.003 5.342304965605643
0.003 5.14735714545851
0.003 4.96241692709839
0.003 4.78748469231162
0.003 4.622560674651291
0.003 4.467644904248479
0.003 4.322737150601043
0.003 4.187836867176507
0.003 4.062943143218068
0.003 3.948054668849313
0.003 3.8431697202969493
0.003 3.7482861714972024
0.003 3.6634015375461124
0.003 3.5885130480226537
0.003 3.523617761982277
0.003 3.468712693575189
0.003 3.4237949690754195
0.003 3.388861980724307
0.003 3.363911530147895
0.003 3.3489419525731767
0.003 3.343952210796534
0.003 3.348941952573177
0.003 3.363911530147895
0.003 3.3888619807243074
0.003 3.4237949690754204
0.003 3.4687126935751897
0.003 3.523617761982278
0.003 3.588513048022654
0.003 3.6634015375461133
0.003 3.748286171497203
0.003 3.8431697202969493
0.003 3.9480546688493128
0.003 4.062943143218068
0.003 4.187836867176507
0.003 4.322737150601043
0.003 4.467644904248479
0.003 4.62256067465129
0.003 4.78748469231162
0.003 4.962416927098392
0.003 5.14735714545851
0.003 5.342304965605642
0.003 5.547259907740738
0.003 5.762221437973262
0.003 5.987189004956915
0.003 6.222162069746934
0.003 6.467140128795394
0.003 6.7221227318093435
0.003 6.987109494015565
0.003 7.262100106133728
0.003 7.547094338392229
0.003 7.842092051695845
0.003 8.097082292112404
0.003 7.802084227408003
0.003 7.517089098937683
0.003 7.242097013081084
0.003 6.9771081456290975
0.003 6.722122731809349
0.003 6.477141062252675
0.003 6.242163473933931
0.003 6.017190339327864
0.003 5.8022220511765665
0.003 5.597259003473588
0.003 5.402301567462795
0.003 5.217350062979794
0.003 5.042404724959427
0.003 4.8774656661128395
0.003 4.722532836970412
0.003 4.577605985635339
0.003 4.442684620123616
0.003 4.317767977132658
0.003 4.202855001435749
0.003 4.09794434033642
0.003 4.00303435704514
0.003 3.918123165425807
0.003 3.843208690266775
0.003 3.778288741217092
0.003 3.7233611160571662
0.003 3.6784237027427036
0.003 3.6434745892103546
0.003 3.6185121673296057
0.003 3.603535220564548
0.003 3.598542990793909
0.003 3.6035352205645483
0.003 3.618512167329606
0.003 3.643474589210355
0.003 3.6784237027427045
0.003 3.7233611160571667
0.003 3.7782887412170925
0.003 3.8432086902667755
0.003 3.918123165425807
0.003 4.0030343570451405
0.003 4.0979443403364195
0.003 4.202855001435749
0.003 4.317767977132658
0.003 4.442684620123616
0.003 4.577605985635339
0.003 4.722532836970412
0.003 4.87746566611284
0.003 5.042404724959427
0.003 5.217350062979796
0.003 5.402301567462795
0.003 5.597259003473588
0.003 5.8022220511765665
0.003 6.017190339327862
0.003 6.24216347393393
0.003 6.477141062252673
0.003 6.722122731809344
0.003 6.977108145629095
0.003 7.24209701308108
0.003 7.517089098937678
0.003 7.802084227407997
0.003 8.097082292112395
0.003 8.362074787218571
0.003 8.067076457746637
0.003 7.7820806546180785
0.003 7.507087460710783
0.003 7.242097013081083
0.003 6.987109494015569
0.003 6.742125127149808
0.003 6.507144169290192
0.003 6.282166900843197
0.003 6.067193612744955
0.003 5.862224590576687
0.003 5.667260095001293
0.003 5.482300338984085
0.003 5.307345461790204
0.003 5.142395500724442
0.003 4.987450361634143
0.003 4.842509790066495
0.003 4.707573345227341
0.003 4.582640379554368
0.003 4.467710026771216
0.003 4.362781201435443
0.003 4.267852612434564
0.003 4.18292279241994
0.003 4.1079901410003945
0.003 4.043052988282448
0.003 3.9881096606346333
0.003 3.9431585624277963
0.003 3.9081982549416274
0.003 3.883227530008084
0.003 3.8682454746104624
0.003 3.863251520456308
0.003 3.868245474610463
0.003 3.883227530008084
0.003 3.9081982549416274
0.003 3.9431585624277976
0.003 3.988109660634635
0.003 4.04305298828245
0.003 4.107990141000396
0.003 4.182922792419942
0.003 4.267852612434564
0.003 4.3627812014354435
0.003 4.467710026771217
0.003 4.582640379554368
0.003 4.70757334522734
0.003 4.842509790066494
0.003 4.987450361634144
0.003 5.142395500724443
0.003 5.307345461790204
0.003 5.482300338984086
0.003 5.667260095001293
0.003 5.8622245905766865
0.003 6.067193612744956
0.003 6.282166900843194
0.003 6.507144169290189
0.003 6.742125127149804
0.003 6.987109494015565
0.003 7.24209701308108
0.003 7.507087460710779
0.003 7.782080654618077
0.003 8.06707645774663
0.003 8.362074787218566
0.003 8.637069419432274
0.003 8.342070903808128
0.003 8.057074626539373
0.003 7.7820806546180785
0.003 7.5170890989376815
0.003 7.2621001061337305
0.003 7.017113854894829
0.003 6.782130548502571
0.003 6.557150406256033
0.003 6.342173652011377
0.003 6.137200500552842
0.003 5.942231141149789
0.003 5.757265718817901
0.003 5.582304313372617
0.003 5.417346917171346
0.003 5.262393412430689
0.003 5.117443549667304
0.003 4.982496928937561
0.003 4.857552985992902
0.003 4.742610985440395
0.003 4.637670022986956
0.003 4.542729038353029
0.003 4.457786839670884
0.003 4.382842141058779
0.003 4.3178936067091716
0.003 4.262939909288452
0.003 4.217979787283476
0.003 4.1830121062172445
0.003 4.158035916029744
0.003 4.143050499846315
0.003 4.138055411581909
0.003 4.143050499846315
0.003 4.158035916029745
0.003 4.183012106217246
0.003 4.217979787283478
0.003 4.262939909288453
0.003 4.3178936067091716
0.003 4.382842141058782
0.003 4.457786839670884
0.003 4.5427290383530305
0.003 4.637670022986958
0.003 4.742610985440394
0.003 4.8575529859929025
0.003 4.982496928937561
0.003 5.117443549667306
0.003 5.262393412430687
0.003 5.417346917171345
0.003 5.5823043133726165
0.003 5.757265718817902
0.003 5.942231141149788
0.003 6.137200500552842
0.003 6.342173652011377
0.003 6.5571504062560315
0.003 6.782130548502571
0.003 7.017113854894829
0.003 7.262100106133728
0.003 7.517089098937679
0.003 7.782080654618077
0.003 8.057074626539368
0.003 8.342070903808127
0.003 8.637069419432269
0.003 8.922066099236078
0.003 8.627067470170024
0.003 8.342070903808127
0.003 8.067076457746635
0.003 7.8020842274080024
0.003 7.547094338392238
0.003 7.302106942941353
0.003 7.067122212958093
0.003 6.842140332079451
0.003 6.627161485232169
0.003 6.422185846401001
0.003 6.227213564080654
0.003 6.042244744958436
0.003 5.867279435951296
0.003 5.702317605448372
0.003 5.547359124544685
0.003 5.40240374961521
0.003 5.2674511076133355
0.003 5.142500685828734
0.003 5.027551827721869
0.003 4.922603736448194
0.003 4.8276554871912705
0.003 4.742706049174355
0.003 4.667754316299295
0.003 4.602799148728833
0.003 4.547839415529864
0.003 4.502874045958952
0.003 4.467902080627735
0.003 4.442922717021095
0.003 4.427935350026669
0.003 4.422939603553108
0.003 4.42793535002667
0.003 4.442922717021095
0.003 4.467902080627736
0.003 4.5028740459589525
0.003 4.54783941552987
0.003 4.602799148728835
0.003 4.667754316299299
0.003 4.742706049174357
0.003 4.8276554871912705
0.003 4.922603736448194
0.003 5.027551827721869
0.003 5.142500685828733
0.003 5.267451107613332
0.003 5.402403749615208
0.003 5.547359124544684
0.003 5.702317605448375
0.003 5.867279435951299
0.003 6.042244744958437
0.003 6.227213564080657
0.003 6.422185846401
0.003 6.627161485232169
0.003 6.842140332079451
0.003 7.067122212958092
0.003 7.302106942941349
0.003 7.547094338392231
0.003 7.802084227407998
0.003 8.067076457746632
0.003 8.342070903808127
0.003 8.627067470170017
0.003 8.922066099236073
0.003 9.217064772617382
0.003 8.922066099236076
0.003 8.637069419432272
0.003 8.362074787218567
0.003 8.097082292112404
0.003 7.842092051695856
0.003 7.597104208151033
0.003 7.3621189214797
0.003 7.137136361843597
0.003 6.922156699529934
0.003 6.717180093273016
0.003 6.522206676448787
0.003 6.337236541693193
0.003 6.1622697240814786
0.003 5.997306183694731
0.003 5.842345788320228
0.003 5.697388297552439
0.003 5.562433349570679
0.003 5.437480452179807
0.003 5.322528979572918
0.003 5.217578176242626
0.003 5.122627168972608
0.003 5.037674987525542
0.003 4.962720594341024
0.003 4.897762921489645
0.003 4.8428009121665205
0.003 4.79783356637486
0.003 4.762859989161016
0.003 4.737879432493177
0.003 4.7228913325079915
0.003 4.71789533879132
0.003 4.7228913325079915
0.003 4.737879432493177
0.003 4.762859989161017
0.003 4.79783356637486
0.003 4.842800912166524
0.003 4.897762921489651
0.003 4.962720594341029
0.003 5.037674987525544
0.003 5.122627168972607
0.003 5.217578176242625
0.003 5.322528979572918
0.003 5.4374804521798055
0.003 5.562433349570675
0.003 5.697388297552437
0.003 5.842345788320227
0.003 5.997306183694733
0.003 6.162269724081482
0.003 6.337236541693196
0.003 6.52220667644879
0.003 6.717180093273016
0.003 6.922156699529934
0.003 7.137136361843598
0.003 7.3621189214796985
0.003 7.597104208151028
0.003 7.842092051695847
0.003 8.097082292112397
0.003 8.362074787218566
0.003 8.63706941943227
0.003 8.922066099236075
0.003 9.217064772617377
