0.1 9.256208405841948
0.1 8.961210221192855
0.1 8.676214830595878
0.1 8.401222302782845
0.1 8.136232752590422
0.1 7.881246330482311
0.1 7.636263217672396
0.1 7.401283616692299
0.1 7.176307740839144
0.1 6.96133580047799
0.1 6.756367987281636
0.1 6.561404455795926
0.1 6.376445303154247
0.1 6.201490547171446
0.1 6.03654010398104
0.1 5.881593766228061
0.1 5.736651183505586
0.1 5.601711846670582
0.1 5.476775078044769
0.1 5.3618400292614785
0.1 5.256905688449061
0.1 5.161970897759094
0.1 5.077034381719526
0.1 5.002094785976439
0.1 4.937150725948454
0.1 4.882200838875
0.1 4.83724384220969
0.1 4.802278592602293
0.1 4.777304137643207
0.1 4.762319761310293
0.1 4.7573250193790475
0.1 4.762319761310293
0.1 4.777304137643208
0.1 4.802278592602291
0.1 4.837243842209691
0.1 4.882200838874999
0.1 4.937150725948453
0.1 5.002094785976439
0.1 5.077034381719523
0.1 5.161970897759093
0.1 5.25690568844906
0.1 5.36184002926148
0.1 5.476775078044773
0.1 5.601711846670582
0.1 5.736651183505587
0.1 5.881593766228065
0.1 6.0365401039810465
0.1 6.20149054717145
0.1 6.376445303154248
0.1 6.561404455795928
0.1 6.756367987281636
0.1 6.961335800477989
0.1 7.176307740839143
0.1 7.401283616692302
0.1 7.636263217672398
0.1 7.881246330482313
0.1 8.136232752590423
0.1 8.401222302782847
0.1 8.676214830595876
0.1 8.961210221192838
0.1 9.256208405841926
0.1 8.961210221192855
0.1 8.666212093682597
0.1 8.38121685150612
0.1 8.106224567837097
0.1 7.84123536486067
0.1 7.5862494030067795
0.1 7.341266875960226
0.1 7.106288000943796
0.1 6.881313007795063
0.1 6.666342124715684
0.1 6.46137556177804
0.1 6.266413491525717
0.1 6.081456027490914
0.1 5.906503200850062
0.1 5.741554936420195
0.1 5.586611029065581
0.1 5.4416711223127825
0.1 5.306734690948845
0.1 5.181801029792471
0.1 5.066869250589725
0.1 4.961938288920498
0.1 4.867006922357589
0.1 4.782073800612908
0.1 4.7071374858852675
0.1 4.642196506388036
0.1 4.587249410660715
0.1 4.542294831846429
0.1 4.507331550555874
0.1 4.482358550441187
0.1 4.467375067119445
0.1 4.4623806262648325
0.1 4.467375067119445
0.1 4.482358550441187
0.1 4.5073315505558735
0.1 4.542294831846429
0.1 4.587249410660714
0.1 4.642196506388035
0.1 4.707137485885266
0.1 4.782073800612908
0.1 4.867006922357589
0.1 4.961938288920498
0.1 5.066869250589727
0.1 5.1818010297924735
0.1 5.306734690948844
0.1 5.441671122312785
0.1 5.586611029065584
0.1 5.741554936420201
0.1 5.906503200850065
0.1 6.0814560274909155
0.1 6.266413491525719
0.1 6.461375561778041
0.1 6.666342124715685
0.1 6.881313007795066
0.1 7.106288000943795
0.1 7.341266875960229
0.1 7.5862494030067795
0.1 7.841235364860671
0.1 8.1062245678371
0.1 8.381216851506121
0.1 8.666212093682585
0.1 8.961210221192836
0.1 8.676214830595878
0.1 8.38121685150612
0.1 8.096221993202542
0.1 7.821230340694228
0.1 7.5562420357365125
0.1 7.301257265340945
0.1 7.05627625652574
0.1 6.821299265902437
0.1 6.596326567829669
0.1 6.381358438762065
0.1 6.176395138872331
0.1 5.98143689014208
0.1 5.796483851727191
0.1 5.6215360927879745
0.1 5.456593564070169
0.1 5.301656069454207
0.1 5.1567232395461104
0.1 5.0217945094675205
0.1 4.896869103519843
0.1 4.781946029252307
0.1 4.677024083384574
0.1 4.582101871224482
0.1 4.497177840280824
0.1 4.422250329513356
0.1 4.357317627004007
0.1 4.302378042385753
0.1 4.257429978567091
0.1 4.222472005958516
0.1 4.19750293195934
0.1 4.182521859516362
0.1 4.17752823165113
0.1 4.182521859516362
0.1 4.197502931959339
0.1 4.222472005958516
0.1 4.257429978567091
0.1 4.302378042385753
0.1 4.357317627004008
0.1 4.422250329513354
0.1 4.497177840280823
0.1 4.582101871224483
0.1 4.677024083384575
0.1 4.781946029252307
0.1 4.896869103519842
0.1 5.021794509467522
0.1 5.1567232395461104
0.1 5.301656069454208
0.1 5.45659356407017
0.1 5.621536092787978
0.1 5.796483851727191
0.1 5.9814368901420805
0.1 6.176395138872331
0.1 6.381358438762066
0.1 6.596326567829668
0.1 6.821299265902437
0.1 7.056276256525739
0.1 7.301257265340944
0.1 7.55624203573651
0.1 7.821230340694226
0.1 8.09622199320254
0.1 8.38121685150612
0.1 8.676214830595875
0.1 8.401222302782845
0.1 8.106224567837097
0.1 7.821230340694229
0.1 7.546239726433545
0.1 7.281252900004458
0.1 7.0262700936039755
0.1 6.781291591072248
0.1 6.5463177164132675
0.1 6.321348820510801
0.1 6.106385263235493
0.1 5.901427391998788
0.1 5.706475515686618
0.1 5.521529874733425
0.1 5.346590607438928
0.1 5.18165771393946
0.1 5.026731019267287
0.1 4.881810138044589
0.1 4.746894443604353
0.1 4.621983045098032
0.1 4.507074776083769
0.1 4.402168198108047
0.1 4.3072616220277515
0.1 4.222353148943486
0.1 4.1474407277692285
0.1 4.082522235322081
0.1 4.027595560027441
0.1 3.9826587013640773
0.1 3.9477098656334784
0.1 3.922747553260666
0.1 3.9077706345141596
0.1 3.902778407593861
0.1 3.9077706345141596
0.1 3.922747553260665
0.1 3.947709865633478
0.1 3.982658701364077
0.1 4.02759556002744
0.1 4.082522235322081
0.1 4.1474407277692285
0.1 4.222353148943486
0.1 4.307261622027752
0.1 4.402168198108047
0.1 4.507074776083771
0.1 4.621983045098033
0.1 4.746894443604354
0.1 4.88181013804459
0.1 5.026731019267288
0.1 5.181657713939462
0.1 5.346590607438929
0.1 5.521529874733425
0.1 5.706475515686618
0.1 5.901427391998789
0.1 6.1063852632354925
0.1 6.321348820510802
0.1 6.5463177164132675
0.1 6.7812915910722475
0.1 7.026270093603972
0.1 7.281252900004455
0.1 7.546239726433544
0.1 7.821230340694226
0.1 8.106224567837096
0.1 8.401222302782843
0.1 8.136232752590425
0.1 7.841235364860671
0.1 7.5562420357365125
0.1 7.281252900004458
0.1 7.01626818177833
0.1 6.761288180382515
0.1 6.5163132643884705
0.1 6.2813438587862
0.1 6.056380429819742
0.1 5.841423464045703
0.1 5.6364734425949745
0.1 5.441530809158877
0.1 5.25659593233262
0.1 5.081669062247722
0.1 4.916750283020491
0.1 4.7618394627384655
0.1 4.6169362041863575
0.1 4.482039800079563
0.1 4.357149197710319
0.1 4.242262978150165
0.1 4.137379355277476
0.1 4.042496198765303
0.1 3.9576110833949385
0.1 3.882721368464701
0.1 3.8178242940159444
0.1 3.7629171072791445
0.1 3.717997187622812
0.1 3.6830621766367466
0.1 3.658110100541495
0.1 3.6431394721281616
0.1 3.6381493671533103
0.1 3.6431394721281616
0.1 3.6581101005414944
0.1 3.683062176636746
0.1 3.7179971876228115
0.1 3.7629171072791445
0.1 3.8178242940159453
0.1 3.882721368464702
0.1 3.9576110833949394
0.1 4.042496198765303
0.1 4.137379355277477
0.1 4.242262978150166
0.1 4.35714919771032
0.1 4.482039800079563
0.1 4.616936204186358
0.1 4.761839462738468
0.1 4.916750283020492
0.1 5.081669062247722
0.1 5.256595932332621
0.1 5.441530809158878
0.1 5.6364734425949745
0.1 5.841423464045703
0.1 6.056380429819741
0.1 6.2813438587862
0.1 6.516313264388471
0.1 6.761288180382513
0.1 7.016268181778329
0.1 7.281252900004454
0.1 7.556242035736509
0.1 7.8412353648606645
0.1 8.136232752590416
0.1 7.8812463304823135
0.1 7.586249403006782
0.1 7.301257265340946
0.1 7.0262700936039755
0.1 6.7612881803825156
0.1 6.506311918839124
0.1 6.2613417965389315
0.1 6.026378381136868
0.1 5.801422303035547
0.1 5.5864742306758
0.1 5.381534839282979
0.1 5.186604770953133
0.1 5.00168458645536
0.1 4.8267747083340415
0.1 4.661875356905303
0.1 4.506986481157042
0.1 4.3621076886293855
0.1 4.227238179381245
0.1 4.102376690968228
0.1 3.9875214619838117
0.1 3.882670222240993
0.1 3.7878202167145902
0.1 3.7029682686812864
0.1 3.6281108786380636
0.1 3.5632443690522555
0.1 3.5083650420287444
0.1 3.4634693672005
0.1 3.428554163730326
0.1 3.4036167652778904
0.1 3.388655160791239
0.1 3.3836681005617373
0.1 3.388655160791239
0.1 3.4036167652778904
0.1 3.4285541637303254
0.1 3.4634693672005006
0.1 3.5083650420287444
0.1 3.5632443690522555
0.1 3.6281108786380636
0.1 3.7029682686812864
0.1 3.787820216714591
0.1 3.8826702222409932
0.1 3.9875214619838117
0.1 4.102376690968228
0.1 4.227238179381246
0.1 4.362107688629386
0.1 4.506986481157043
0.1 4.661875356905305
0.1 4.8267747083340415
0.1 5.001684586455362
0.1 5.186604770953134
0.1 5.38153483928298
0.1 5.586474230675799
0.1 5.8014223030355465
0.1 6.026378381136868
0.1 6.261341796538931
0.1 6.506311918839121
0.1 6.761288180382512
0.1 7.026270093603971
0.1 7.301257265340942
0.1 7.586249403006776
0.1 7.881246330482308
0.1 7.636263217672397
0.1 7.341266875960229
0.1 7.0562762565257415
0.1 6.781291591072248
0.1 6.516313264388471
0.1 6.261341796538932
0.1 6.016377836865135
0.1 5.78142214830518
0.1 5.556475587827798
0.1 5.341539077438147
0.1 5.136613566268686
0.1 4.941699980705429
0.1 4.7567991624197035
0.1 4.581911793274376
0.1 4.4170383085738045
0.1 4.2621788009009025
0.1 4.117332919630703
0.1 3.9824997730444465
0.1 3.857677842785042
0.1 3.7428649219718695
0.1 3.6380580894391996
0.1 3.543253731308693
0.1 3.4584476179051786
0.1 3.383635044791581
0.1 3.3188110173669667
0.1 3.2639704969952437
0.1 3.2191086523038597
0.1 3.1842211184258025
0.1 3.1593042368717135
0.1 3.1443552511316932
0.1 3.1393724493237647
0.1 3.144355251131693
0.1 3.159304236871714
0.1 3.1842211184258025
0.1 3.21910865230386
0.1 3.263970496995244
0.1 3.3188110173669667
0.1 3.383635044791581
0.1 3.458447617905178
0.1 3.543253731308693
0.1 3.6380580894392005
0.1 3.7428649219718704
0.1 3.857677842785043
0.1 3.982499773044447
0.1 4.117332919630704
0.1 4.2621788009009025
0.1 4.4170383085738045
0.1 4.581911793274376
0.1 4.756799162419705
0.1 4.9416999807054305
0.1 5.136613566268687
0.1 5.341539077438145
0.1 5.556475587827798
0.1 5.78142214830518
0.1 6.016377836865133
0.1 6.26134179653893
0.1 6.51631326438847
0.1 6.781291591072245
0.1 7.056276256525735
0.1 7.341266875960224
0.1 7.636263217672393
0.1 7.4012836166923
0.1 7.106288000943797
0.1 6.8212992659024385
0.1 6.5463177164132675
0.1 6.2813438587862
0.1 6.026378381136867
0.1 5.78142214830518
0.1 5.546476185315606
0.1 5.321541655971252
0.1 5.106619829436604
0.1 4.901712034804382
0.1 4.706819599220198
0.1 4.521943768563216
0.1 4.34708560855563
0.1 4.182245887303684
0.1 4.027424941469155
0.1 3.8826225322625643
0.1 3.74783770042476
0.1 3.623068633872569
0.1 3.508312564660263
0.1 3.4035657145102047
0.1 3.3088233078203615
0.1 3.224079668226661
0.1 3.1493283990918064
0.1 3.0845626639305577
0.1 3.029775511801425
0.1 2.9849602624578147
0.1 2.9501108809199863
0.1 2.925222310207373
0.1 2.910290743762957
0.1 2.905313821368602
0.1 2.910290743762957
0.1 2.925222310207373
0.1 2.9501108809199863
0.1 2.984960262457815
0.1 3.029775511801425
0.1 3.084562663930558
0.1 3.149328399091807
0.1 3.2240796682266613
0.1 3.308823307820362
0.1 3.4035657145102047
0.1 3.5083125646602635
0.1 3.62306863387257
0.1 3.74783770042476
0.1 3.8826225322625643
0.1 4.027424941469156
0.1 4.182245887303685
0.1 4.347085608555631
0.1 4.521943768563217
0.1 4.706819599220198
0.1 4.901712034804382
0.1 5.106619829436604
0.1 5.3215416559712505
0.1 5.546476185315606
0.1 5.781422148305179
0.1 6.026378381136867
0.1 6.281343858786197
0.1 6.546317716413265
0.1 6.821299265902435
0.1 7.106288000943791
0.1 7.401283616692296
0.1 7.176307740839143
0.1 6.881313007795066
0.1 6.596326567829668
0.1 6.321348820510803
0.1 6.0563804298197415
0.1 5.8014223030355465
0.1 5.556475587827798
0.1 5.321541655971252
0.1 5.09662208115881
0.1 4.881718601703322
0.1 4.676833067276676
0.1 4.481967363312987
0.1 4.297123310594028
0.1 4.122302536084175
0.1 3.9575063148527465
0.1 3.802735384697803
0.1 3.6579897405205593
0.1 3.5232684202746163
0.1 3.3985693012942937
0.1 3.283888931535798
0.1 3.179222425333551
0.1 3.084563453896324
0.1 2.9999043562581886
0.1 2.9252363944402084
0.1 2.860550126052433
0.1 2.8058359128970927
0.1 2.7610844613310475
0.1 2.7262873700654215
0.1 2.7014376179072106
0.1 2.686529939596284
0.1 2.68156108026299
0.1 2.686529939596284
0.1 2.7014376179072106
0.1 2.726287370065421
0.1 2.7610844613310475
0.1 2.805835912897093
0.1 2.8605501260524333
0.1 2.925236394440209
0.1 2.9999043562581886
0.1 3.084563453896324
0.1 3.1792224253335517
0.1 3.2838889315357984
0.1 3.3985693012942937
0.1 3.5232684202746167
0.1 3.6579897405205593
0.1 3.8027353846978036
0.1 3.957506314852748
0.1 4.122302536084174
0.1 4.297123310594029
0.1 4.481967363312987
0.1 4.676833067276676
0.1 4.881718601703321
0.1 5.09662208115881
0.1 5.3215416559712505
0.1 5.556475587827797
0.1 5.801422303035544
0.1 6.056380429819739
0.1 6.3213488205107975
0.1 6.5963265678296645
0.1 6.881313007795057
0.1 7.176307740839137
0.1 6.961335800477989
0.1 6.666342124715685
0.1 6.381358438762066
0.1 6.1063852632354925
0.1 5.841423464045703
0.1 5.586474230675799
0.1 5.341539077438146
0.1 5.106619829436604
0.1 4.881718601703322
0.1 4.666837759661476
0.1 4.461979858808933
0.1 4.267147554494942
0.1 4.082343476987214
0.1 3.907570064941981
0.1 3.742829354830855
0.1 3.588122726191323
0.1 3.4434506099317645
0.1 3.3088121741234193
0.1 3.184205012591893
0.1 3.0696248715443377
0.1 2.9650654593491024
0.1 2.8705183892469828
0.1 2.7859733029156577
0.1 2.711418196499029
0.1 2.6468399821868327
0.1 2.5922251953757245
0.1 2.5475608348910384
0.1 2.512835177666378
0.1 2.488038467881904
0.1 2.473163428600028
0.1 2.4682055848620843
0.1 2.473163428600028
0.1 2.488038467881904
0.1 2.512835177666378
0.1 2.5475608348910384
0.1 2.592225195375725
0.1 2.6468399821868327
0.1 2.71141819649903
0.1 2.785973302915658
0.1 2.8705183892469828
0.1 2.965065459349103
0.1 3.069624871544338
0.1 3.1842050125918937
0.1 3.3088121741234198
0.1 3.4434506099317645
0.1 3.588122726191323
0.1 3.7428293548308553
0.1 3.9075700649419813
0.1 4.082343476987216
0.1 4.267147554494942
0.1 4.461979858808932
0.1 4.666837759661475
0.1 4.88171860170332
0.1 5.106619829436603
0.1 5.341539077438145
0.1 5.5864742306757975
0.1 5.8414234640457
0.1 6.106385263235488
0.1 6.381358438762064
0.1 6.666342124715676
0.1 6.961335800477978
0.1 6.756367987281637
0.1 6.461375561778041
0.1 6.176395138872331
0.1 5.90142739199879
0.1 5.6364734425949745
0.1 5.381534839282979
0.1 5.136613566268687
0.1 4.901712034804382
0.1 4.676833067276676
0.1 4.461979858808933
0.1 4.257155912464163
0.1 4.0623649351722095
0.1 3.877610686012322
0.1 3.7028967653876124
0.1 3.5382263384470245
0.1 3.3836017889053918
0.1 3.2390243089103095
0.1 3.104493441228635
0.1 2.9800066063925477
0.1 2.8655586646202567
0.1 2.761141580317417
0.1 2.6667442682679163
0.1 2.582352700589784
0.1 2.5079503493493083
0.1 2.4435189518076275
0.1 2.3890396185744205
0.1 2.3444940752226886
0.1 2.309865898401533
0.1 2.2851415365653476
0.1 2.27031098657271
0.1 2.2653681513193167
0.1 2.27031098657271
0.1 2.285141536565348
0.1 2.309865898401533
0.1 2.344494075222689
0.1 2.3890396185744205
0.1 2.4435189518076275
0.1 2.5079503493493087
0.1 2.582352700589785
0.1 2.6667442682679168
0.1 2.7611415803174175
0.1 2.865558664620257
0.1 2.980006606392548
0.1 3.104493441228635
0.1 3.23902430891031
0.1 3.383601788905392
0.1 3.5382263384470254
0.1 3.7028967653876124
0.1 3.8776106860123227
0.1 4.0623649351722095
0.1 4.257155912464163
0.1 4.461979858808933
0.1 4.676833067276675
0.1 4.901712034804382
0.1 5.136613566268685
0.1 5.381534839282978
0.1 5.636473442594972
0.1 5.901427391998784
0.1 6.176395138872325
0.1 6.4613755617780315
0.1 6.756367987281626
0.1 6.561404455795925
0.1 6.266413491525716
0.1 5.98143689014208
0.1 5.706475515686618
0.1 5.441530809158876
0.1 5.186604770953133
0.1 4.94169998070543
0.1 4.706819599220198
0.1 4.481967363312987
0.1 4.267147554494942
0.1 4.0623649351722095
0.1 3.867624634457255
0.1 3.6829319700577994
0.1 3.508292187817631
0.1 3.343710105220977
0.1 3.1891896478237123
0.1 3.0447332793640585
0.1 2.910341340986002
0.1 2.786011339275517
0.1 2.6717372507131785
0.1 2.567508942357896
0.1 2.4733118348888747
0.1 2.3891269477457593
0.1 2.314931432815317
0.1 2.250699705117748
0.1 2.1964050521897645
0.1 2.1520216252997773
0.1 2.117526375068146
0.1 2.092900538244608
0.1 2.0781304896064285
0.1 2.073208046666317
0.1 2.0781304896064285
0.1 2.092900538244608
0.1 2.117526375068146
0.1 2.152021625299777
0.1 2.1964050521897645
0.1 2.250699705117748
0.1 2.3149314328153174
0.1 2.38912694774576
0.1 2.4733118348888747
0.1 2.567508942357896
0.1 2.671737250713179
0.1 2.7860113392755173
0.1 2.910341340986002
0.1 3.044733279364059
0.1 3.1891896478237127
0.1 3.343710105220978
0.1 3.508292187817632
0.1 3.6829319700578
0.1 3.867624634457256
0.1 4.0623649351722095
0.1 4.267147554494942
0.1 4.481967363312987
0.1 4.706819599220199
0.1 4.941699980705429
0.1 5.1866047709531315
0.1 5.441530809158874
0.1 5.706475515686613
0.1 5.981436890142077
0.1 6.266413491525709
0.1 6.561404455795916
0.1 6.376445303154246
0.1 6.081456027490915
0.1 5.7964838517271895
0.1 5.521529874733425
0.1 5.256595932332619
0.1 5.00168458645536
0.1 4.7567991624197035
0.1 4.521943768563216
0.1 4.297123310594028
0.1 4.082343476987214
0.1 3.877610686012322
0.1 3.6829319700577994
0.1 3.498314776454721
0.1 3.3237666562962054
0.1 3.159294816211744
0.1 3.004905509491673
0.1 2.8606032561820687
0.1 2.726389900997288
0.1 2.602263552161621
0.1 2.488217488783239
0.1 2.3842391794558537
0.1 2.2903096066089046
0.1 2.2064031244935625
0.1 2.1324880946407783
0.1 2.0685284105618864
0.1 2.0144860236188453
0.1 1.9703240794251595
0.1 1.9360100786861696
0.1 1.9115181746533072
0.1 1.8968301350215704
0.1 1.89193528698421
0.1 1.8968301350215706
0.1 1.9115181746533074
0.1 1.9360100786861698
0.1 1.9703240794251595
0.1 2.0144860236188453
0.1 2.068528410561887
0.1 2.1324880946407787
0.1 2.2064031244935625
0.1 2.2903096066089046
0.1 2.384239179455854
0.1 2.4882174887832393
0.1 2.6022635521616206
0.1 2.7263899009972885
0.1 2.8606032561820696
0.1 3.0049055094916737
0.1 3.1592948162117445
0.1 3.3237666562962054
0.1 3.498314776454722
0.1 3.6829319700577994
0.1 3.8776106860123223
0.1 4.082343476987215
0.1 4.297123310594028
0.1 4.521943768563216
0.1 4.756799162419702
0.1 5.001684586455359
0.1 5.256595932332618
0.1 5.521529874733421
0.1 5.796483851727188
0.1 6.08145602749091
0.1 6.3764453031542425
0.1 6.201490547171448
0.1 5.906503200850064
0.1 5.621536092787977
0.1 5.346590607438929
0.1 5.081669062247722
0.1 4.826774708334041
0.1 4.581911793274377
0.1 4.34708560855563
0.1 4.122302536084175
0.1 3.907570064941981
0.1 3.702896765387612
0.1 3.508292187817631
0.1 3.3237666562962054
0.1 3.1493309140135155
0.1 2.984995578471447
0.1 2.8307703619082685
0.1 2.686663025207904
0.1 2.552678055915237
0.1 2.428815107131983
0.1 2.3150673009264495
0.1 2.211419591683865
0.1 2.117847484242505
0.1 2.0343164872232578
0.1 1.9607826823989536
0.1 1.897194825093344
0.1 1.84349805944874
0.1 1.7996391912473861
0.1 1.7655721726327311
0.1 1.741261756411854
0.1 1.7266842873438721
0.1 1.7218265373782815
0.1 1.7266842873438724
0.1 1.7412617564118542
0.1 1.7655721726327316
0.1 1.7996391912473868
0.1 1.8434980594487407
0.1 1.8971948250933437
0.1 1.9607826823989538
0.1 2.0343164872232586
0.1 2.1178474842425055
0.1 2.2114195916838653
0.1 2.3150673009264504
0.1 2.428815107131983
0.1 2.552678055915237
0.1 2.686663025207904
0.1 2.830770361908268
0.1 2.984995578471447
0.1 3.1493309140135155
0.1 3.3237666562962063
0.1 3.508292187817632
0.1 3.7028967653876124
0.1 3.907570064941981
0.1 4.122302536084174
0.1 4.34708560855563
0.1 4.581911793274375
0.1 4.826774708334041
0.1 5.081669062247721
0.1 5.346590607438927
0.1 5.621536092787974
0.1 5.906503200850061
0.1 6.201490547171444
0.1 6.036540103981041
0.1 5.741554936420195
0.1 5.456593564070169
0.1 5.18165771393946
0.1 4.916750283020491
0.1 4.661875356905303
0.1 4.417038308573804
0.1 4.182245887303684
0.1 3.9575063148527474
0.1 3.742829354830855
0.1 3.5382263384470245
0.1 3.3437101052209766
0.1 3.1592948162117436
0.1 2.984995578471447
0.1 2.8208278137325418
0.1 2.666806294460454
0.1 2.5229437777232153
0.1 2.3892491888434453
0.1 2.265725363038276
0.1 2.1523664490390515
0.1 2.0491552251463583
0.1 1.956060757639135
0.1 1.8730369988772997
0.1 1.8000230402888604
0.1 1.7369455952193045
0.1 1.6837245170623503
0.1 1.640281592807452
0.1 1.606550824893891
0.1 1.5824849491897899
0.1 1.5680551389205115
0.1 1.5632466851759637
0.1 1.5680551389205117
0.1 1.5824849491897899
0.1 1.6065508248938911
0.1 1.6402815928074532
0.1 1.6837245170623507
0.1 1.736945595219305
0.1 1.8000230402888608
0.1 1.8730369988773006
0.1 1.9560607576391358
0.1 2.0491552251463587
0.1 2.1523664490390515
0.1 2.265725363038277
0.1 2.3892491888434457
0.1 2.5229437777232158
0.1 2.666806294460454
0.1 2.820827813732542
0.1 2.984995578471447
0.1 3.1592948162117445
0.1 3.3437101052209774
0.1 3.5382263384470245
0.1 3.7428293548308553
0.1 3.957506314852747
0.1 4.182245887303685
0.1 4.417038308573804
0.1 4.661875356905303
0.1 4.91675028302049
0.1 5.18165771393946
0.1 5.45659356407017
0.1 5.741554936420196
0.1 6.036540103981041
0.1 5.881593766228062
0.1 5.5866110290655815
0.1 5.301656069454208
0.1 5.026731019267286
0.1 4.761839462738466
0.1 4.506986481157041
0.1 4.2621788009009025
0.1 4.027424941469155
0.1 3.8027353846978036
0.1 3.5881227261913224
0.1 3.383601788905392
0.1 3.1891896478237123
0.1 3.004905509491673
0.1 2.8307703619082685
0.1 2.666806294460454
0.1 2.513035363567228
0.1 2.3694778732059087
0.1 2.2361499495260486
0.1 2.113060346504937
0.1 2.0002065431873164
0.1 1.8975704160747306
0.1 1.8051140891875055
0.1 1.7227769219733091
0.1 1.6504747371288824
0.1 1.588102347890588
0.1 1.5355404812905364
0.1 1.4926706671201544
0.1 1.459396422893069
0.1 1.4356564241260985
0.1 1.4214203415256137
0.1 1.4166760328591983
0.1 1.4214203415256137
0.1 1.4356564241260987
0.1 1.4593964228930694
0.1 1.492670667120155
0.1 1.5355404812905369
0.1 1.5881023478905882
0.1 1.6504747371288833
0.1 1.7227769219733096
0.1 1.8051140891875064
0.1 1.8975704160747306
0.1 2.0002065431873173
0.1 2.113060346504937
0.1 2.2361499495260486
0.1 2.369477873205909
0.1 2.5130353635672282
0.1 2.666806294460454
0.1 2.830770361908268
0.1 3.0049055094916732
0.1 3.1891896478237127
0.1 3.383601788905392
0.1 3.588122726191323
0.1 3.802735384697803
0.1 4.027424941469157
0.1 4.262178800900903
0.1 4.506986481157042
0.1 4.761839462738467
0.1 5.026731019267288
0.1 5.301656069454207
0.1 5.586611029065586
0.1 5.881593766228066
0.1 5.736651183505585
0.1 5.441671122312783
0.1 5.156723239546109
0.1 4.88181013804459
0.1 4.6169362041863575
0.1 4.362107688629386
0.1 4.117332919630703
0.1 3.882622532262564
0.1 3.6579897405205593
0.1 3.443450609931764
0.1 3.2390243089103095
0.1 3.0447332793640585
0.1 2.8606032561820687
0.1 2.686663025207904
0.1 2.5229437777232153
0.1 2.3694778732059087
0.1 2.226296787054208
0.1 2.0934279994491876
0.1 1.9708906147364138
0.1 1.8586896339745582
0.1 1.7568091115717737
0.1 1.6652049732637988
0.1 1.5837990072946595
0.1 1.5124761230610788
0.1 1.4510855656912705
0.1 1.399446365564955
0.1 1.3573696748559876
0.1 1.324707551818263
0.1 1.3013862554557827
0.1 1.2873900633699207
0.1 1.282723643979395
0.1 1.2873900633699216
0.1 1.3013862554557831
0.1 1.324707551818264
0.1 1.3573696748559885
0.1 1.3994463655649554
0.1 1.451085565691271
0.1 1.5124761230610801
0.1 1.5837990072946604
0.1 1.6652049732637992
0.1 1.7568091115717746
0.1 1.8586896339745587
0.1 1.9708906147364142
0.1 2.093427999449188
0.1 2.226296787054209
0.1 2.3694778732059087
0.1 2.5229437777232158
0.1 2.6866630252079045
0.1 2.8606032561820696
0.1 3.044733279364059
0.1 3.23902430891031
0.1 3.443450609931765
0.1 3.6579897405205593
0.1 3.882622532262565
0.1 4.117332919630704
0.1 4.362107688629386
0.1 4.616936204186358
0.1 4.88181013804459
0.1 5.1567232395461104
0.1 5.441671122312787
0.1 5.73665118350559
0.1 5.601711846670582
0.1 5.306734690948844
0.1 5.0217945094675205
0.1 4.746894443604353
0.1 4.482039800079563
0.1 4.227238179381245
0.1 3.9824997730444465
0.1 3.7478377004247596
0.1 3.5232684202746163
0.1 3.3088121741234193
0.1 3.104493441228635
0.1 2.910341340986002
0.1 2.726389900997288
0.1 2.552678055915237
0.1 2.3892491888434453
0.1 2.2361499495260486
0.1 2.093427999449188
0.1 1.9611282517369153
0.1 1.839287128406731
0.1 1.7279244340582938
0.1 1.6270327830110345
0.1 1.536565317350091
0.1 1.4564238697743048
0.1 1.386451880825985
0.1 1.3264332966869459
0.1 1.2760831938904964
0.1 1.2350694343979804
0.1 1.2031408234395857
0.1 1.1802349060969317
0.1000000000000032 1.1664287919749852
0.1000000000000064 1.161814975157377
0.1000000000000032 1.166428791974986
0.1 1.1802349060969324
0.1 1.2031408234395864
0.1 1.235069434397981
0.1 1.2760831938904982
0.1 1.326433296686946
0.1 1.3864518808259856
0.1 1.4564238697743053
0.1 1.536565317350092
0.1 1.627032783011036
0.1 1.727924434058295
0.1 1.8392871284067316
0.1 1.961128251736915
0.1 2.093427999449188
0.1 2.2361499495260486
0.1 2.389249188843446
0.1 2.5526780559152376
0.1 2.7263899009972885
0.1 2.9103413409860024
0.1 3.104493441228635
0.1 3.30881217412342
0.1 3.5232684202746167
0.1 3.747837700424761
0.1 3.9824997730444474
0.1 4.227238179381245
0.1 4.482039800079564
0.1 4.746894443604355
0.1 5.021794509467522
0.1 5.306734690948847
0.1 5.601711846670586
0.1 5.476775078044771
0.1 5.181801029792471
0.1 4.896869103519843
0.1 4.621983045098033
0.1 4.357149197710319
0.1 4.102376690968228
0.1 3.8576778427850424
0.1 3.623068633872569
0.1 3.398569301294293
0.1 3.184205012591893
0.1 2.9800066063925477
0.1 2.786011339275517
0.1 2.602263552161621
0.1 2.428815107131983
0.1 2.2657253630382765
0.1 2.1130603465049376
0.1 1.970890614736414
0.1 1.839287128406731
0.1 1.7183142327722813
0.1 1.6080187115103364
0.1 1.5084138323839453
0.1 1.4194575426781242
0.1 1.341023771039197
0.1 1.2728727041131973
0.1 1.214645631052325
0.10000000000014149 1.1658460617437831
0.10000000017361153 1.1258589572968283
0.10000001425833133 1.0942818184693226
0.10000015008325143 1.071211728242013
0.10000042516957755 1.0570925139521532
0.10000056526411312 1.0523361530186621
0.10000042516957755 1.0570925139521543
0.10000015008325143 1.0712117282420146
0.10000001425833133 1.0942818184693246
0.10000000017361153 1.125858957296829
0.10000000000014149 1.1658460617437831
0.1 1.2146456310523273
0.1 1.272872704113198
0.1 1.3410237710391988
0.1 1.4194575426781255
0.1 1.5084138323839464
0.1 1.6080187115103384
0.1 1.7183142327722816
0.1 1.8392871284067314
0.1 1.9708906147364142
0.1 2.113060346504937
0.1 2.2657253630382774
0.1 2.4288151071319835
0.1 2.602263552161621
0.1 2.7860113392755173
0.1 2.9800066063925477
0.1 3.1842050125918937
0.1 3.3985693012942937
0.1 3.62306863387257
0.1 3.8576778427850433
0.1 4.102376690968228
0.1 4.35714919771032
0.1 4.621983045098033
0.1 4.896869103519843
0.1 5.1818010297924735
0.1 5.476775078044773
0.1 5.361840029261478
0.1 5.066869250589726
0.1 4.781946029252307
0.1 4.50707477608377
0.1 4.242262978150165
0.1 3.9875214619838113
0.1 3.74286492197187
0.1 3.5083125646602635
0.1 3.283888931535798
0.1 3.069624871544338
0.1 2.8655586646202567
0.1 2.6717372507131785
0.1 2.4882174887832393
0.1 2.31506730092645
0.1 2.1523664490390515
0.1 2.0002065431873164
0.1 1.8586896339745584
0.1 1.7279244340582944
0.1 1.6080187115103368
0.1 1.49906555326856
0.1 1.4011183286107782
0.1 1.3141392486282493
0.1 1.237900300182515
0.1000000000001303 1.1718474854946737
0.10000000425670219 1.115128702556736
0.10000299617554927 1.0669287136461867
0.10013598434548521 1.026648714849437
0.10119141105827403 0.9941175881221308
0.10353610436195547 0.9697973854198577
0.10523980148064781 0.9546234506083349
0.1056489403162483 0.9494590186028089
0.1052398014806446 0.9546234506083358
0.10353610436195466 0.9697973854198589
0.10119141105827403 0.9941175881221328
0.10013598434548521 1.026648714849439
0.10000299617554927 1.066928713646187
0.10000000425670219 1.1151287025567378
0.1000000000001303 1.1718474854946754
0.1 1.2379003001825166
0.1 1.3141392486282502
0.1 1.4011183286107802
0.1 1.4990655532685597
0.1 1.6080187115103382
0.1 1.7279244340582947
0.1 1.8586896339745584
0.1 2.000206543187317
0.1 2.1523664490390515
0.1 2.31506730092645
0.1 2.4882174887832393
0.1 2.6717372507131785
0.1 2.8655586646202567
0.1 3.069624871544338
0.1 3.283888931535798
0.1 3.5083125646602644
0.1 3.7428649219718704
0.1 3.9875214619838117
0.1 4.242262978150166
0.1 4.507074776083771
0.1 4.781946029252308
0.1 5.066869250589729
0.1 5.361840029261482
0.1 5.256905688449059
0.1 4.961938288920497
0.1 4.677024083384574
0.1 4.402168198108046
0.1 4.137379355277476
0.1 3.882670222240993
0.1 3.6380580894392
0.1 3.4035657145102047
0.1 3.1792224253335504
0.1 2.9650654593491024
0.1 2.761141580317417
0.1 2.5675089423578963
0.1 2.3842391794558537
0.1 2.2114195916838653
0.1 2.0491552251463583
0.1 1.897570416074731
0.1 1.756809111571774
0.1 1.6270327830110356
0.1 1.508413832383946
0.1 1.4011183286107787
0.1 1.3052502285143914
0.1 1.2206745609949272
0.10000000003522383 1.1466539647346374
0.10000105369260318 1.081791954693674
0.10029608206083568 1.0246955689228991
0.10508498961415516 0.974849929208797
0.12210765783164611 0.9325268247267073
0.15582660458181186 0.8980995111429021
0.2010261209057294 0.8721192392661518
0.23771093046377692 0.8556841419086382
0.25118465706226145 0.8500301012043794
0.23771093046375413 0.8556841419086386
0.2010261209057458 0.8721192392661534
0.15582660458181904 0.8980995111429046
0.12210765783164211 0.932526824726709
0.10508498961416396 0.9748499292087986
0.10029608206083568 1.0246955689229003
0.10000105369260318 1.0817919546936765
0.10000000003522383 1.1466539647346408
0.1 1.2206745609949303
0.1 1.3052502285143928
0.1 1.4011183286107802
0.1 1.5084138323839462
0.1 1.6270327830110356
0.1 1.7568091115717743
0.1 1.8975704160747306
0.1 2.049155225146359
0.1 2.2114195916838653
0.1 2.384239179455854
0.1 2.5675089423578963
0.1 2.761141580317417
0.1 2.9650654593491033
0.1 3.1792224253335517
0.1 3.4035657145102056
0.1 3.638058089439201
0.1 3.8826702222409932
0.1 4.137379355277477
0.1 4.402168198108048
0.1 4.677024083384574
0.1 4.9619382889205
0.1 5.256905688449062
0.1 5.161970897759093
0.1 4.867006922357589
0.1 4.582101871224483
0.1 4.3072616220277515
0.1 4.042496198765303
0.1 3.7878202167145902
0.1 3.5432537313086927
0.1 3.3088233078203615
0.1 3.0845634538963234
0.1 2.8705183892469823
0.1 2.6667442682679163
0.1 2.4733118348888747
0.1 2.2903096066089046
0.1 2.1178474842425055
0.1 1.9560607576391356
0.1 1.8051140891875057
0.1 1.6652049732637997
0.1 1.5365653173500922
0.1 1.4194575426781255
0.1 1.3141392486282506
0.1 1.2206745609949277
0.10000000020686334 1.138342484656591
0.10001008524617938 1.0652243586205294
0.1018078043582015 0.9992314231014804
0.11884824922413131 0.9396640643779017
0.16267912021772593 0.8868618589733481
0.22406551003737218 0.8416204656722567
0.30015075354925846 0.8048709325239436
0.3959381057381841 0.7773347151200609
0.48677294735886245 0.7599549728275596
0.5252914767140703 0.7539640971036864
0.48677294735886 0.7599549728275604
0.39593810573818977 0.777334715120063
0.30015075354923293 0.8048709325239457
0.22406551003736136 0.8416204656722581
0.16267912021772912 0.8868618589733503
0.11884824922414171 0.9396640643779045
0.1018078043582031 0.9992314231014842
0.10001008524617938 1.0652243586205323
0.10000000020686334 1.1383424846565944
0.1 1.2206745609949305
0.1 1.3141392486282497
0.1 1.4194575426781253
0.1 1.5365653173500915
0.1 1.6652049732637995
0.1 1.805114089187506
0.1 1.9560607576391358
0.1 2.1178474842425055
0.1 2.2903096066089046
0.1 2.473311834888875
0.1 2.6667442682679163
0.1 2.870518389246983
0.1 3.084563453896324
0.1 3.308823307820362
0.1 3.5432537313086936
0.1 3.787820216714591
0.1 4.042496198765303
0.1 4.307261622027752
0.1 4.582101871224483
0.1 4.867006922357589
0.1 5.161970897759094
0.1 5.077034381719524
0.1 4.782073800612908
0.1 4.497177840280823
0.1 4.222353148943486
0.1 3.957611083394939
0.1 3.702968268681286
0.1 3.458447617905178
0.1 3.224079668226661
0.1 2.9999043562581886
0.1 2.7859733029156577
0.1 2.5823527005897846
0.1 2.38912694774576
0.1 2.2064031244935625
0.1 2.0343164872232586
0.1 1.8730369988773004
0.1 1.7227769219733093
0.1 1.5837990072946608
0.1 1.456423869774307
0.1 1.3410237710391995
0.1 1.2379003001825168
0.10000000003522383 1.14665396473464
0.10001008524617938 1.06522435862053
0.10286219055163325 0.9907280929648593
0.1276624328106307 0.921866367625387
0.18777807291752113 0.8588142736624647
0.2834947922240778 0.802605145103754
0.41775232465321166 0.7543998743503285
0.5851558313095805 0.7154200060792976
0.761922966068523 0.6867310032092645
0.9065531815461338 0.669046344446348
0.9641250055608301 0.663041951350111
0.9065531815461219 0.6690463444463486
0.7619229660684667 0.6867310032092667
0.5851558313095977 0.7154200060792992
0.4177523246531992 0.7543998743503296
0.28349479222405743 0.8026051451037567
0.18777807291752036 0.8588142736624678
0.12766243281060594 0.921866367625391
0.10286219055163644 0.9907280929648627
0.10001008524617938 1.0652243586205323
0.10000000003522383 1.1466539647346408
0.1 1.2379003001825162
0.1 1.3410237710391983
0.1 1.4564238697743044
0.1 1.58379900729466
0.1 1.7227769219733093
0.1 1.8730369988773001
0.1 2.0343164872232586
0.1 2.206403124493563
0.1 2.38912694774576
0.1 2.5823527005897846
0.1 2.785973302915658
0.1 2.9999043562581886
0.1 3.2240796682266613
0.1 3.4584476179051786
0.1 3.702968268681286
0.1 3.9576110833949394
0.1 4.222353148943486
0.1 4.497177840280824
0.1 4.782073800612908
0.1 5.077034381719523
0.1 5.002094785976441
0.1 4.707137485885267
0.1 4.422250329513354
0.1 4.1474407277692285
0.1 3.882721368464701
0.1 3.628110878638063
0.1 3.3836350447915806
0.1 3.1493283990918064
0.1 2.9252363944402084
0.1 2.711418196499029
0.1 2.5079503493493083
0.1 2.3149314328153174
0.1 2.132488094640779
0.1 1.9607826823989543
0.1 1.800023040288861
0.1 1.650474737128883
0.1 1.5124761230610801
0.1 1.3864518808259878
0.1 1.2728727041131997
0.1000000000001303 1.1718474854946772
0.10000105369260318 1.0817919546936776
0.1018078043582023 0.9992314231014832
0.1276624328106283 0.9218663676253883
0.19495751446851398 0.8493766956531582
0.3158896551541784 0.782660787750813
0.5141613743243334 0.7231925159875996
0.7874853868825846 0.6727498250644897
1.0778754476062156 0.6327138379157262
1.3221021859313775 0.603819931044054
1.4851909525267664 0.5863660865406048
1.543266798363297 0.5805209424190194
1.485190952526777 0.5863660865406057
1.322102185931308 0.603819931044055
1.0778754476061876 0.6327138379157279
0.7874853868825706 0.6727498250644914
0.514161374324249 0.7231925159876023
0.31588965515416 0.7826607877508167
0.1949575144685028 0.849376695653161
0.1276624328106155 0.921866367625391
0.1018078043582039 0.9992314231014838
0.10000105369260318 1.0817919546936763
0.1000000000001303 1.1718474854946748
0.1 1.2728727041131969
0.1 1.386451880825985
0.1 1.51247612306108
0.1 1.6504747371288828
0.1 1.8000230402888608
0.1 1.9607826823989534
0.1 2.1324880946407787
0.1 2.314931432815317
0.1 2.5079503493493083
0.1 2.71141819649903
0.1 2.925236394440209
0.1 3.1493283990918064
0.1 3.3836350447915806
0.1 3.628110878638063
0.1 3.882721368464702
0.1 4.147440727769228
0.1 4.422250329513354
0.1 4.707137485885265
0.1 5.002094785976438
0.1 4.937150725948453
0.1 4.642196506388034
0.1 4.357317627004008
0.1 4.08252223532208
0.1 3.8178242940159444
0.1 3.5632443690522555
0.1 3.3188110173669667
0.1 3.0845626639305577
0.1 2.8605501260524333
0.1 2.6468399821868327
0.1 2.4435189518076275
0.1 2.2506997051177478
0.1 2.068528410561887
0.1 1.8971948250933448
0.1 1.736945595219305
0.1 1.5881023478905898
0.1 1.4510855656912733
0.1 1.3264332966869476
0.1 1.214645631052329
0.10000000425670219 1.1151287025567411
0.10029608206083568 1.0246955689229038
0.11884824922413291 0.9396640643779061
0.18777807291750953 0.8588142736624675
0.3158896551541692 0.7826607877508146
0.5521936683768934 0.712642468253361
0.914341121081512 0.6511042959423099
1.3125384162965432 0.5999777910498023
1.657295160303881 0.5600627199326604
1.9120601011835616 0.5315306639446897
2.0672711096472303 0.5144020195616209
2.1195428969082992 0.5086892837574304
2.0672711096472107 0.5144020195616218
1.9120601011835479 0.53153066394469
1.6572951603038202 0.5600627199326613
1.3125384162964882 0.5999777910498033
0.9143411210814376 0.6511042959423116
0.5521936683767983 0.7126424682533631
0.3158896551541404 0.7826607877508169
0.18777807291750953 0.8588142736624679
0.1188482492241457 0.9396640643779042
0.10029608206083568 1.0246955689228996
0.10000000425670219 1.1151287025567358
0.1 1.2146456310523255
0.1 1.3264332966869452
0.1 1.4510855656912702
0.1 1.5881023478905876
0.1 1.7369455952193043
0.1 1.8971948250933433
0.1 2.068528410561887
0.1 2.2506997051177486
0.1 2.4435189518076275
0.1 2.6468399821868327
0.1 2.860550126052433
0.1 3.0845626639305586
0.1 3.3188110173669663
0.1 3.563244369052255
0.1 3.817824294015945
0.1 4.082522235322079
0.1 4.357317627004006
0.1 4.642196506388033
0.1 4.937150725948452
0.1 4.882200838874995
0.1 4.587249410660713
0.1 4.302378042385752
0.1 4.027595560027439
0.1 3.7629171072791427
0.1 3.508365042028744
0.1 3.2639704969952437
0.1 3.029775511801425
0.1 2.8058359128970927
0.1 2.592225195375724
0.1 2.3890396185744205
0.1 2.1964050521897645
0.1 2.0144860236188458
0.1 1.8434980594487407
0.1 1.6837245170623516
0.1 1.5355404812905373
0.1 1.3994463655649572
0.1 1.2760831938905008
0.10000000000014149 1.1658460617437858
0.10000299617554927 1.0669287136461922
0.10508498961415996 0.9748499292088035
0.16267912021768677 0.8868618589733539
0.28349479222405105 0.8026051451037585
0.5141613743243086 0.7231925159876027
0.9143411210814792 0.651104295942311
1.3965460432567438 0.5890344284373472
1.8319046212925874 0.5381744259516523
2.173493700153789 0.49869987002045935
2.4165507114663702 0.4705562686269733
2.5620921294461727 0.4536877424580082
2.6105943404563656 0.44806717130159684
2.56209212944615 0.45368774245800825
2.4165507114663702 0.47055626862697353
2.173493700153788 0.4986998700204594
1.8319046212925398 0.5381744259516524
1.3965460432566672 0.589034428437348
0.9143411210814341 0.6511042959423115
0.5141613743242455 0.7231925159876018
0.2834947922240343 0.8026051451037556
0.16267912021772274 0.8868618589733489
0.10508498961415835 0.974849929208796
0.10000299617554927 1.0669287136461851
0.10000000000014149 1.165846061743781
0.1 1.2760831938904962
0.1 1.3994463655649547
0.1 1.5355404812905367
0.1 1.6837245170623496
0.1 1.8434980594487405
0.1 2.014486023618845
0.1 2.1964050521897645
0.1 2.3890396185744205
0.1 2.592225195375725
0.1 2.805835912897092
0.1 3.0297755118014256
0.1 3.2639704969952437
0.1 3.5083650420287444
0.1 3.7629171072791427
0.1 4.0275955600274385
0.1 4.30237804238575
0.1 4.587249410660713
0.1 4.8822008388749945
0.1 4.837243842209687
0.1 4.5422948318464265
0.1 4.25742997856709
0.1 3.982658701364076
0.1 3.71799718762281
0.1 3.463469367200499
0.1 3.2191086523038597
0.1 2.984960262457815
0.1 2.761084461331047
0.1 2.5475608348910384
0.1 2.3444940752226886
0.1 2.1520216252997777
0.1 1.9703240794251597
0.1 1.7996391912473872
0.1 1.6402815928074526
0.1 1.4926706671201557
0.1 1.3573696748559911
0.1 1.235069434397984
0.10000000017361153 1.125858957296833
0.10013598434548521 1.0266487148494436
0.1221076578316389 0.9325268247267144
0.2240655100373274 0.8416204656722631
0.41775232465318923 0.7543998743503338
0.7874853868825211 0.6727498250644947
1.3125384162964677 0.5999777910498044
1.8319046212925594 0.5381744259516532
2.26068329900763 0.4877698409402805
2.589703710498473 0.44870089751069103
2.8223258768512602 0.4208634759047067
2.9611069476191947 0.4041860922718173
3.0072573058458407 0.3986308040022034
2.961106947619196 0.40418609227181723
2.82232587685125 0.4208634759047069
2.589703710498481 0.4487008975106914
2.260683299007647 0.48776984094028
1.8319046212925432 0.538174425951652
1.3125384162964822 0.5999777910498025
0.7874853868825706 0.67274982506449
0.4177523246532244 0.7543998743503275
0.22406551003738176 0.8416204656722548
0.1221076578316437 0.9325268247267051
0.10013598434548442 1.0266487148494348
0.10000000017361153 1.1258589572968267
0.1 1.2350694343979782
0.1 1.3573696748559871
0.1 1.4926706671201542
0.1 1.6402815928074526
0.1 1.7996391912473864
0.1 1.9703240794251595
0.1 2.1520216252997773
0.1 2.3444940752226886
0.1 2.547560834891039
0.1 2.7610844613310475
0.1 2.9849602624578155
0.1 3.21910865230386
0.1 3.463469367200499
0.1 3.7179971876228097
0.1 3.9826587013640755
0.1 4.257429978567089
0.1 4.542294831846425
0.1 4.837243842209686
0.1 4.802278592602288
0.1 4.507331550555871
0.1 4.222472005958515
0.1 3.9477098656334766
0.1 3.683062176636746
0.1 3.428554163730325
0.1 3.1842211184258025
0.1 2.9501108809199863
0.1 2.7262873700654215
0.1 2.512835177666378
0.1 2.3098658984015334
0.1 2.1175263750681466
0.1 1.93601007868617
0.1 1.7655721726327325
0.1 1.6065508248938918
0.1 1.4593964228930711
0.1 1.3247075518182654
0.1 1.2031408234395895
0.10000001425833133 1.0942818184693277
0.10119141105827403 0.9941175881221369
0.15582660458180464 0.8980995111429086
0.30015075354919696 0.80487093252395
0.585155831309519 0.7154200060793029
1.0778754476061172 0.6327138379157308
1.6572951603037722 0.5600627199326633
2.173493700153756 0.49869987002046023
2.589703710498467 0.44870089751069164
2.9083567445153147 0.4099486045187373
3.1335035397873283 0.3823380474587167
3.2677033121366206 0.36579807358395866
3.3123001384539967 0.3602889747651219
3.267703312136621 0.3657980735839586
3.1335035397873217 0.3823380474587166
2.90835674451531 0.40994860451873716
2.589703710498485 0.448700897510691
2.1734937001538093 0.49869987002045874
1.6572951603038475 0.5600627199326595
1.0778754476062222 0.6327138379157254
0.5851558313096192 0.7154200060792958
0.30015075354925524 0.8048709325239415
0.15582660458181904 0.8980995111428998
0.10119141105827323 0.994117588122128
0.10000001425833133 1.0942818184693204
0.1 1.203140823439584
0.1 1.324707551818262
0.1 1.4593964228930685
0.1 1.6065508248938898
0.1 1.7655721726327311
0.1 1.9360100786861694
0.1 2.1175263750681457
0.1 2.309865898401533
0.1 2.512835177666378
0.1 2.7262873700654215
0.1 2.9501108809199863
0.1 3.184221118425802
0.1 3.428554163730325
0.1 3.683062176636746
0.1 3.947709865633476
0.1 4.222472005958514
0.1 4.507331550555868
0.1 4.802278592602286
0.1 4.777304137643205
0.1 4.482358550441185
0.1 4.197502931959339
0.1 3.9227475532606646
0.1 3.658110100541494
0.1 3.4036167652778886
0.1 3.159304236871713
0.1 2.925222310207373
0.1 2.7014376179072106
0.1 2.488038467881904
0.1 2.2851415365653476
0.1 2.092900538244608
0.1 1.9115181746533074
0.1 1.741261756411855
0.1 1.582484949189791
0.1 1.4356564241261003
0.1 1.3013862554557847
0.1 1.1802349060969346
0.10000015008325143 1.0712117282420168
0.10353610436195547 0.9697973854198616
0.2010261209057318 0.8721192392661563
0.3959381057381566 0.7773347151200659
0.7619229660684227 0.686731003209269
1.322102185931266 0.603819931044057
1.9120601011835188 0.5315306639446915
2.4165507114663383 0.47055626862697497
2.8223258768512283 0.4208634759047071
3.1335035397873248 0.38233804745871675
3.3535449430239646 0.35488524955199274
3.4847235384627258 0.3384390187913528
3.5283140046101087 0.3329611194055378
3.484723538462727 0.33843901879135274
3.3535449430239646 0.35488524955199235
3.1335035397873203 0.3823380474587164
2.822325876851261 0.4208634759047065
2.4165507114663987 0.4705562686269726
1.9120601011835776 0.531530663944688
1.322102185931405 0.6038199310440525
0.7619229660685674 0.6867310032092618
0.39593810573820576 0.777334715120058
0.20102612090573502 0.8721192392661481
0.10353610436195866 0.9697973854198543
0.10000015008325143 1.071211728242009
0.1 1.1802349060969297
0.1 1.3013862554557811
0.1 1.4356564241260978
0.1 1.5824849491897899
0.1 1.7412617564118538
0.1 1.9115181746533076
0.1 2.092900538244608
0.1 2.285141536565348
0.1 2.4880384678819034
0.1 2.7014376179072106
0.1 2.925222310207373
0.1 3.1593042368717135
0.1 3.403616765277888
0.1 3.658110100541493
0.1 3.9227475532606637
0.1 4.197502931959338
0.1 4.482358550441183
0.1 4.777304137643202
0.1 4.762319761310291
0.1 4.467375067119442
0.1 4.18252185951636
0.1 3.9077706345141587
0.1 3.6431394721281607
0.1 3.388655160791238
0.1 3.144355251131693
0.1 2.9102907437629564
0.1 2.686529939596284
0.1 2.473163428600028
0.1 2.2703109865727096
0.1 2.0781304896064285
0.1 1.8968301350215713
0.1 1.7266842873438726
0.1 1.5680551389205115
0.1 1.4214203415256146
0.1 1.2873900633699216
0.1000000000000032 1.166428791974987
0.10000042516957755 1.0570925139521559
0.105239801480643 0.9546234506083378
0.23771093046376454 0.8556841419086403
0.486772947358848 0.7599549728275625
0.9065531815460703 0.6690463444463501
1.4851909525267248 0.5863660865406065
2.067271109647198 0.5144020195616219
2.562092129446151 0.45368774245800864
2.9611069476191854 0.40418609227181757
3.2677033121366152 0.36579807358395866
3.4847235384627253 0.33843901879135274
3.614156140669871 0.3220478114633472
3.6571720247802126 0.3165881083162112
3.6141561406698717 0.32204781146334716
3.4847235384627333 0.3384390187913524
3.2677033121366197 0.365798073583958
2.961106947619207 0.4041860922718167
2.56209212944618 0.45368774245800675
2.0672711096472205 0.51440201956162
1.4851909525268148 0.5863660865406038
0.906553181546181 0.6690463444463456
0.486772947358898 0.7599549728275571
0.23771093046378172 0.8556841419086345
0.1052398014806446 0.9546234506083321
0.10000042516957755 1.0570925139521505
0.1000000000000032 1.1664287919749836
0.1 1.2873900633699196
0.1 1.4214203415256135
0.1 1.5680551389205117
0.1 1.7266842873438724
0.1 1.8968301350215702
0.1 2.0781304896064285
0.1 2.2703109865727096
0.1 2.4731634286000284
0.1 2.686529939596284
0.1 2.9102907437629564
0.1 3.144355251131693
0.1 3.388655160791238
0.1 3.643139472128161
0.1 3.9077706345141574
0.1 4.182521859516361
0.1 4.467375067119441
0.1 4.762319761310289
0.1 4.757325019379048
0.1 4.4623806262648325
0.1 4.1775282316511255
0.1 3.9027784075938596
0.1 3.63814936715331
0.1 3.3836681005617373
0.1 3.1393724493237642
0.1 2.905313821368602
0.1 2.6815610802629903
0.1 2.4682055848620847
0.1 2.265368151319317
0.1 2.073208046666317
0.1 1.8919352869842103
0.1 1.7218265373782817
0.1 1.5632466851759639
0.1 1.4166760328591992
0.1 1.2827236439793965
0.1000000000000064 1.1618149751573772
0.10000056526411312 1.0523361530186635
0.1056489403162483 0.9494590186028096
0.251184657062245 0.8500301012043807
0.5252914767140479 0.7539640971036865
0.9641250055608601 0.6630419513501118
1.543266798363294 0.5805209424190201
2.1195428969082863 0.508689283757431
2.6105943404563527 0.448067171301597
3.007257305845833 0.39863080400220346
3.312300138453992 0.3602889747651216
3.528314004610112 0.3329611194055376
3.657172024780214 0.31658810831621115
3.7 0.3111344033521083
3.6571720247802126 0.3165881083162111
3.5283140046101136 0.3329611194055378
3.312300138454007 0.3602889747651212
3.0072573058458367 0.39863080400220263
2.61059434045638 0.4480671713015962
2.119542896908339 0.508689283757429
1.5432667983633044 0.5805209424190173
0.9641250055608745 0.663041951350109
0.525291476714093 0.7539640971036831
0.251184657062281 0.8500301012043767
0.10564894031624911 0.9494590186028051
0.10000056526411312 1.0523361530186595
0.1000000000000064 1.1618149751573743
0.1 1.2827236439793936
0.1 1.4166760328591972
0.1 1.5632466851759639
0.1 1.7218265373782815
0.1 1.89193528698421
0.1 2.073208046666317
0.1 2.265368151319317
0.1 2.4682055848620847
0.1 2.68156108026299
0.1 2.905313821368602
0.1 3.1393724493237642
0.1 3.383668100561736
0.1 3.6381493671533094
0.1 3.902778407593859
0.1 4.1775282316511255
0.1 4.4623806262648325
0.1 4.7573250193790475
0.1 4.762319761310292
0.1 4.467375067119443
0.1 4.18252185951636
0.1 3.9077706345141587
0.1 3.643139472128161
0.1 3.388655160791238
0.1 3.144355251131693
0.1 2.910290743762956
0.1 2.686529939596284
0.1 2.473163428600028
0.1 2.2703109865727096
0.1 2.0781304896064285
0.1 1.896830135021571
0.1 1.7266842873438724
0.1 1.5680551389205115
0.1 1.4214203415256146
0.1 1.2873900633699205
0.1000000000000032 1.1664287919749856
0.10000042516957755 1.0570925139521534
0.1052398014806446 0.9546234506083358
0.23771093046377934 0.8556841419086377
0.48677294735885046 0.7599549728275602
0.9065531815461007 0.6690463444463471
1.4851909525268048 0.5863660865406046
2.067271109647237 0.5144020195616208
2.5620921294461714 0.45368774245800797
2.9611069476191925 0.4041860922718171
3.2677033121366192 0.36579807358395816
3.4847235384627298 0.3384390187913523
3.614156140669875 0.3220478114633467
3.657172024780215 0.316588108316211
3.614156140669873 0.32204781146334677
3.4847235384627333 0.3384390187913523
3.267703312136622 0.36579807358395783
2.961106947619202 0.40418609227181657
2.562092129446163 0.453687742458007
2.0672711096472205 0.5144020195616206
1.4851909525267744 0.5863660865406042
0.9065531815461083 0.6690463444463473
0.48677294735890164 0.759954972827559
0.23771093046377612 0.8556841419086362
0.105239801480643 0.9546234506083339
0.10000042516957755 1.057092513952152
0.1000000000000032 1.1664287919749845
0.1 1.28739006336992
0.1 1.4214203415256135
0.1 1.568055138920512
0.1 1.7266842873438726
0.1 1.8968301350215706
0.1 2.0781304896064285
0.1 2.2703109865727096
0.1 2.4731634286000284
0.1 2.6865299395962836
0.1 2.9102907437629564
0.1 3.144355251131693
0.1 3.3886551607912376
0.1 3.643139472128161
0.1 3.907770634514157
0.1 4.18252185951636
0.1 4.467375067119442
0.1 4.76231976131029
0.1 4.777304137643205
0.1 4.482358550441185
0.1 4.197502931959339
0.1 3.922747553260665
0.1 3.658110100541494
0.1 3.4036167652778886
0.1 3.159304236871713
0.1 2.9252223102073724
0.1 2.7014376179072106
0.1 2.488038467881904
0.1 2.2851415365653476
0.1 2.092900538244608
0.1 1.9115181746533072
0.1 1.7412617564118544
0.1 1.5824849491897903
0.1 1.4356564241260987
0.1 1.3013862554557822
0.1 1.1802349060969313
0.10000015008325143 1.0712117282420126
0.10353610436195547 0.9697973854198566
0.2010261209057358 0.8721192392661508
0.3959381057382141 0.7773347151200598
0.7619229660685298 0.686731003209264
1.322102185931386 0.6038199310440535
1.9120601011835632 0.5315306639446896
2.416550711466368 0.4705562686269727
2.822325876851264 0.4208634759047059
3.133503539787331 0.3823380474587157
3.3535449430239743 0.3548852495519915
3.4847235384627373 0.338439018791352
3.528314004610117 0.3329611194055373
3.484723538462734 0.3384390187913522
3.3535449430239694 0.35488524955199197
3.1335035397873217 0.38233804745871597
2.8223258768512536 0.4208634759047062
2.416550711466371 0.4705562686269726
1.9120601011835463 0.531530663944689
1.3221021859313442 0.6038199310440538
0.7619229660685123 0.6867310032092646
0.39593810573816735 0.7773347151200608
0.2010261209057158 0.8721192392661516
0.10353610436196266 0.969797385419857
0.10000015008325143 1.0712117282420113
0.1 1.1802349060969317
0.1 1.301386255455783
0.1 1.4356564241260985
0.1 1.5824849491897903
0.1 1.7412617564118544
0.1 1.9115181746533074
0.1 2.092900538244608
0.1 2.285141536565348
0.1 2.4880384678819034
0.1 2.7014376179072106
0.1 2.9252223102073724
0.1 3.159304236871713
0.1 3.4036167652778877
0.1 3.6581101005414927
0.1 3.922747553260664
0.1 4.197502931959339
0.1 4.482358550441183
0.1 4.777304137643203
0.1 4.802278592602288
0.1 4.507331550555871
0.1 4.222472005958515
0.1 3.947709865633476
0.1 3.6830621766367457
0.1 3.428554163730325
0.1 3.1842211184258025
0.1 2.950110880919986
0.1 2.7262873700654215
0.1 2.512835177666378
0.1 2.309865898401533
0.1 2.117526375068146
0.1 1.9360100786861696
0.1 1.7655721726327314
0.1 1.606550824893891
0.1 1.4593964228930691
0.1 1.324707551818263
0.1 1.2031408234395853
0.10000001425833133 1.0942818184693215
0.10119141105827323 0.994117588122129
0.1558266045818586 0.898099511142901
0.30015075354928805 0.8048709325239432
0.5851558313095977 0.7154200060792972
1.0778754476061962 0.632713837915726
1.6572951603038515 0.5600627199326599
2.1734937001537804 0.49869987002045774
2.589703710498497 0.44870089751068964
2.9083567445153338 0.40994860451873566
3.1335035397873354 0.3823380474587153
3.2677033121366286 0.3657980735839572
3.312300138454012 0.3602889747651206
3.2677033121366246 0.36579807358395744
3.133503539787325 0.3823380474587158
2.9083567445153062 0.4099486045187367
2.589703710498479 0.4487008975106909
2.173493700153789 0.49869987002045885
1.6572951603038286 0.5600627199326604
1.0778754476061787 0.6327138379157267
0.5851558313095517 0.7154200060792982
0.3001507535492281 0.8048709325239449
0.15582660458182462 0.8980995111429033
0.10119141105827403 0.9941175881221315
0.10000001425833133 1.094281818469323
0.1 1.2031408234395864
0.1 1.3247075518182634
0.1 1.4593964228930698
0.1 1.60655082489389
0.1 1.7655721726327316
0.1 1.9360100786861696
0.1 2.117526375068146
0.1 2.3098658984015326
0.1 2.512835177666378
0.1 2.7262873700654215
0.1 2.9501108809199863
0.1 3.1842211184258025
0.1 3.428554163730324
0.1 3.683062176636746
0.1 3.947709865633476
0.1 4.2224720059585135
0.1 4.507331550555868
0.1 4.802278592602286
0.1 4.8372438422096895
0.1 4.542294831846428
0.1 4.25742997856709
0.1 3.982658701364076
0.1 3.7179971876228106
0.1 3.4634693672004992
0.1 3.2191086523038597
0.1 2.984960262457815
0.1 2.7610844613310475
0.1 2.5475608348910384
0.1 2.3444940752226886
0.1 2.1520216252997773
0.1 1.9703240794251593
0.1 1.7996391912473866
0.1 1.6402815928074521
0.1 1.4926706671201544
0.1 1.3573696748559876
0.1 1.2350694343979796
0.10000000017361153 1.1258589572968272
0.10013598434548442 1.0266487148494359
0.1221076578316437 0.9325268247267061
0.22406551003738934 0.8416204656722557
0.4177523246532544 0.7543998743503277
0.7874853868825714 0.6727498250644898
1.3125384162965237 0.5999777910498012
1.8319046212925643 0.5381744259516509
2.260683299007632 0.487769840940278
2.589703710498504 0.448700897510689
2.8223258768512856 0.42086347590470485
2.961106947619217 0.4041860922718158
3.0072573058458563 0.3986308040022017
2.9611069476192045 0.4041860922718162
2.822325876851262 0.4208634759047057
2.589703710498486 0.4487008975106905
2.26068329900764 0.4877698409402796
1.8319046212925354 0.538174425951652
1.3125384162964726 0.599977791049803
0.7874853868825462 0.6727498250644912
0.4177523246531941 0.7543998743503295
0.2240655100373542 0.8416204656722577
0.12210765783163652 0.9325268247267084
0.10013598434548521 1.0266487148494383
0.10000000017361153 1.125858957296829
0.1 1.2350694343979802
0.1 1.3573696748559887
0.1 1.4926706671201546
0.1 1.6402815928074523
0.1 1.7996391912473864
0.1 1.9703240794251597
0.1 2.1520216252997773
0.1 2.3444940752226886
0.1 2.547560834891039
0.1 2.7610844613310475
0.1 2.984960262457815
0.1 3.2191086523038592
0.1 3.4634693672004984
0.1 3.7179971876228097
0.1 3.9826587013640755
0.1 4.257429978567089
0.1 4.542294831846426
0.1 4.837243842209687
0.1 4.882200838874998
0.1 4.587249410660714
0.1 4.302378042385751
0.1 4.027595560027439
0.1 3.7629171072791427
0.1 3.5083650420287444
0.1 3.263970496995243
0.1 3.0297755118014247
0.1 2.805835912897092
0.1 2.592225195375724
0.1 2.3890396185744205
0.1 2.196405052189764
0.1 2.0144860236188453
0.1 1.8434980594487402
0.1 1.6837245170623505
0.1 1.5355404812905362
0.1 1.3994463655649545
0.1 1.2760831938904964
0.10000000000014149 1.1658460617437831
0.10000299617554927 1.0669287136461854
0.10508498961415756 0.9748499292087961
0.16267912021771075 0.8868618589733481
0.28349479222404184 0.802605145103754
0.514161374324289 0.7231925159875993
0.9143411210814812 0.6511042959423079
1.3965460432567878 0.5890344284373448
1.8319046212925874 0.5381744259516501
2.1734937001538 0.49869987002045635
2.4165507114664 0.47055626862697075
2.5620921294462047 0.4536877424580054
2.61059434045639 0.4480671713015945
2.562092129446195 0.4536877424580062
2.4165507114663702 0.470556268626972
2.1734937001537835 0.49869987002045807
1.8319046212925407 0.5381744259516519
1.3965460432566648 0.5890344284373475
0.9143411210814445 0.6511042959423113
0.5141613743242227 0.723192515987602
0.28349479222401147 0.8026051451037569
0.16267912021772274 0.886861858973351
0.10508498961415916 0.9748499292087985
0.10000299617554927 1.0669287136461878
0.10000000000014149 1.1658460617437825
0.1 1.2760831938904982
0.1 1.3994463655649554
0.1 1.535540481290537
0.1 1.6837245170623505
0.1 1.8434980594487407
0.1 2.0144860236188453
0.1 2.1964050521897645
0.1 2.3890396185744205
0.1 2.5922251953757245
0.1 2.805835912897092
0.1 3.029775511801425
0.1 3.263970496995243
0.1 3.508365042028744
0.1 3.762917107279142
0.1 4.027595560027438
0.1 4.302378042385749
0.1 4.587249410660713
0.1 4.882200838874995
0.1 4.937150725948454
0.1 4.642196506388034
0.1 4.357317627004007
0.1 4.082522235322078
0.1 3.8178242940159444
0.1 3.5632443690522555
0.1 3.3188110173669663
0.1 3.0845626639305577
0.1 2.8605501260524324
0.1 2.6468399821868327
0.1 2.443518951807628
0.1 2.2506997051177478
0.1 2.0685284105618864
0.1 1.8971948250933437
0.1 1.7369455952193045
0.1 1.588102347890588
0.1 1.4510855656912702
0.1 1.3264332966869454
0.1 1.2146456310523255
0.10000000425670219 1.1151287025567354
0.10029608206083568 1.0246955689228998
0.11884824922412332 0.9396640643779026
0.18777807291748955 0.8588142736624652
0.31588965515415124 0.782660787750812
0.5521936683768874 0.7126424682533581
0.9143411210815352 0.6511042959423065
1.3125384162965812 0.5999777910497991
1.6572951603039054 0.5600627199326574
1.9120601011835983 0.5315306639446865
2.0672711096472627 0.5144020195616178
2.1195428969083343 0.5086892837574274
2.0672711096472285 0.5144020195616187
1.9120601011835663 0.5315306639446883
1.657295160303848 0.5600627199326598
1.312538416296443 0.5999777910498023
0.9143411210814348 0.6511042959423115
0.5521936683767683 0.7126424682533626
0.31588965515410644 0.7826607877508173
0.18777807291750953 0.8588142736624684
0.1188482492241425 0.9396640643779052
0.10029608206083568 1.0246955689229011
0.10000000425670219 1.1151287025567374
0.1 1.214645631052327
0.1 1.3264332966869463
0.1 1.451085565691271
0.1 1.5881023478905885
0.1 1.7369455952193047
0.1 1.8971948250933437
0.1 2.068528410561887
0.1 2.250699705117748
0.1 2.443518951807628
0.1 2.6468399821868323
0.1 2.8605501260524324
0.1 3.084562663930558
0.1 3.3188110173669663
0.1 3.563244369052255
0.1 3.8178242940159444
0.1 4.082522235322078
0.1 4.357317627004005
0.1 4.642196506388031
0.1 4.937150725948451
0.1 5.002094785976438
0.1 4.707137485885263
0.1 4.4222503295133535
0.1 4.1474407277692285
0.1 3.8827213684647006
0.1 3.6281108786380627
0.1 3.383635044791581
0.1 3.149328399091806
0.1 2.9252363944402084
0.1 2.71141819649903
0.1 2.5079503493493083
0.1 2.314931432815317
0.1 2.1324880946407783
0.1 1.9607826823989536
0.1 1.8000230402888602
0.1 1.6504747371288824
0.1 1.5124761230610788
0.1 1.3864518808259856
0.1 1.2728727041131975
0.1000000000001303 1.171847485494672
0.10000105369260318 1.081791954693675
0.1018078043582007 0.9992314231014807
0.1276624328106187 0.921866367625386
0.19495751446850756 0.8493766956531551
0.31588965515419554 0.7826607877508094
0.5141613743243957 0.7231925159875956
0.7874853868826566 0.672749825064486
1.077875447606281 0.632713837915722
1.3221021859314626 0.6038199310440497
1.485190952526857 0.5863660865406007
1.5432667983633506 0.5805209424190156
1.4851909525268128 0.5863660865406024
1.322102185931405 0.6038199310440518
1.0778754476061567 0.6327138379157256
0.7874853868825279 0.6727498250644914
0.5141613743242447 0.7231925159876018
0.31588965515409645 0.7826607877508173
0.1949575144684792 0.8493766956531614
0.1276624328106067 0.9218663676253918
0.1018078043582031 0.9992314231014845
0.10000105369260318 1.0817919546936772
0.1000000000001303 1.1718474854946763
0.1 1.2728727041131984
0.1 1.3864518808259862
0.1 1.5124761230610804
0.1 1.6504747371288826
0.1 1.8000230402888613
0.1 1.9607826823989536
0.1 2.1324880946407787
0.1 2.314931432815318
0.1 2.5079503493493087
0.1 2.71141819649903
0.1 2.925236394440209
0.1 3.1493283990918064
0.1 3.383635044791581
0.1 3.628110878638063
0.1 3.8827213684646997
0.1 4.147440727769228
0.1 4.422250329513354
0.1 4.707137485885263
0.1 5.002094785976434
0.1 5.0770343817195185
0.1 4.782073800612903
0.1 4.497177840280821
0.1 4.222353148943484
0.1 3.9576110833949385
0.1 3.7029682686812864
0.1 3.458447617905178
0.1 3.224079668226661
0.1 2.999904356258188
0.1 2.7859733029156577
0.1 2.582352700589785
0.1 2.3891269477457597
0.1 2.2064031244935625
0.1 2.0343164872232578
0.1 1.8730369988772997
0.1 1.7227769219733091
0.1 1.583799007294659
0.1 1.4564238697743046
0.1 1.3410237710391977
0.1 1.2379003001825153
0.10000000003522383 1.1466539647346379
0.10001008524617938 1.065224358620528
0.10286219055163325 0.9907280929648565
0.1276624328106371 0.9218663676253831
0.18777807291754192 0.8588142736624605
0.2834947922241134 0.8026051451037486
0.41775232465332834 0.7543998743503226
0.5851558313096529 0.7154200060792919
0.7619229660686113 0.6867310032092584
0.906553181546207 0.6690463444463421
0.9641250055609137 0.6630419513501061
0.906553181546195 0.6690463444463439
0.7619229660684934 0.6867310032092621
0.5851558313095397 0.7154200060792972
0.4177523246532252 0.7543998743503288
0.2834947922240075 0.8026051451037568
0.18777807291747955 0.8588142736624685
0.12766243281059472 0.921866367625392
0.10286219055163404 0.9907280929648639
0.10001008524617938 1.0652243586205334
0.10000000003522383 1.1466539647346412
0.1 1.2379003001825162
0.1 1.3410237710391986
0.1 1.4564238697743057
0.1 1.5837990072946604
0.1 1.7227769219733098
0.1 1.8730369988773004
0.1 2.0343164872232586
0.1 2.2064031244935634
0.1 2.38912694774576
0.1 2.5823527005897855
0.1 2.7859733029156577
0.1 2.9999043562581886
0.1 3.2240796682266613
0.1 3.458447617905178
0.1 3.7029682686812855
0.1 3.957611083394938
0.1 4.222353148943483
0.1 4.49717784028082
0.1 4.782073800612901
0.1 5.077034381719518
0.1 5.161970897759088
0.1 4.867006922357583
0.1 4.58210187122448
0.1 4.30726162202775
0.1 4.042496198765302
0.1 3.7878202167145907
0.1 3.5432537313086927
0.1 3.3088233078203615
0.1 3.084563453896324
0.1 2.8705183892469828
0.1 2.6667442682679163
0.1 2.473311834888874
0.1 2.2903096066089046
0.1 2.117847484242505
0.1 1.9560607576391351
0.1 1.8051140891875055
0.1 1.665204973263799
0.1 1.5365653173500915
0.1 1.4194575426781242
0.1 1.3141392486282486
0.1 1.2206745609949263
0.10000000020686334 1.1383424846565886
0.10001008524617938 1.0652243586205254
0.1018078043582007 0.9992314231014756
0.11884824922413291 0.9396640643778964
0.1626791202177519 0.8868618589733418
0.22406551003741373 0.8416204656722498
0.30015075354930043 0.8048709325239372
0.39593810573824606 0.7773347151200537
0.4867729473589424 0.7599549728275532
0.5252914767140998 0.7539640971036803
0.486772947358882 0.759954972827555
0.39593810573818056 0.7773347151200584
0.3001507535492601 0.804870932523943
0.22406551003735498 0.8416204656722567
0.16267912021771713 0.8868618589733502
0.11884824922413291 0.9396640643779057
0.1018078043582023 0.9992314231014852
0.10001008524617938 1.0652243586205339
0.10000000020686334 1.1383424846565957
0.1 1.2206745609949305
0.1 1.3141392486282504
0.1 1.4194575426781257
0.1 1.5365653173500922
0.1 1.6652049732638
0.1 1.8051140891875066
0.1 1.956060757639136
0.1 2.117847484242506
0.1 2.290309606608905
0.1 2.473311834888875
0.1 2.6667442682679168
0.1 2.870518389246983
0.1 3.084563453896324
0.1 3.3088233078203615
0.1 3.5432537313086927
0.1 3.7878202167145902
0.1 4.042496198765302
0.1 4.30726162202775
0.1 4.58210187122448
0.1 4.867006922357586
0.1 5.1619708977590895
0.1 5.256905688449053
0.1 4.961938288920492
0.1 4.6770240833845715
0.1 4.402168198108045
0.1 4.137379355277474
0.1 3.8826702222409923
0.1 3.6380580894391996
0.1 3.4035657145102043
0.1 3.1792224253335504
0.1 2.9650654593491024
0.1 2.7611415803174166
0.1 2.567508942357896
0.1 2.3842391794558537
0.1 2.2114195916838653
0.1 2.0491552251463583
0.1 1.8975704160747304
0.1 1.7568091115717734
0.1 1.627032783011034
0.1 1.5084138323839453
0.1 1.4011183286107791
0.1 1.3052502285143899
0.1 1.2206745609949246
0.10000000003522383 1.1466539647346339
0.10000105369260318 1.0817919546936694
0.10029608206083568 1.0246955689228936
0.10508498961415516 0.9748499292087894
0.12210765783165489 0.9325268247267
0.15582660458184422 0.8980995111428951
0.20102612090575459 0.8721192392661439
0.2377109304638029 0.8556841419086302
0.251184657062263 0.8500301012043735
0.23771093046375336 0.8556841419086331
0.20102612090571903 0.8721192392661483
0.15582660458183303 0.8980995111429009
0.12210765783164051 0.9325268247267071
0.10508498961415835 0.9748499292087978
0.10029608206083568 1.0246955689229011
0.10000105369260318 1.081791954693678
0.10000000003522383 1.146653964734642
0.1 1.2206745609949303
0.1 1.305250228514393
0.1 1.4011183286107807
0.1 1.5084138323839467
0.1 1.6270327830110358
0.1 1.7568091115717746
0.1 1.897570416074731
0.1 2.049155225146359
0.1 2.2114195916838653
0.1 2.384239179455854
0.1 2.5675089423578963
0.1 2.761141580317417
0.1 2.965065459349103
0.1 3.179222425333551
0.1 3.4035657145102056
0.1 3.6380580894392
0.1 3.882670222240993
0.1 4.137379355277474
0.1 4.402168198108045
0.1 4.677024083384572
0.1 4.961938288920494
0.1 5.256905688449057
0.1 5.361840029261476
0.1 5.066869250589724
0.1 4.781946029252305
0.1 4.507074776083768
0.1 4.2422629781501655
0.1 3.9875214619838113
0.1 3.7428649219718695
0.1 3.5083125646602626
0.1 3.2838889315357975
0.1 3.0696248715443373
0.1 2.8655586646202567
0.1 2.6717372507131785
0.1 2.488217488783239
0.1 2.3150673009264495
0.1 2.152366449039052
0.1 2.0002065431873164
0.1 1.8586896339745578
0.1 1.7279244340582929
0.1 1.6080187115103362
0.1 1.4990655532685586
0.1 1.4011183286107785
0.1 1.3141392486282462
0.1 1.2379003001825117
0.1000000000001303 1.1718474854946686
0.10000000425670219 1.115128702556729
0.10000299617554927 1.0669287136461794
0.10013598434548521 1.0266487148494299
0.10119141105827403 0.9941175881221231
0.10353610436195307 0.9697973854198496
0.10523980148063981 0.9546234506083279
0.1056489403162475 0.9494590186028026
0.10523980148064141 0.9546234506083305
0.10353610436195387 0.9697973854198545
0.10119141105827323 0.9941175881221288
0.10013598434548521 1.0266487148494365
0.10000299617554927 1.0669287136461867
0.10000000425670219 1.1151287025567378
0.1000000000001303 1.1718474854946757
0.1 1.237900300182517
0.1 1.3141392486282508
0.1 1.401118328610781
0.1 1.4990655532685606
0.1 1.608018711510338
0.1 1.7279244340582949
0.1 1.8586896339745589
0.1 2.0002065431873173
0.1 2.1523664490390524
0.1 2.315067300926451
0.1 2.4882174887832402
0.1 2.671737250713179
0.1 2.865558664620257
0.1 3.069624871544338
0.1 3.2838889315357984
0.1 3.5083125646602635
0.1 3.7428649219718695
0.1 3.9875214619838113
0.1 4.2422629781501655
0.1 4.507074776083768
0.1 4.781946029252306
0.1 5.0668692505897255
0.1 5.361840029261478
0.1 5.476775078044768
0.1 5.181801029792468
0.1 4.896869103519841
0.1 4.621983045098031
0.1 4.357149197710318
0.1 4.102376690968227
0.1 3.8576778427850424
0.1 3.623068633872569
0.1 3.398569301294293
0.1 3.184205012591893
0.1 2.980006606392548
0.1 2.7860113392755173
0.1 2.6022635521616206
0.1 2.428815107131983
0.1 2.2657253630382765
0.1 2.113060346504937
0.1 1.9708906147364134
0.1 1.8392871284067307
0.1 1.7183142327722802
0.1 1.6080187115103357
0.1 1.5084138323839442
0.1 1.419457542678122
0.1 1.3410237710391946
0.1 1.2728727041131944
0.1 1.2146456310523195
0.10000000000014149 1.1658460617437774
0.10000000017361153 1.1258589572968214
0.10000001425833133 1.094281818469315
0.10000015008325143 1.071211728242006
0.10000042516957755 1.0570925139521468
0.10000056526411312 1.0523361530186564
0.10000042516957755 1.0570925139521488
0.10000015008325143 1.0712117282420095
0.10000001425833133 1.0942818184693208
0.10000000017361153 1.1258589572968267
0.10000000000014149 1.1658460617437818
0.1 1.214645631052326
0.1 1.2728727041131982
0.1 1.3410237710391997
0.1 1.4194575426781255
0.1 1.5084138323839469
0.1 1.608018711510338
0.1 1.7183142327722818
0.1 1.8392871284067318
0.1 1.9708906147364142
0.1 2.1130603465049376
0.1 2.2657253630382774
0.1 2.428815107131984
0.1 2.6022635521616215
0.1 2.786011339275518
0.1 2.980006606392548
0.1 3.1842050125918937
0.1 3.3985693012942937
0.1 3.623068633872569
0.1 3.8576778427850424
0.1 4.102376690968227
0.1 4.357149197710318
0.1 4.621983045098031
0.1 4.896869103519842
0.1 5.181801029792467
0.1 5.476775078044766
0.1 5.601711846670581
0.1 5.3067346909488435
0.1 5.021794509467519
0.1 4.746894443604352
0.1 4.482039800079563
0.1 4.227238179381244
0.1 3.982499773044446
0.1 3.74783770042476
0.1 3.523268420274616
0.1 3.3088121741234198
0.1 3.1044934412286347
0.1 2.910341340986002
0.1 2.726389900997288
0.1 2.552678055915237
0.1 2.3892491888434453
0.1 2.236149949526048
0.1 2.093427999449187
0.1 1.9611282517369142
0.1 1.8392871284067305
0.1 1.7279244340582924
0.1 1.6270327830110336
0.1 1.5365653173500895
0.1 1.4564238697743028
0.1 1.3864518808259825
0.1 1.3264332966869419
0.1 1.2760831938904929
0.1 1.2350694343979758
0.1 1.20314082343958
0.1 1.1802349060969255
0.1000000000000032 1.1664287919749787
0.1000000000000064 1.1618149751573716
0.1000000000000032 1.1664287919749805
0.1 1.1802349060969284
0.1 1.203140823439584
0.1 1.235069434397978
0.1 1.2760831938904973
0.1 1.3264332966869457
0.1 1.3864518808259856
0.1 1.4564238697743046
0.1 1.5365653173500917
0.1 1.6270327830110358
0.1 1.7279244340582949
0.1 1.8392871284067318
0.1 1.9611282517369153
0.1 2.093427999449188
0.1 2.236149949526049
0.1 2.3892491888434466
0.1 2.5526780559152376
0.1 2.726389900997289
0.1 2.9103413409860024
0.1 3.104493441228635
0.1 3.3088121741234207
0.1 3.523268420274616
0.1 3.747837700424761
0.1 3.9824997730444465
0.1 4.227238179381245
0.1 4.482039800079562
0.1 4.7468944436043525
0.1 5.021794509467518
0.1 5.306734690948843
0.1 5.6017118466705815
0.1 5.736651183505585
0.1 5.441671122312783
0.1 5.15672323954611
0.1 4.881810138044589
0.1 4.616936204186357
0.1 4.362107688629386
0.1 4.117332919630703
0.1 3.8826225322625643
0.1 3.6579897405205593
0.1 3.443450609931764
0.1 3.2390243089103095
0.1 3.044733279364059
0.1 2.8606032561820687
0.1 2.6866630252079045
0.1 2.522943777723215
0.1 2.3694778732059087
0.1 2.226296787054208
0.1 2.093427999449187
0.1 1.9708906147364131
0.1 1.8586896339745573
0.1 1.7568091115717726
0.1 1.6652049732637977
0.1 1.5837990072946573
0.1 1.512476123061077
0.1 1.4510855656912671
0.1 1.3994463655649514
0.1 1.357369674855984
0.1 1.324707551818259
0.1 1.3013862554557778
0.1 1.2873900633699167
0.1 1.2827236439793908
0.1 1.2873900633699173
0.1 1.3013862554557798
0.1 1.324707551818262
0.1 1.3573696748559876
0.1 1.3994463655649547
0.1 1.4510855656912705
0.1 1.5124761230610795
0.1 1.5837990072946606
0.1 1.6652049732638
0.1 1.756809111571774
0.1 1.8586896339745587
0.1 1.9708906147364142
0.1 2.093427999449188
0.1 2.226296787054209
0.1 2.369477873205909
0.1 2.5229437777232158
0.1 2.686663025207905
0.1 2.8606032561820696
0.1 3.044733279364059
0.1 3.2390243089103095
0.1 3.443450609931765
0.1 3.6579897405205597
0.1 3.8826225322625643
0.1 4.117332919630704
0.1 4.3621076886293855
0.1 4.616936204186357
0.1 4.881810138044589
0.1 5.156723239546109
0.1 5.4416711223127825
0.1 5.736651183505586
0.1 5.881593766228065
0.1 5.586611029065584
0.1 5.301656069454207
0.1 5.026731019267287
0.1 4.761839462738466
0.1 4.506986481157041
0.1 4.2621788009009025
0.1 4.027424941469155
0.1 3.8027353846978027
0.1 3.5881227261913224
0.1 3.3836017889053913
0.1 3.1891896478237123
0.1 3.004905509491673
0.1 2.830770361908268
0.1 2.666806294460454
0.1 2.513035363567228
0.1 2.3694778732059087
0.1 2.236149949526048
0.1 2.113060346504937
0.1 2.000206543187316
0.1 1.8975704160747295
0.1 1.8051140891875037
0.1 1.7227769219733076
0.1 1.6504747371288806
0.1 1.5881023478905856
0.1 1.5355404812905342
0.1 1.4926706671201517
0.1 1.4593964228930665
0.1 1.4356564241260958
0.1 1.421420341525612
0.1 1.4166760328591954
0.1 1.4214203415256126
0.1 1.4356564241260972
0.1 1.4593964228930676
0.1 1.492670667120153
0.1 1.5355404812905364
0.1 1.5881023478905882
0.1 1.6504747371288824
0.1 1.7227769219733096
0.1 1.8051140891875057
0.1 1.8975704160747313
0.1 2.000206543187317
0.1 2.1130603465049376
0.1 2.236149949526049
0.1 2.369477873205909
0.1 2.5130353635672282
0.1 2.6668062944604545
0.1 2.8307703619082685
0.1 3.0049055094916737
0.1 3.189189647823713
0.1 3.383601788905392
0.1 3.5881227261913224
0.1 3.802735384697803
0.1 4.027424941469156
0.1 4.2621788009009025
0.1 4.506986481157041
0.1 4.7618394627384655
0.1 5.026731019267287
0.1 5.301656069454207
0.1 5.5866110290655815
0.1 5.881593766228062
0.1 6.036540103981042
0.1 5.741554936420197
0.1 5.456593564070169
0.1 5.181657713939461
0.1 4.916750283020492
0.1 4.661875356905303
0.1 4.417038308573804
0.1 4.182245887303685
0.1 3.9575063148527465
0.1 3.7428293548308553
0.1 3.538226338447025
0.1 3.343710105220977
0.1 3.159294816211744
0.1 2.9849955784714464
0.1 2.820827813732542
0.1 2.666806294460454
0.1 2.522943777723215
0.1 2.389249188843446
0.1 2.2657253630382765
0.1 2.1523664490390506
0.1 2.0491552251463587
0.1 1.9560607576391345
0.1 1.8730369988772986
0.1 1.8000230402888593
0.1 1.7369455952193027
0.1 1.683724517062348
0.1 1.64028159280745
0.1 1.6065508248938891
0.1 1.582484949189789
0.1 1.5680551389205095
0.1 1.5632466851759617
0.1 1.56805513892051
0.1 1.5824849491897892
0.1 1.6065508248938896
0.1 1.640281592807452
0.1 1.6837245170623494
0.1 1.7369455952193043
0.1 1.8000230402888608
0.1 1.8730369988773006
0.1 1.956060757639136
0.1 2.049155225146359
0.1 2.152366449039052
0.1 2.265725363038277
0.1 2.3892491888434466
0.1 2.522943777723216
0.1 2.6668062944604545
0.1 2.8208278137325427
0.1 2.9849955784714473
0.1 3.159294816211745
0.1 3.343710105220978
0.1 3.5382263384470254
0.1 3.742829354830856
0.1 3.957506314852747
0.1 4.182245887303684
0.1 4.417038308573804
0.1 4.661875356905303
0.1 4.916750283020492
0.1 5.18165771393946
0.1 5.456593564070168
0.1 5.741554936420194
0.1 6.0365401039810385
0.1 6.2014905471714465
0.1 5.906503200850063
0.1 5.621536092787976
0.1 5.346590607438928
0.1 5.0816690622477205
0.1 4.8267747083340415
0.1 4.581911793274376
0.1 4.347085608555631
0.1 4.122302536084173
0.1 3.9075700649419813
0.1 3.702896765387612
0.1 3.508292187817631
0.1 3.323766656296206
0.1 3.1493309140135155
0.1 2.9849955784714464
0.1 2.8307703619082676
0.1 2.686663025207904
0.1 2.552678055915237
0.1 2.4288151071319826
0.1 2.3150673009264495
0.1 2.211419591683865
0.1 2.117847484242504
0.1 2.034316487223257
0.1 1.9607826823989523
0.1 1.8971948250933424
0.1 1.8434980594487387
0.1 1.799639191247385
0.1 1.76557217263273
0.1 1.7412617564118529
0.1 1.7266842873438708
0.1 1.7218265373782806
0.1 1.7266842873438712
0.1 1.7412617564118535
0.1 1.7655721726327307
0.1 1.7996391912473857
0.1 1.8434980594487407
0.1 1.897194825093344
0.1 1.9607826823989536
0.1 2.0343164872232586
0.1 2.1178474842425055
0.1 2.2114195916838653
0.1 2.3150673009264504
0.1 2.4288151071319835
0.1 2.5526780559152376
0.1 2.686663025207905
0.1 2.8307703619082685
0.1 2.9849955784714473
0.1 3.1493309140135164
0.1 3.3237666562962063
0.1 3.508292187817632
0.1 3.7028967653876115
0.1 3.907570064941982
0.1 4.122302536084174
0.1 4.34708560855563
0.1 4.581911793274375
0.1 4.8267747083340415
0.1 5.081669062247722
0.1 5.346590607438927
0.1 5.621536092787973
0.1 5.906503200850059
0.1 6.201490547171441
0.1 6.376445303154246
0.1 6.081456027490914
0.1 5.796483851727192
0.1 5.521529874733423
0.1 5.25659593233262
0.1 5.00168458645536
0.1 4.7567991624197035
0.1 4.521943768563215
0.1 4.297123310594029
0.1 4.082343476987216
0.1 3.8776106860123223
0.1 3.6829319700577994
0.1 3.498314776454721
0.1 3.323766656296206
0.1 3.1592948162117445
0.1 3.0049055094916732
0.1 2.860603256182069
0.1 2.726389900997288
0.1 2.602263552161621
0.1 2.488217488783239
0.1 2.3842391794558537
0.1 2.290309606608904
0.1 2.206403124493562
0.1 2.1324880946407783
0.1 2.0685284105618855
0.1 2.0144860236188444
0.1 1.9703240794251586
0.1 1.9360100786861683
0.1 1.9115181746533065
0.1 1.8968301350215693
0.1 1.8919352869842097
0.1 1.8968301350215697
0.1 1.9115181746533065
0.1 1.9360100786861687
0.1 1.9703240794251595
0.1 2.014486023618845
0.1 2.068528410561887
0.1 2.1324880946407787
0.1 2.2064031244935634
0.1 2.2903096066089055
0.1 2.384239179455854
0.1 2.4882174887832402
0.1 2.6022635521616215
0.1 2.726389900997289
0.1 2.8606032561820696
0.1 3.0049055094916737
0.1 3.159294816211745
0.1 3.3237666562962063
0.1 3.4983147764547224
0.1 3.6829319700578003
0.1 3.8776106860123227
0.1 4.082343476987216
0.1 4.297123310594029
0.1 4.521943768563217
0.1 4.756799162419703
0.1 5.00168458645536
0.1 5.25659593233262
0.1 5.521529874733423
0.1 5.796483851727189
0.1 6.081456027490909
0.1 6.3764453031542425
0.1 6.561404455795924
0.1 6.266413491525715
0.1 5.98143689014208
0.1 5.706475515686615
0.1 5.441530809158877
0.1 5.186604770953133
0.1 4.94169998070543
0.1 4.706819599220199
0.1 4.481967363312987
0.1 4.267147554494942
0.1 4.062364935172209
0.1 3.8676246344572554
0.1 3.682931970057799
0.1 3.508292187817631
0.1 3.343710105220977
0.1 3.1891896478237123
0.1 3.044733279364059
0.1 2.9103413409860024
0.1 2.7860113392755173
0.1 2.6717372507131785
0.1 2.567508942357896
0.1 2.473311834888874
0.1 2.3891269477457597
0.1 2.3149314328153165
0.1 2.2506997051177473
0.1 2.196405052189764
0.1 2.1520216252997764
0.1 2.1175263750681457
0.1 2.0929005382446078
0.1 2.078130489606428
0.1 2.073208046666317
0.1 2.078130489606428
0.1 2.0929005382446078
0.1 2.1175263750681457
0.1 2.1520216252997773
0.1 2.1964050521897645
0.1 2.2506997051177486
0.1 2.3149314328153174
0.1 2.3891269477457597
0.1 2.473311834888875
0.1 2.5675089423578963
0.1 2.671737250713179
0.1 2.7860113392755177
0.1 2.9103413409860024
0.1 3.044733279364059
0.1 3.1891896478237127
0.1 3.343710105220978
0.1 3.5082921878176325
0.1 3.6829319700578003
0.1 3.8676246344572554
0.1 4.0623649351722095
0.1 4.267147554494943
0.1 4.481967363312987
0.1 4.7068195992202
0.1 4.941699980705429
0.1 5.186604770953133
0.1 5.441530809158876
0.1 5.7064755156866145
0.1 5.981436890142078
0.1 6.266413491525711
0.1 6.56140445579592
0.1 6.756367987281633
0.1 6.461375561778039
0.1 6.17639513887233
0.1 5.901427391998786
0.1 5.636473442594974
0.1 5.3815348392829785
0.1 5.136613566268684
0.1 4.901712034804382
0.1 4.676833067276675
0.1 4.461979858808932
0.1 4.257155912464162
0.1 4.062364935172209
0.1 3.8776106860123214
0.1 3.702896765387612
0.1 3.5382263384470245
0.1 3.3836017889053913
0.1 3.239024308910309
0.1 3.104493441228635
0.1 2.9800066063925477
0.1 2.8655586646202567
0.1 2.761141580317416
0.1 2.666744268267916
0.1 2.5823527005897846
0.1 2.507950349349308
0.1 2.443518951807627
0.1 2.3890396185744196
0.1 2.3444940752226877
0.1 2.3098658984015317
0.1 2.285141536565347
0.1 2.270310986572709
0.1 2.2653681513193167
0.1 2.2703109865727096
0.1 2.2851415365653476
0.1 2.3098658984015326
0.1 2.344494075222688
0.1 2.38903961857442
0.1 2.443518951807628
0.1 2.5079503493493087
0.1 2.582352700589785
0.1 2.6667442682679168
0.1 2.7611415803174175
0.1 2.865558664620257
0.1 2.980006606392548
0.1 3.104493441228635
0.1 3.2390243089103095
0.1 3.3836017889053918
0.1 3.5382263384470254
0.1 3.702896765387612
0.1 3.8776106860123227
0.1 4.0623649351722095
0.1 4.257155912464164
0.1 4.461979858808933
0.1 4.676833067276676
0.1 4.901712034804382
0.1 5.136613566268685
0.1 5.381534839282977
0.1 5.636473442594974
0.1 5.901427391998785
0.1 6.176395138872328
0.1 6.461375561778039
0.1 6.7563679872816325
0.1 6.961335800477984
0.1 6.666342124715682
0.1 6.3813584387620645
0.1 6.106385263235491
0.1 5.841423464045701
0.1 5.586474230675798
0.1 5.341539077438144
0.1 5.106619829436604
0.1 4.88171860170332
0.1 4.666837759661475
0.1 4.461979858808933
0.1 4.267147554494941
0.1 4.082343476987215
0.1 3.907570064941981
0.1 3.742829354830855
0.1 3.5881227261913224
0.1 3.4434506099317645
0.1 3.3088121741234198
0.1 3.1842050125918933
0.1 3.0696248715443377
0.1 2.9650654593491024
0.1 2.8705183892469823
0.1 2.785973302915657
0.1 2.71141819649903
0.1 2.646839982186832
0.1 2.5922251953757236
0.1 2.547560834891038
0.1 2.5128351776663775
0.1 2.4880384678819034
0.1 2.4731634286000275
0.1 2.4682055848620843
0.1 2.4731634286000275
0.1 2.488038467881904
0.1 2.5128351776663775
0.1 2.5475608348910384
0.1 2.592225195375724
0.1 2.6468399821868323
0.1 2.71141819649903
0.1 2.7859733029156577
0.1 2.870518389246983
0.1 2.965065459349103
0.1 3.0696248715443377
0.1 3.1842050125918937
0.1 3.30881217412342
0.1 3.443450609931765
0.1 3.5881227261913224
0.1 3.742829354830856
0.1 3.907570064941982
0.1 4.082343476987216
0.1 4.267147554494943
0.1 4.461979858808933
0.1 4.666837759661477
0.1 4.881718601703321
0.1 5.106619829436606
0.1 5.341539077438147
0.1 5.5864742306757975
0.1 5.841423464045702
0.1 6.10638526323549
0.1 6.381358438762065
0.1 6.666342124715682
0.1 6.961335800477985
0.1 7.17630774083914
0.1 6.881313007795062
0.1 6.596326567829665
0.1 6.321348820510798
0.1 6.05638042981974
0.1 5.801422303035544
0.1 5.556475587827794
0.1 5.321541655971249
0.1 5.09662208115881
0.1 4.88171860170332
0.1 4.676833067276675
0.1 4.481967363312987
0.1 4.297123310594027
0.1 4.122302536084173
0.1 3.957506314852746
0.1 3.8027353846978027
0.1 3.6579897405205593
0.1 3.523268420274616
0.1 3.398569301294293
0.1 3.2838889315357975
0.1 3.1792224253335504
0.1 3.0845634538963234
0.1 2.9999043562581873
0.1 2.925236394440208
0.1 2.8605501260524324
0.1 2.8058359128970918
0.1 2.761084461331047
0.1 2.726287370065421
0.1 2.70143761790721
0.1 2.6865299395962836
0.1 2.6815610802629903
0.1 2.6865299395962836
0.1 2.7014376179072106
0.1 2.726287370065421
0.1 2.761084461331047
0.1 2.8058359128970918
0.1 2.8605501260524324
0.1 2.925236394440209
0.1 2.9999043562581886
0.1 3.084563453896324
0.1 3.1792224253335504
0.1 3.2838889315357984
0.1 3.3985693012942937
0.1 3.523268420274616
0.1 3.6579897405205597
0.1 3.802735384697803
0.1 3.957506314852747
0.1 4.122302536084174
0.1 4.297123310594029
0.1 4.481967363312988
0.1 4.676833067276676
0.1 4.881718601703321
0.1 5.09662208115881
0.1 5.3215416559712505
0.1 5.556475587827797
0.1 5.801422303035546
0.1 6.0563804298197415
0.1 6.321348820510799
0.1 6.596326567829666
0.1 6.881313007795059
0.1 7.176307740839142
0.1 7.4012836166923
0.1 7.1062880009437945
0.1 6.821299265902434
0.1 6.546317716413265
0.1 6.281343858786197
0.1 6.026378381136865
0.1 5.781422148305177
0.1 5.546476185315603
0.1 5.321541655971249
0.1 5.106619829436604
0.1 4.9017120348043814
0.1 4.706819599220198
0.1 4.521943768563216
0.1 4.34708560855563
0.1 4.182245887303684
0.1 4.027424941469155
0.1 3.8826225322625643
0.1 3.7478377004247605
0.1 3.623068633872569
0.1 3.508312564660263
0.1 3.403565714510205
0.1 3.3088233078203615
0.1 3.224079668226661
0.1 3.1493283990918064
0.1 3.084562663930558
0.1 3.029775511801425
0.1 2.9849602624578155
0.1 2.950110880919986
0.1 2.925222310207372
0.1 2.9102907437629564
0.1 2.9053138213686016
0.1 2.910290743762957
0.1 2.9252223102073724
0.1 2.9501108809199863
0.1 2.9849602624578155
0.1 3.029775511801425
0.1 3.0845626639305586
0.1 3.1493283990918064
0.1 3.2240796682266613
0.1 3.3088233078203615
0.1 3.403565714510205
0.1 3.5083125646602635
0.1 3.623068633872569
0.1 3.7478377004247605
0.1 3.8826225322625647
0.1 4.027424941469156
0.1 4.182245887303684
0.1 4.34708560855563
0.1 4.521943768563217
0.1 4.7068195992202
0.1 4.901712034804382
0.1 5.106619829436605
0.1 5.3215416559712505
0.1 5.546476185315606
0.1 5.781422148305179
0.1 6.026378381136869
0.1 6.281343858786199
0.1 6.5463177164132675
0.1 6.821299265902436
0.1 7.106288000943791
0.1 7.401283616692294
0.1 7.636263217672392
0.1 7.3412668759602235
0.1 7.056276256525733
0.1 6.781291591072241
0.1 6.516313264388465
0.1 6.261341796538925
0.1 6.016377836865129
0.1 5.781422148305177
0.1 5.556475587827795
0.1 5.341539077438144
0.1 5.136613566268684
0.1 4.941699980705429
0.1 4.756799162419702
0.1 4.581911793274375
0.1 4.417038308573804
0.1 4.2621788009009025
0.1 4.117332919630703
0.1 3.982499773044446
0.1 3.8576778427850424
0.1 3.742864921971869
0.1 3.6380580894391996
0.1 3.5432537313086927
0.1 3.458447617905178
0.1 3.38363504479158
0.1 3.3188110173669663
0.1 3.263970496995243
0.1 3.2191086523038597
0.1 3.184221118425802
0.1 3.1593042368717135
0.1 3.1443552511316932
0.1 3.139372449323764
0.1 3.1443552511316932
0.1 3.1593042368717135
0.1 3.1842211184258025
0.1 3.2191086523038592
0.1 3.263970496995243
0.1 3.3188110173669667
0.1 3.3836350447915806
0.1 3.458447617905178
0.1 3.5432537313086927
0.1 3.6380580894391996
0.1 3.742864921971869
0.1 3.8576778427850424
0.1 3.9824997730444465
0.1 4.117332919630703
0.1 4.2621788009009025
0.1 4.417038308573804
0.1 4.581911793274375
0.1 4.756799162419703
0.1 4.941699980705429
0.1 5.136613566268684
0.1 5.341539077438147
0.1 5.556475587827796
0.1 5.781422148305179
0.1 6.016377836865133
0.1 6.261341796538929
0.1 6.5163132643884705
0.1 6.781291591072247
0.1 7.056276256525737
0.1 7.3412668759602235
0.1 7.6362632176723935
0.1 7.881246330482304
0.1 7.5862494030067715
0.1 7.301257265340937
0.1 7.0262700936039675
0.1 6.761288180382506
0.1 6.506311918839118
0.1 6.261341796538925
0.1 6.026378381136865
0.1 5.801422303035543
0.1 5.5864742306757975
0.1 5.381534839282978
0.1 5.1866047709531315
0.1 5.001684586455358
0.1 4.826774708334041
0.1 4.661875356905301
0.1 4.506986481157041
0.1 4.3621076886293855
0.1 4.227238179381245
0.1 4.102376690968227
0.1 3.9875214619838113
0.1 3.8826702222409923
0.1 3.78782021671459
0.1 3.7029682686812855
0.1 3.6281108786380627
0.1 3.563244369052255
0.1 3.508365042028744
0.1 3.4634693672004984
0.1 3.4285541637303245
0.1 3.403616765277888
0.1 3.388655160791238
0.1 3.383668100561737
0.1 3.388655160791238
0.1 3.403616765277888
0.1 3.4285541637303245
0.1 3.463469367200499
0.1 3.508365042028744
0.1 3.5632443690522555
0.1 3.628110878638063
0.1 3.702968268681286
0.1 3.7878202167145902
0.1 3.882670222240992
0.1 3.9875214619838117
0.1 4.102376690968227
0.1 4.227238179381244
0.1 4.362107688629386
0.1 4.506986481157041
0.1 4.661875356905303
0.1 4.8267747083340415
0.1 5.00168458645536
0.1 5.186604770953132
0.1 5.381534839282977
0.1 5.586474230675798
0.1 5.801422303035546
0.1 6.026378381136868
0.1 6.26134179653893
0.1 6.506311918839122
0.1 6.761288180382511
0.1 7.026270093603973
0.1 7.301257265340944
0.1 7.586249403006781
0.1 7.881246330482312
0.1 8.136232752590404
0.1 7.841235364860655
0.1 7.556242035736496
0.1 7.281252900004446
0.1 7.0162681817783215
0.1 6.761288180382505
0.1 6.516313264388464
0.1 6.281343858786196
0.1 6.056380429819739
0.1 5.8414234640456995
0.1 5.636473442594973
0.1 5.441530809158875
0.1 5.256595932332617
0.1 5.08166906224772
0.1 4.91675028302049
0.1 4.761839462738464
0.1 4.616936204186356
0.1 4.482039800079562
0.1 4.357149197710317
0.1 4.242262978150165
0.1 4.137379355277473
0.1 4.042496198765301
0.1 3.9576110833949376
0.1 3.8827213684647
0.1 3.817824294015944
0.1 3.7629171072791423
0.1 3.7179971876228093
0.1 3.683062176636746
0.1 3.658110100541494
0.1 3.643139472128161
0.1 3.6381493671533103
0.1 3.6431394721281607
0.1 3.6581101005414935
0.1 3.683062176636746
0.1 3.71799718762281
0.1 3.7629171072791427
0.1 3.8178242940159444
0.1 3.8827213684647
0.1 3.957611083394937
0.1 4.042496198765301
0.1 4.137379355277473
0.1 4.242262978150165
0.1 4.357149197710318
0.1 4.482039800079562
0.1 4.616936204186357
0.1 4.761839462738465
0.1 4.916750283020491
0.1 5.081669062247721
0.1 5.256595932332619
0.1 5.441530809158875
0.1 5.636473442594973
0.1 5.841423464045701
0.1 6.0563804298197415
0.1 6.281343858786199
0.1 6.5163132643884705
0.1 6.761288180382511
0.1 7.016268181778326
0.1 7.281252900004456
0.1 7.556242035736509
0.1 7.841235364860671
0.1 8.136232752590425
0.1 8.40122230278282
0.1 8.106224567837069
0.1 7.821230340694208
0.1 7.546239726433526
0.1 7.2812529000044455
0.1 7.026270093603965
0.1 6.7812915910722396
0.1 6.546317716413262
0.1 6.321348820510797
0.1 6.106385263235489
0.1 5.9014273919987845
0.1 5.706475515686612
0.1 5.521529874733421
0.1 5.346590607438926
0.1 5.181657713939458
0.1 5.026731019267285
0.1 4.881810138044588
0.1 4.746894443604352
0.1 4.62198304509803
0.1 4.507074776083768
0.1 4.402168198108044
0.1 4.307261622027749
0.1 4.222353148943483
0.1 4.147440727769228
0.1 4.082522235322078
0.1 4.027595560027438
0.1 3.982658701364075
0.1 3.9477098656334753
0.1 3.9227475532606646
0.1 3.9077706345141587
0.1 3.90277840759386
0.1 3.9077706345141587
0.1 3.9227475532606646
0.1 3.9477098656334753
0.1 3.9826587013640755
0.1 4.027595560027438
0.1 4.082522235322079
0.1 4.147440727769228
0.1 4.2223531489434825
0.1 4.307261622027749
0.1 4.402168198108044
0.1 4.507074776083768
0.1 4.621983045098031
0.1 4.746894443604352
0.1 4.881810138044588
0.1 5.026731019267286
0.1 5.18165771393946
0.1 5.346590607438927
0.1 5.521529874733423
0.1 5.706475515686615
0.1 5.901427391998786
0.1 6.106385263235489
0.1 6.321348820510799
0.1 6.546317716413267
0.1 6.781291591072247
0.1 7.026270093603973
0.1 7.281252900004456
0.1 7.546239726433544
0.1 7.821230340694224
0.1 8.1062245678371
0.1 8.401222302782847
0.1 8.67621483059584
0.1 8.381216851506085
0.1 8.096221993202521
0.1 7.821230340694207
0.1 7.556242035736495
0.1 7.3012572653409356
0.1 7.056276256525731
0.1 6.821299265902434
0.1 6.596326567829664
0.1 6.381358438762064
0.1 6.176395138872328
0.1 5.981436890142077
0.1 5.796483851727188
0.1 5.621536092787972
0.1 5.456593564070167
0.1 5.301656069454205
0.1 5.156723239546108
0.1 5.021794509467519
0.1 4.896869103519842
0.1 4.781946029252307
0.1 4.6770240833845715
0.1 4.58210187122448
0.1 4.497177840280821
0.1 4.4222503295133535
0.1 4.357317627004004
0.1 4.302378042385749
0.1 4.257429978567089
0.1 4.222472005958514
0.1 4.197502931959338
0.1 4.182521859516362
0.1 4.1775282316511255
0.1 4.182521859516361
0.1 4.197502931959338
0.1 4.222472005958514
0.1 4.25742997856709
0.1 4.302378042385749
0.1 4.357317627004005
0.1 4.422250329513353
0.1 4.49717784028082
0.1 4.58210187122448
0.1 4.677024083384571
0.1 4.781946029252305
0.1 4.896869103519842
0.1 5.021794509467518
0.1 5.156723239546108
0.1 5.301656069454207
0.1 5.456593564070168
0.1 5.621536092787973
0.1 5.796483851727189
0.1 5.981436890142078
0.1 6.176395138872328
0.1 6.381358438762065
0.1 6.596326567829666
0.1 6.821299265902436
0.1 7.056276256525737
0.1 7.301257265340944
0.1 7.556242035736508
0.1 7.821230340694224
0.1 8.096221993202539
0.1 8.381216851506116
0.1 8.676214830595875
0.1 8.961210221192783
0.1 8.666212093682537
0.1 8.381216851506084
0.1 8.106224567837069
0.1 7.841235364860651
0.1 7.5862494030067715
0.1 7.341266875960223
0.1 7.106288000943792
0.1 6.881313007795059
0.1 6.666342124715681
0.1 6.461375561778037
0.1 6.266413491525714
0.1 6.081456027490908
0.1 5.9065032008500555
0.1 5.741554936420193
0.1 5.586611029065579
0.1 5.441671122312781
0.1 5.306734690948844
0.1 5.181801029792468
0.1 5.0668692505897255
0.1 4.961938288920494
0.1 4.867006922357586
0.1 4.782073800612903
0.1 4.707137485885261
0.1 4.64219650638803
0.1 4.587249410660712
0.1 4.542294831846425
0.1 4.507331550555869
0.1 4.482358550441184
0.1 4.467375067119443
0.1 4.4623806262648325
0.1 4.467375067119443
0.1 4.482358550441184
0.1 4.507331550555871
0.1 4.542294831846425
0.1 4.587249410660712
0.1 4.64219650638803
0.1 4.707137485885262
0.1 4.782073800612901
0.1 4.867006922357584
0.1 4.961938288920493
0.1 5.0668692505897255
0.1 5.181801029792466
0.1 5.306734690948843
0.1 5.441671122312781
0.1 5.586611029065581
0.1 5.741554936420193
0.1 5.90650320085006
0.1 6.081456027490912
0.1 6.2664134915257135
0.1 6.461375561778039
0.1 6.666342124715681
0.1 6.881313007795057
0.1 7.106288000943788
0.1 7.341266875960221
0.1 7.58624940300678
0.1 7.841235364860669
0.1 8.1062245678371
0.1 8.381216851506116
0.1 8.666212093682585
0.1 8.961210221192843
0.1 9.256208405841868
0.1 8.96121022119278
0.1 8.676214830595839
0.1 8.401222302782816
0.1 8.1362327525904
0.1 7.881246330482301
0.1 7.63626321767239
0.1 7.401283616692295
0.1 7.176307740839139
0.1 6.9613358004779835
0.1 6.756367987281632
0.1 6.5614044557959215
0.1 6.376445303154241
0.1 6.20149054717144
0.1 6.036540103981037
0.1 5.881593766228058
0.1 5.7366511835055825
0.1 5.601711846670581
0.1 5.476775078044768
0.1 5.361840029261476
0.1 5.256905688449057
0.1 5.161970897759089
0.1 5.07703438171952
0.1 5.002094785976434
0.1 4.937150725948449
0.1 4.882200838874993
0.1 4.837243842209686
0.1 4.802278592602287
0.1 4.777304137643204
0.1 4.762319761310291
0.1 4.757325019379047
0.1 4.762319761310291
0.1 4.777304137643205
0.1 4.802278592602288
0.1 4.837243842209685
0.1 4.882200838874994
0.1 4.937150725948449
0.1 5.002094785976435
0.1 5.077034381719517
0.1 5.161970897759088
0.1 5.256905688449055
0.1 5.361840029261478
0.1 5.476775078044765
0.1 5.60171184667058
0.1 5.736651183505583
0.1 5.881593766228059
0.1 6.036540103981038
0.1 6.201490547171444
0.1 6.376445303154244
0.1 6.561404455795922
0.1 6.7563679872816325
0.1 6.9613358004779835
0.1 7.176307740839138
0.1 7.4012836166922895
0.1 7.636263217672389
0.1 7.881246330482309
0.1 8.136232752590423
0.1 8.401222302782847
0.1 8.676214830595876
0.1 8.961210221192841
0.1 9.256208405841937
