0.3 9.185564121538523
0.3 8.890565116947945
0.3 8.605567574268147
0.3 8.330571536472815
0.3 8.065577074260792
0.3 7.810584280669286
0.3 7.565593268556623
0.3 7.330604165627757
0.3 7.105617108760512
0.3 6.890632236508625
0.3 6.685649680283963
0.3 6.490669553830462
0.3 6.305691941363261
0.3 6.130716884450793
0.3 5.965744368234194
0.3 5.810774307541404
0.3 5.6658065338594295
0.3 5.530840784170384
0.3 5.4058766929156175
0.3 5.2909137883027215
0.3 5.185951494157649
0.3 5.090989138191276
0.3 5.006025967319906
0.3 4.9310611708442185
0.3 4.866093908686408
0.3 4.811123345424492
0.3 4.766148686253191
0.3 4.731169217263209
0.3 4.706184339848668
0.3 4.691193601557743
0.3 4.6861967206674215
0.3 4.691193601557743
0.3 4.706184339848668
0.3 4.731169217263212
0.3 4.766148686253195
0.3 4.8111233454244955
0.3 4.866093908686412
0.3 4.9310611708442185
0.3 5.006025967319905
0.3 5.090989138191273
0.3 5.185951494157645
0.3 5.290913788302718
0.3 5.405876692915616
0.3 5.5308407841703815
0.3 5.665806533859427
0.3 5.810774307541401
0.3 5.9657443682341915
0.3 6.130716884450789
0.3 6.305691941363257
0.3 6.4906695538304575
0.3 6.685649680283959
0.3 6.890632236508622
0.3 7.105617108760511
0.3 7.330604165627758
0.3 7.565593268556624
0.3 7.810584280669283
0.3 8.06557707426079
0.3 8.330571536472815
0.3 8.605567574268141
0.3 8.890565116947931
0.3 9.185564121538507
0.3 8.890565116947945
0.3 8.595566147436069
0.3 8.310568693298972
0.3 8.035572800438125
0.3 7.770578544357995
0.3 7.5155860246261845
0.3 7.270595362313273
0.3 7.035606694875362
0.3 6.810620170285862
0.3 6.595635939231518
0.3 6.390654145870677
0.3 6.1956749167297955
0.3 6.010698348101899
0.3 5.835724492012018
0.3 5.670753341357655
0.3 5.515784814808282
0.3 5.370818742489496
0.3 5.2358548535390295
0.3 5.110892766923658
0.3 4.995931986862321
0.3 4.890971904235523
0.3 4.796011804957062
0.3 4.711050886229913
0.3 4.6360882803695045
0.3 4.571123087259159
0.3 4.516154408665698
0.3 4.471181389596115
0.3 4.43620326092798
0.3 4.411219377003756
0.3 4.396229249645324
0.3 4.391232574920189
0.3 4.396229249645324
0.3 4.411219377003757
0.3 4.436203260927984
0.3 4.471181389596118
0.3 4.516154408665701
0.3 4.571123087259163
0.3 4.636088280369505
0.3 4.711050886229913
0.3 4.796011804957061
0.3 4.890971904235519
0.3 4.995931986862318
0.3 5.110892766923656
0.3 5.235854853539027
0.3 5.370818742489495
0.3 5.51578481480828
0.3 5.670753341357652
0.3 5.835724492012015
0.3 6.010698348101895
0.3 6.195674916729792
0.3 6.3906541458706725
0.3 6.595635939231516
0.3 6.810620170285859
0.3 7.035606694875363
0.3 7.270595362313273
0.3 7.515586024626182
0.3 7.770578544357994
0.3 8.035572800438125
0.3 8.310568693298968
0.3 8.59556614743605
0.3 8.890565116947931
0.3 8.60556757426815
0.3 8.310568693298972
0.3 8.02557146163096
0.3 7.750575932725641
0.3 7.485582194481618
0.3 7.230590363332563
0.3 6.985600581599233
0.3 6.7506130120402785
0.3 6.525627831522004
0.3 6.31064522246731
0.3 6.1056653625635935
0.3 5.9106884122089625
0.3 5.725714500027404
0.3 5.550743706479664
0.3 5.385776046199516
0.3 5.230811449707406
0.3 5.085849745669266
0.3 4.950890645013061
0.3 4.825933728590638
0.3 4.71097844011336
0.3 4.606024086122712
0.3 4.5110698445380315
0.3 4.42611478259442
0.3 4.3511578856618796
0.3 4.286198091656731
0.3 4.231234338806448
0.3 4.186265612167092
0.3 4.151290994599936
0.3 4.1263097152328525
0.3 4.111321190656647
0.3 4.106325057004962
0.3 4.111321190656648
0.3 4.126309715232855
0.3 4.151290994599938
0.3 4.186265612167093
0.3 4.23123433880645
0.3 4.286198091656732
0.3 4.35115788566188
0.3 4.42611478259442
0.3 4.511069844538031
0.3 4.606024086122711
0.3 4.710978440113359
0.3 4.825933728590638
0.3 4.950890645013061
0.3 5.0858497456692655
0.3 5.230811449707403
0.3 5.385776046199514
0.3 5.550743706479663
0.3 5.7257145000274035
0.3 5.910688412208961
0.3 6.105665362563589
0.3 6.310645222467309
0.3 6.525627831522004
0.3 6.7506130120402785
0.3 6.985600581599231
0.3 7.230590363332563
0.3 7.485582194481617
0.3 7.750575932725632
0.3 8.025571461630951
0.3 8.310568693298965
0.3 8.605567574268138
0.3 8.330571536472819
0.3 8.035572800438128
0.3 7.750575932725641
0.3 7.4755809995391465
0.3 7.210588109675389
0.3 6.955597408066968
0.3 6.710609073041984
0.3 6.475623310387734
0.3 6.250640346324781
0.3 6.0356604177843325
0.3 5.830683760434848
0.3 5.635710593754894
0.3 5.450741103424324
0.3 5.2757754209644325
0.3 5.1108136012919205
0.3 4.955855598913488
0.3 4.8109012441808945
0.3 4.675950221267726
0.3 4.551002050106223
0.3 4.436056074645973
0.3 4.3311114600193
0.3 4.2361672007091
0.3 4.151222141762876
0.3 4.076275011903617
0.3 4.01132447418565
0.3 3.9563691784371673
0.3 3.911407829317487
0.3 3.8764392526504743
0.3 3.851462457862698
0.3 3.836476693877112
0.3 3.8314814922796634
0.3 3.836476693877112
0.3 3.8514624578626995
0.3 3.8764392526504747
0.3 3.911407829317487
0.3 3.9563691784371677
0.3 4.011324474185652
0.3 4.0762750119036175
0.3 4.151222141762875
0.3 4.2361672007091
0.3 4.331111460019298
0.3 4.436056074645972
0.3 4.551002050106222
0.3 4.675950221267726
0.3 4.8109012441808945
0.3 4.9558555989134865
0.3 5.1108136012919205
0.3 5.275775420964431
0.3 5.450741103424322
0.3 5.63571059375489
0.3 5.830683760434848
0.3 6.0356604177843325
0.3 6.250640346324779
0.3 6.475623310387734
0.3 6.71060907304198
0.3 6.955597408066965
0.3 7.210588109675387
0.3 7.475580999539142
0.3 7.750575932725631
0.3 8.035572800438116
0.3 8.330571536472807
0.3 8.065577074260796
0.3 7.770578544357999
0.3 7.485582194481621
0.3 7.210588109675389
0.3 6.9455964296595125
0.3 6.69060734166415
0.3 6.445621077657663
0.3 6.210637907837318
0.3 5.985658132734693
0.3 5.770682071941466
0.3 5.565710049822609
0.3 5.370742377234214
0.3 5.1857793293895496
0.3 5.010821119641581
0.3 4.845867869837347
0.3 4.690919578072841
0.3 4.545976085575048
0.3 4.411037044921797
0.3 4.286101892619575
0.3 4.171169829471122
0.3 4.066239812455113
0.3 3.97131056174649
0.3 3.886380585223355
0.3 3.8114482241395766
0.3 3.746511711012702
0.3 3.6915692547868666
0.3 3.6466191251928057
0.3 3.611659745990816
0.3 3.586689785082973
0.3 3.5717082308669097
0.3 3.566714451125488
0.3 3.57170823086691
0.3 3.586689785082973
0.3 3.6116597459908166
0.3 3.646619125192807
0.3 3.6915692547868675
0.3 3.746511711012703
0.3 3.8114482241395775
0.3 3.8863805852233546
0.3 3.97131056174649
0.3 4.066239812455113
0.3 4.171169829471122
0.3 4.286101892619575
0.3 4.411037044921796
0.3 4.545976085575048
0.3 4.690919578072841
0.3 4.845867869837346
0.3 5.01082111964158
0.3 5.18577932938955
0.3 5.370742377234213
0.3 5.565710049822607
0.3 5.7706820719414615
0.3 5.9856581327346925
0.3 6.210637907837317
0.3 6.445621077657662
0.3 6.6906073416641485
0.3 6.945596429659511
0.3 7.210588109675386
0.3 7.485582194481614
0.3 7.770578544357985
0.3 8.065577074260784
0.3 7.8105842806692936
0.3 7.5155860246261925
0.3 7.230590363332567
0.3 6.95559740806697
0.3 6.69060734166415
0.3 6.435620410544389
0.3 6.1906369220835105
0.3 5.955657237554778
0.3 5.730681763311642
0.3 5.51571093766752
0.3 5.310745213703622
0.3 5.115785036593033
0.3 4.930830815359286
0.3 4.755882888535334
0.3 4.590941484310162
0.3 4.436006676029266
0.3 4.291078335183864
0.3 4.156156084781113
0.3 4.031239257306901
0.3 3.9163268622167675
0.3 3.8114175687029865
0.3 3.716509709088034
0.3 3.63160130818716
0.3 3.5566901384255822
0.3 3.491773811309767
0.3 3.436849878597145
0.3 3.3919159647771773
0.3 3.3569698991784502
0.3 3.332009841049018
0.3 3.317034390388085
0.3 3.312042672640292
0.3 3.317034390388085
0.3 3.332009841049019
0.3 3.3569698991784502
0.3 3.3919159647771777
0.3 3.436849878597145
0.3 3.4917738113097685
0.3 3.556690138425583
0.3 3.6316013081871605
0.3 3.716509709088035
0.3 3.811417568702987
0.3 3.916326862216767
0.3 4.031239257306902
0.3 4.156156084781113
0.3 4.291078335183864
0.3 4.436006676029265
0.3 4.590941484310161
0.3 4.755882888535333
0.3 4.930830815359287
0.3 5.115785036593032
0.3 5.31074521370362
0.3 5.515710937667519
0.3 5.73068176331164
0.3 5.955657237554776
0.3 6.190636922083509
0.3 6.435620410544385
0.3 6.690607341664148
0.3 6.955597408066963
0.3 7.2305903633325626
0.3 7.515586024626178
0.3 7.810584280669277
0.3 7.56559326855663
0.3 7.270595362313277
0.3 6.985600581599232
0.3 6.710609073041984
0.3 6.445621077657663
0.3 6.1906369220835105
0.3 5.945657016427933
0.3 5.710681846873936
0.3 5.48571196607751
0.3 5.2707479780790125
0.3 5.065790517721202
0.3 4.870840222542702
0.3 4.685897696655851
0.3 4.510963465586907
0.3 4.346037922412862
0.3 4.1911212660176345
0.3 4.046213433981793
0.3 3.911314033911916
0.3 3.7864222789622426
0.3 3.6715369347748026
0.3 3.5666562863584015
0.3 3.4717781339480807
0.3 3.386899825145107
0.3 3.31201833233699
0.3 3.247130363136576
0.3 3.192232527192503
0.3 3.1473215120160276
0.3 3.1123942771658046
0.3 3.08744824144844
0.3 3.0724814405703285
0.3 3.0674926461926333
0.3 3.072481440570329
0.3 3.08744824144844
0.3 3.112394277165805
0.3 3.1473215120160276
0.3 3.1922325271925036
0.3 3.2471303631365767
0.3 3.312018332336991
0.3 3.386899825145108
0.3 3.4717781339480807
0.3 3.5666562863584015
0.3 3.6715369347748026
0.3 3.786422278962242
0.3 3.911314033911916
0.3 4.046213433981792
0.3 4.1911212660176345
0.3 4.346037922412861
0.3 4.510963465586907
0.3 4.685897696655851
0.3 4.870840222542701
0.3 5.065790517721201
0.3 5.270747978079011
0.3 5.48571196607751
0.3 5.710681846873937
0.3 5.945657016427934
0.3 6.190636922083508
0.3 6.44562107765766
0.3 6.7106090730419785
0.3 6.985600581599226
0.3 7.270595362313268
0.3 7.56559326855662
0.3 7.330604165627761
0.3 7.035606694875366
0.3 6.750613012040279
0.3 6.4756233103877365
0.3 6.210637907837318
0.3 5.955657237554778
0.3 5.710681846873936
0.3 5.475712390053178
0.3 5.250749618343166
0.3 5.035794363106949
0.3 4.83084751161327
0.3 4.63590997256355
0.3 4.450982630214343
0.3 4.276066285231302
0.3 4.11116158210086
0.3 3.9562689235878667
0.3 3.8113883750880913
0.3 3.676519563657442
0.3 3.5516615795770314
0.3 3.436812890778043
0.3 3.33197128313714
0.3 3.2371338403653076
0.3 3.152296977851667
0.3 3.077456535987513
0.3 3.012607952888953
0.3 2.957746476004944
0.3 2.9128674397157814
0.3 2.8779665506106094
0.3 2.853040156774243
0.3 2.838085479301682
0.3 2.8331007833320037
0.3 2.838085479301682
0.3 2.853040156774244
0.3 2.87796655061061
0.3 2.9128674397157814
0.3 2.957746476004944
0.3 3.0126079528889536
0.3 3.0774565359875132
0.3 3.152296977851668
0.3 3.237133840365308
0.3 3.33197128313714
0.3 3.4368128907780435
0.3 3.551661579577032
0.3 3.6765195636574415
0.3 3.8113883750880917
0.3 3.9562689235878663
0.3 4.111161582100859
0.3 4.276066285231302
0.3 4.450982630214344
0.3 4.6359099725635495
0.3 4.83084751161327
0.3 5.035794363106948
0.3 5.250749618343165
0.3 5.475712390053179
0.3 5.7106818468739355
0.3 5.955657237554775
0.3 6.210637907837315
0.3 6.475623310387732
0.3 6.750613012040276
0.3 7.0356066948753595
0.3 7.330604165627755
0.3 7.105617108760512
0.3 6.81062017028586
0.3 6.525627831522004
0.3 6.250640346324781
0.3 5.985658132734694
0.3 5.730681763311642
0.3 5.485711966077511
0.3 5.250749618343166
0.3 5.025795737385951
0.3 4.810851462463863
0.3 4.6059180272039795
0.3 4.410996718165491
0.3 4.226088817378113
0.3 4.051195525687139
0.3 3.88631786568914
0.3 3.731456563983941
0.3 3.586611915554412
0.3 3.4517836360896905
0.3 3.32697071258561
0.3 3.2121712669224727
0.3 3.107382451540585
0.3 3.012600399517333
0.3 2.9278202504985353
0.3 2.8530362765012858
0.3 2.78824209727432
0.3 2.7334310214032143
0.3 2.688596434722277
0.3 2.6537322299919484
0.3 2.628833215556552
0.3 2.6138954484018324
0.3 2.608916470704612
0.3 2.613895448401833
0.3 2.6288332155565524
0.3 2.6537322299919484
0.3 2.688596434722278
0.3 2.7334310214032147
0.3 2.7882420972743205
0.3 2.853036276501286
0.3 2.927820250498536
0.3 3.0126003995173334
0.3 3.1073824515405852
0.3 3.212171266922473
0.3 3.32697071258561
0.3 3.4517836360896905
0.3 3.5866119155544123
0.3 3.7314565639839405
0.3 3.886317865689139
0.3 4.051195525687139
0.3 4.226088817378113
0.3 4.41099671816549
0.3 4.6059180272039795
0.3 4.810851462463861
0.3 5.025795737385951
0.3 5.250749618343167
0.3 5.48571196607751
0.3 5.73068176331164
0.3 5.9856581327346925
0.3 6.2506403463247775
0.3 6.525627831522002
0.3 6.810620170285859
0.3 7.10561710876051
0.3 6.890632236508623
0.3 6.595635939231517
0.3 6.31064522246731
0.3 6.0356604177843325
0.3 5.770682071941467
0.3 5.51571093766752
0.3 5.2707479780790125
0.3 5.035794363106949
0.3 4.810851462463862
0.3 4.5959208280295165
0.3 4.391004163870658
0.3 4.196103277919276
0.3 4.0112200115274685
0.3 3.8363561416482863
0.3 3.671513252634191
0.3 3.516692575708678
0.3 3.371894798269677
0.3 3.237119849416782
0.3 3.112366674951135
0.3 2.997633022052632
0.3 2.89291526192094
0.3 2.7982082841664866
0.3 2.713505501353628
0.3 2.6387989906960194
0.3 2.5740798185726237
0.3 2.5193384952529017
0.3 2.4745655883100666
0.3 2.439752375614309
0.3 2.4148914521351017
0.3 2.399977216839504
0.3 2.395006196732152
0.3 2.3999772168395044
0.3 2.4148914521351017
0.3 2.4397523756143094
0.3 2.474565588310067
0.3 2.519338495252903
0.3 2.5740798185726255
0.3 2.6387989906960203
0.3 2.713505501353629
0.3 2.798208284166487
0.3 2.8929152619209404
0.3 2.9976330220526326
0.3 3.112366674951135
0.3 3.237119849416783
0.3 3.371894798269678
0.3 3.5166925757086784
0.3 3.6715132526341914
0.3 3.8363561416482868
0.3 4.0112200115274685
0.3 4.196103277919276
0.3 4.391004163870656
0.3 4.595920828029516
0.3 4.810851462463861
0.3 5.035794363106948
0.3 5.27074797807901
0.3 5.515710937667519
0.3 5.7706820719414615
0.3 6.035660417784331
0.3 6.310645222467308
0.3 6.595635939231514
0.3 6.890632236508619
0.3 6.685649680283962
0.3 6.390654145870676
0.3 6.105665362563592
0.3 5.830683760434848
0.3 5.565710049822609
0.3 5.310745213703622
0.3 5.065790517721202
0.3 4.83084751161327
0.3 4.6059180272039795
0.3 4.391004163870658
0.3 4.18610825852944
0.3 3.9912328317977024
0.3 3.806380504168066
0.3 3.631553873849635
0.3 3.4667553501752115
0.3 3.3119869376196855
0.3 3.167249970491337
0.3 3.032544804367346
0.3 2.9078704801035236
0.3 2.7932243875454836
0.3 2.6886019691441745
0.3 2.5939965159723806
0.3 2.509399114978117
0.3 2.4347988154604
0.3 2.370183032012804
0.3 2.315538258372957
0.3 2.270850968410692
0.3 2.2361086354070046
0.3 2.2113006776723956
0.3 2.1964191594437956
0.3 2.191459200668586
0.3 2.196419159443796
0.3 2.2113006776723956
0.3 2.2361086354070046
0.3 2.2708509684106923
0.3 2.315538258372958
0.3 2.3701830320128052
0.3 2.434798815460401
0.3 2.5093991149781183
0.3 2.5939965159723815
0.3 2.6886019691441754
0.3 2.7932243875454845
0.3 2.9078704801035244
0.3 3.032544804367346
0.3 3.1672499704913375
0.3 3.3119869376196855
0.3 3.466755350175212
0.3 3.631553873849635
0.3 3.8063805041680663
0.3 3.9912328317977015
0.3 4.186108258529439
0.3 4.391004163870657
0.3 4.605918027203979
0.3 4.83084751161327
0.3 5.065790517721201
0.3 5.310745213703619
0.3 5.565710049822607
0.3 5.830683760434847
0.3 6.105665362563589
0.3 6.390654145870672
0.3 6.685649680283957
0.3 6.490669553830461
0.3 6.195674916729795
0.3 5.910688412208962
0.3 5.635710593754892
0.3 5.370742377234214
0.3 5.115785036593032
0.3 4.870840222542702
0.3 4.63590997256355
0.3 4.4109967181654905
0.3 4.196103277919276
0.3 3.9912328317977024
0.3 3.7963888653195776
0.3 3.611575073994537
0.3 3.4367952151087784
0.3 3.2720528958797233
0.3 3.1173512876678524
0.3 2.972692761906458
0.3 2.838078451156952
0.3 2.7135077526141167
0.3 2.5989778084516195
0.3 2.494483019311452
0.3 2.4000146680744354
0.3 2.3155607515937504
0.3 2.241106113930172
0.3 2.176633010780363
0.3 2.1221220831104857
0.3 2.0775537941860405
0.3 2.0429100626750256
0.3 2.01817574780178
0.3 2.003339667117483
0.3 1.9983950575499299
0.3 2.003339667117483
0.3 2.0181757478017803
0.3 2.042910062675027
0.3 2.077553794186042
0.3 2.122122083110487
0.3 2.1766330107803658
0.3 2.241106113930173
0.3 2.3155607515937517
0.3 2.4000146680744368
0.3 2.494483019311453
0.3 2.5989778084516204
0.3 2.7135077526141167
0.3 2.838078451156953
0.3 2.9726927619064587
0.3 3.1173512876678537
0.3 3.2720528958797237
0.3 3.4367952151087784
0.3 3.6115750739945374
0.3 3.796388865319577
0.3 3.9912328317977015
0.3 4.196103277919276
0.3 4.41099671816549
0.3 4.635909972563549
0.3 4.870840222542701
0.3 5.115785036593031
0.3 5.370742377234213
0.3 5.635710593754889
0.3 5.910688412208959
0.3 6.195674916729793
0.3 6.4906695538304575
0.3 6.305691941363258
0.3 6.010698348101897
0.3 5.725714500027404
0.3 5.450741103424324
0.3 5.185779329389551
0.3 4.930830815359286
0.3 4.685897696655851
0.3 4.450982630214343
0.3 4.226088817378113
0.3 4.0112200115274685
0.3 3.806380504168066
0.3 3.611575073994537
0.3 3.4268088847894327
0.3 3.25208731271862
0.3 3.0874156844627403
0.3 2.93279890717334
0.3 2.788240977328986
0.3 2.653744365176725
0.3 2.5293092899352314
0.3 2.4149329265881274
0.3 2.3106086190798933
0.3 2.2163252128097257
0.3 2.132066652105818
0.3 2.0578120271154923
0.3 1.9935362043729739
0.3 1.9392112841680795
0.3 1.8948087966885852
0.3 1.860302420167952
0.3 1.835670471993716
0.3 1.8208973826443327
0.3 1.8159740139045815
0.3 1.8208973826443329
0.3 1.835670471993717
0.3 1.8603024201679537
0.3 1.894808796688587
0.3 1.9392112841680815
0.3 1.993536204372975
0.3 2.0578120271154936
0.3 2.1320666521058182
0.3 2.216325212809727
0.3 2.3106086190798942
0.3 2.414932926588129
0.3 2.5293092899352327
0.3 2.6537443651767254
0.3 2.7882409773289867
0.3 2.93279890717334
0.3 3.087415684462741
0.3 3.2520873127186203
0.3 3.426808884789433
0.3 3.611575073994537
0.3 3.8063805041680654
0.3 4.0112200115274685
0.3 4.226088817378112
0.3 4.450982630214343
0.3 4.68589769665585
0.3 4.930830815359284
0.3 5.185779329389549
0.3 5.4507411034243205
0.3 5.725714500027403
0.3 6.010698348101895
0.3 6.305691941363257
0.3 6.130716884450792
0.3 5.835724492012017
0.3 5.550743706479664
0.3 5.275775420964432
0.3 5.01082111964158
0.3 4.755882888535333
0.3 4.510963465586907
0.3 4.276066285231302
0.3 4.051195525687139
0.3 3.836356141648286
0.3 3.6315538738496356
0.3 3.4367952151087784
0.3 3.25208731271862
0.3 3.077437778776073
0.3 2.9128543788522565
0.3 2.758344566145133
0.3 2.6139148333330846
0.3 2.4795698643912107
0.3 2.3553114923569627
0.3 2.241137505049312
0.3 2.137040393810715
0.3 2.043006201836661
0.3 1.9590136956003157
0.3 1.88503411470355
0.3 1.8210318653843343
0.3 1.7669663915247504
0.3 1.7227956678683325
0.3 1.688480929814829
0.3 1.6639910968426936
0.3 1.6493049628054084
0.3 1.6444108083588065
0.3 1.6493049628054086
0.3 1.6639910968426945
0.3 1.68848092981483
0.3 1.7227956678683347
0.3 1.7669663915247527
0.3 1.821031865384337
0.3 1.8850341147035528
0.3 1.959013695600318
0.3 2.043006201836663
0.3 2.1370403938107176
0.3 2.241137505049313
0.3 2.3553114923569636
0.3 2.4795698643912116
0.3 2.613914833333087
0.3 2.7583445661451345
0.3 2.912854378852258
0.3 3.077437778776074
0.3 3.2520873127186207
0.3 3.4367952151087784
0.3 3.6315538738496356
0.3 3.8363561416482863
0.3 4.051195525687138
0.3 4.276066285231302
0.3 4.510963465586906
0.3 4.755882888535333
0.3 5.01082111964158
0.3 5.27577542096443
0.3 5.550743706479662
0.3 5.835724492012016
0.3 6.130716884450789
0.3 5.965744368234194
0.3 5.670753341357655
0.3 5.385776046199515
0.3 5.110813601291921
0.3 4.845867869837346
0.3 4.590941484310161
0.3 4.346037922412862
0.3 4.11116158210086
0.3 3.886317865689139
0.3 3.671513252634191
0.3 3.4667553501752115
0.3 3.272052895879723
0.3 3.0874156844627403
0.3 2.9128543788522565
0.3 2.7483801602559366
0.3 2.5940041638028384
0.3 2.449736647243329
0.3 2.3155858483415916
0.3 2.1915565133798234
0.3 2.0776481280614556
0.3 1.9738529603870303
0.3 1.8801541283466836
0.3 1.7965240093657466
0.3 1.7229234138479648
0.3 1.6593019149526007
0.3 1.60560014442053
0.3 1.5617549783300213
0.3 1.527708151052034
0.3 1.5034149884398555
0.3 1.4888478617262582
0.3 1.483993407677066
0.3 1.4888478617262597
0.3 1.5034149884398575
0.3 1.527708151052037
0.3 1.5617549783300237
0.3 1.6056001444205337
0.3 1.6593019149526032
0.3 1.7229234138479683
0.3 1.79652400936575
0.3 1.8801541283466876
0.3 1.9738529603870327
0.3 2.077648128061459
0.3 2.1915565133798256
0.3 2.315585848341592
0.3 2.4497366472433293
0.3 2.5940041638028393
0.3 2.7483801602559375
0.3 2.912854378852258
0.3 3.087415684462742
0.3 3.2720528958797233
0.3 3.466755350175212
0.3 3.671513252634191
0.3 3.8863178656891386
0.3 4.111161582100859
0.3 4.346037922412862
0.3 4.590941484310158
0.3 4.845867869837346
0.3 5.110813601291917
0.3 5.385776046199513
0.3 5.670753341357651
0.3 5.965744368234191
0.3 5.810774307541402
0.3 5.515784814808282
0.3 5.230811449707406
0.3 4.955855598913488
0.3 4.69091957807284
0.3 4.436006676029265
0.3 4.1911212660176345
0.3 3.9562689235878663
0.3 3.7314565639839405
0.3 3.516692575708678
0.3 3.311986937619685
0.3 3.117351287667853
0.3 2.9327989071733396
0.3 2.758344566145133
0.3 2.5940041638028384
0.3 2.4397940813570926
0.3 2.2957301564545993
0.3 2.1618261884972227
0.3 2.0380919091000957
0.3 1.9245304109579926
0.3 1.8211351422696496
0.3 1.7278867409196808
0.3 1.644750179127105
0.3 1.5716727716552517
0.3 1.5085836675313349
0.3 1.4553954095717112
0.3 1.4120108388659214
0.3 1.3783394210646136
0.3 1.3543164456891605
0.3 1.3399092726475654
0.3 1.3351074383006267
0.3 1.3399092726475677
0.3 1.354316445689164
0.3 1.378339421064617
0.3 1.4120108388659252
0.3 1.4553954095717154
0.3 1.50858366753134
0.3 1.5716727716552563
0.3 1.6447501791271093
0.3 1.7278867409196836
0.3 1.8211351422696516
0.3 1.924530410957995
0.3 2.038091909100099
0.3 2.161826188497225
0.3 2.295730156454601
0.3 2.4397940813570944
0.3 2.5940041638028397
0.3 2.7583445661451345
0.3 2.9327989071733405
0.3 3.1173512876678537
0.3 3.3119869376196855
0.3 3.5166925757086784
0.3 3.73145656398394
0.3 3.9562689235878667
0.3 4.191121266017634
0.3 4.436006676029264
0.3 4.6909195780728385
0.3 4.955855598913485
0.3 5.230811449707402
0.3 5.515784814808276
0.3 5.810774307541398
0.3 5.665806533859428
0.3 5.3708187424894955
0.3 5.0858497456692655
0.3 4.810901244180894
0.3 4.545976085575049
0.3 4.291078335183864
0.3 4.046213433981792
0.3 3.8113883750880913
0.3 3.5866119155544114
0.3 3.371894798269677
0.3 3.167249970491337
0.3 2.972692761906458
0.3 2.7882409773289862
0.3 2.6139148333330846
0.3 2.4497366472433284
0.3 2.295730156454599
0.3 2.151919321616098
0.3 2.0183264487859818
0.3 1.8949694744036865
0.3 1.7818583158913024
0.3 1.6789903407662388
0.3 1.5863452890810963
0.3 1.503880352136008
0.3 1.4315263909950382
0.3 1.369185513680208
0.3 1.3167293327400116
0.3 1.274003393251434
0.3 1.2408584501788686
0.3 1.2171986526908016
0.3 1.202996070888544
0.3 1.1982593582578367
0.3 1.202996070888547
0.3 1.217198652690807
0.3 1.2408584501788764
0.3 1.274003393251441
0.3 1.316729332740019
0.3 1.3691855136802147
0.3 1.4315263909950435
0.3 1.5038803521360127
0.3 1.5863452890811025
0.3 1.6789903407662432
0.3 1.7818583158913053
0.3 1.89496947440369
0.3 2.018326448785983
0.3 2.1519193216161008
0.3 2.295730156454601
0.3 2.4497366472433297
0.3 2.613914833333087
0.3 2.7882409773289867
0.3 2.9726927619064587
0.3 3.1672499704913375
0.3 3.371894798269677
0.3 3.586611915554412
0.3 3.8113883750880917
0.3 4.046213433981791
0.3 4.291078335183863
0.3 4.545976085575046
0.3 4.810901244180891
0.3 5.085849745669263
0.3 5.370818742489491
0.3 5.6658065338594215
0.3 5.5308407841703815
0.3 5.235854853539026
0.3 4.950890645013061
0.3 4.675950221267726
0.3 4.411037044921796
0.3 4.156156084781113
0.3 3.911314033911916
0.3 3.6765195636574415
0.3 3.4517836360896905
0.3 3.237119849416782
0.3 3.032544804367346
0.3 2.838078451156952
0.3 2.653744365176725
0.3 2.4795698643912107
0.3 2.3155858483415916
0.3 2.1618261884972227
0.3 2.0183264487859818
0.3 1.8851216609435235
0.3 1.7622428455848342
0.3 1.6497119915823242
0.3 1.547535364569438
0.3 1.455695450003449
0.3 1.3741425815233996
0.3 1.3027879969765854
0.3 1.241499433430633
0.3 1.1900903238322613
0.3 1.1483032782191125
0.3 1.1158678709013443
0.3 1.0926370252210675
0.3 1.078633573469592
0.3 1.07395071100097
0.3 1.0786335734695955
0.3 1.0926370252210749
0.3 1.1158678709013534
0.3 1.1483032782191231
0.3 1.1900903238322718
0.3 1.2414994334306437
0.3 1.3027879969765945
0.3 1.3741425815234072
0.3 1.4556954500034553
0.3 1.5475353645694432
0.3 1.649711991582329
0.3 1.7622428455848391
0.3 1.8851216609435268
0.3 2.018326448785983
0.3 2.1618261884972245
0.3 2.315585848341593
0.3 2.4795698643912116
0.3 2.653744365176726
0.3 2.8380784511569535
0.3 3.032544804367346
0.3 3.2371198494167825
0.3 3.45178363608969
0.3 3.6765195636574415
0.3 3.9113140339119155
0.3 4.156156084781112
0.3 4.411037044921795
0.3 4.675950221267725
0.3 4.950890645013057
0.3 5.23585485353902
0.3 5.530840784170375
0.3 5.405876692915614
0.3 5.110892766923655
0.3 4.825933728590637
0.3 4.551002050106222
0.3 4.286101892619575
0.3 4.031239257306901
0.3 3.7864222789622426
0.3 3.551661579577031
0.3 3.32697071258561
0.3 3.1123666749511347
0.3 2.9078704801035236
0.3 2.7135077526141167
0.3 2.5293092899352314
0.3 2.3553114923569622
0.3 2.191556513379823
0.3 2.0380919091000953
0.3 1.8949694744036862
0.3 1.762242845584834
0.3 1.639963325788126
0.3 1.5281732967802428
0.3 1.4268965289005662
0.3 1.3361249966333848
0.3 1.255802640134253
0.3 1.1858064835515407
0.3 1.1259326009999706
0.3 1.0758874993759846
0.30000000000006777 1.0352312847969465
0.3000000000209515 1.003477098750023
0.3000000006496621 0.9804355041674812
0.30000000345338085 0.9663451407272442
0.3000000055624644 0.9615908253393853
0.30000000345338085 0.9663451407272512
0.3000000006496621 0.9804355041674935
0.3000000000209515 1.003477098750041
0.30000000000006777 1.0352312847969622
0.3 1.0758874993760004
0.3 1.1259326009999846
0.3 1.1858064835515527
0.3 1.2558026401342632
0.3 1.3361249966333921
0.3 1.426896528900573
0.3 1.5281732967802502
0.3 1.63996332578813
0.3 1.7622428455848391
0.3 1.8949694744036902
0.3 2.038091909100099
0.3 2.1915565133798256
0.3 2.3553114923569636
0.3 2.529309289935233
0.3 2.7135077526141163
0.3 2.907870480103524
0.3 3.112366674951135
0.3 3.32697071258561
0.3 3.551661579577032
0.3 3.7864222789622417
0.3 4.0312392573069005
0.3 4.286101892619574
0.3 4.551002050106218
0.3 4.825933728590633
0.3 5.11089276692365
0.3 5.405876692915608
0.3 5.290913788302717
0.3 4.995931986862316
0.3 4.710978440113358
0.3 4.436056074645972
0.3 4.171169829471121
0.3 3.9163268622167666
0.3 3.6715369347748017
0.3 3.436812890778043
0.3 3.2121712669224727
0.3 2.997633022052632
0.3 2.7932243875454836
0.3 2.5989778084516195
0.3 2.4149329265881274
0.3 2.2411375050493114
0.3 2.077648128061455
0.3 1.924530410957992
0.3 1.7818583158913022
0.3 1.6497119915823237
0.3 1.5281732967802428
0.3 1.4173177393690275
0.3 1.3172002166648447
0.3 1.2278273922007579
0.3 1.14910960933118
0.3 1.0807921107101996
0.3000000000009419 1.022386462799475
0.3000000051310091 0.9733051749061362
0.3000015508774634 0.933018597092568
0.3000605915365406 0.9010824626838458
0.3005264883877044 0.877442760707188
0.30150114269494355 0.862682570395319
0.3020052965468644 0.8576348891722908
0.30150114269494666 0.8626825703953273
0.30052648838770685 0.8774427607072055
0.3000605915365412 0.9010824626838675
0.3000015508774634 0.9330185970925916
0.3000000051310091 0.973305174906158
0.3000000000009419 1.022386462799494
0.3 1.0807921107102154
0.3 1.1491096093311934
0.3 1.2278273922007679
0.3 1.317200216664854
0.3 1.417317739369034
0.3 1.5281732967802502
0.3 1.649711991582329
0.3 1.781858315891305
0.3 1.9245304109579948
0.3 2.0776481280614596
0.3 2.241137505049313
0.3 2.414932926588129
0.3 2.598977808451621
0.3 2.793224387545484
0.3 2.997633022052632
0.3 3.2121712669224727
0.3 3.4368128907780435
0.3 3.6715369347748017
0.3 3.9163268622167653
0.3 4.171169829471119
0.3 4.436056074645968
0.3 4.710978440113354
0.3 4.995931986862312
0.3 5.290913788302714
0.3 5.185951494157644
0.3 4.890971904235519
0.3 4.606024086122711
0.3 4.331111460019298
0.3 4.0662398124551125
0.3 3.8114175687029865
0.3 3.5666562863584006
0.3 3.33197128313714
0.3 3.107382451540585
0.3 2.89291526192094
0.3 2.6886019691441745
0.3 2.4944830193114518
0.3 2.3106086190798933
0.3 2.1370403938107145
0.3 1.9738529603870298
0.3 1.8211351422696487
0.3 1.678990340766238
0.3 1.5475353645694372
0.3 1.4268965289005657
0.3 1.3172002166648442
0.3 1.218545024966359
0.3 1.1309166227551901
0.3000000000000019 1.053994277334296
0.3000000005688304 0.9870344448418596
0.300002869744347 0.9290387949987181
0.3004949290892172 0.879220190252231
0.30833488971824874 0.8375147405735865
0.3382854660306954 0.8041816283223322
0.3841482410576057 0.779360045733879
0.42363497919928245 0.763705959446496
0.43908431377468815 0.7583011804707448
0.4236349791992461 0.7637059594465065
0.3841482410575463 0.7793600457338987
0.33828546603066373 0.8041816283223571
0.3083348897182888 0.8375147405736114
0.3004949290892203 0.8792201902522557
0.300002869744347 0.9290387949987418
0.3000000005688304 0.9870344448418801
0.3000000000000019 1.0539942773343116
0.3 1.1309166227552037
0.3 1.2185450249663703
0.3 1.317200216664854
0.3 1.426896528900573
0.3 1.547535364569443
0.3 1.6789903407662428
0.3 1.8211351422696516
0.3 1.9738529603870332
0.3 2.1370403938107176
0.3 2.3106086190798947
0.3 2.494483019311453
0.3 2.688601969144175
0.3 2.892915261920941
0.3 3.1073824515405843
0.3 3.33197128313714
0.3 3.566656286358401
0.3 3.8114175687029848
0.3 4.06623981245511
0.3 4.331111460019294
0.3 4.606024086122707
0.3 4.890971904235514
0.3 5.18595149415764
0.3 5.090989138191273
0.3 4.796011804957061
0.3 4.51106984453803
0.3 4.2361672007091
0.3 3.97131056174649
0.3 3.716509709088034
0.3 3.47177813394808
0.3 3.2371338403653076
0.3 3.012600399517333
0.3 2.798208284166486
0.3 2.5939965159723806
0.3 2.400014668074434
0.3 2.2163252128097257
0.3 2.0430062018366604
0.3 1.8801541283466832
0.3 1.7278867409196805
0.3 1.5863452890810954
0.3 1.4556954500034474
0.3 1.3361249966333832
0.3 1.2278273922007557
0.3 1.130916622755189
0.3000000000000118 1.0451212974058963
0.3000000094910029 0.9694064019652479
0.3000523464966418 0.902230265644202
0.3064079015412795 0.8426507803362835
0.35498833682811703 0.7905306588900153
0.4243074234710244 0.7462387468082983
0.49352845303312953 0.7107687522853238
0.5668910397268274 0.6846494260663262
0.63365398326826 0.6683379221546298
0.662358541288941 0.6627260004325926
0.6336539832681853 0.6683379221546398
0.5668910397266393 0.6846494260663438
0.4935284530330139 0.7107687522853462
0.4243074234709818 0.746238746808328
0.3549883368281817 0.790530658890044
0.3064079015412994 0.8426507803363088
0.3000523464966418 0.9022302656442239
0.3000000094910029 0.9694064019652656
0.3000000000000118 1.0451212974059152
0.3 1.1309166227552037
0.3 1.2278273922007679
0.3 1.3361249966333917
0.3 1.4556954500034551
0.3 1.5863452890811027
0.3 1.7278867409196834
0.3 1.8801541283466878
0.3 2.0430062018366626
0.3 2.2163252128097275
0.3 2.4000146680744368
0.3 2.593996515972381
0.3 2.798208284166487
0.3 3.0126003995173325
0.3 3.237133840365309
0.3 3.4717781339480798
0.3 3.716509709088032
0.3 3.971310561746488
0.3 4.236167200709096
0.3 4.511069844538026
0.3 4.796011804957056
0.3 5.090989138191266
0.3 5.006025967319906
0.3 4.711050886229913
0.3 4.426114782594419
0.3 4.151222141762875
0.3 3.886380585223354
0.3 3.63160130818716
0.3 3.3868998251451066
0.3 3.152296977851667
0.3 2.9278202504985353
0.3 2.713505501353627
0.3 2.509399114978117
0.3 2.31556075159375
0.3 2.132066652105818
0.3 1.959013695600315
0.3 1.7965240093657464
0.3 1.6447501791271044
0.3 1.5038803521360073
0.3 1.3741425815233983
0.3 1.2558026401342515
0.3 1.1491096093311775
0.3000000000000019 1.0539942773342936
0.3000000094910029 0.9694064019652454
0.3001154396051859 0.8932525560646983
0.3146885485157524 0.8240032949109802
0.39409321198805314 0.7614015748590967
0.4987604783038168 0.7062348581615469
0.6243037269878506 0.659377358225621
0.7580731693037873 0.6218915973672514
0.8798520509714443 0.5946582337451091
0.9724889444907958 0.5780399129153518
1.009047196410318 0.5724199404259224
0.9724889444906901 0.578039912915362
0.8798520509711962 0.5946582337451239
0.7580731693036086 0.621891597367275
0.6243037269875593 0.6593773582256467
0.49876047830372694 0.7062348581615726
0.3940932119880659 0.7614015748591206
0.3146885485157838 0.8240032949110008
0.3001154396051865 0.8932525560647199
0.3000000094910029 0.9694064019652657
0.3000000000000019 1.0539942773343116
0.3 1.1491096093311939
0.3 1.2558026401342643
0.3 1.3741425815234067
0.3 1.5038803521360125
0.3 1.6447501791271089
0.3 1.7965240093657502
0.3 1.9590136956003172
0.3 2.1320666521058182
0.3 2.315560751593752
0.3 2.509399114978118
0.3 2.713505501353628
0.3 2.927820250498535
0.3 3.1522969778516674
0.3 3.3868998251451075
0.3 3.6316013081871588
0.3 3.8863805852233524
0.3 4.151222141762872
0.3 4.426114782594417
0.3 4.7110508862299065
0.3 5.006025967319899
0.3 4.9310611708442185
0.3 4.636088280369505
0.3 4.3511578856618796
0.3 4.076275011903617
0.3 3.811448224139576
0.3 3.5566901384255822
0.3 3.3120183323369905
0.3 3.077456535987513
0.3 2.8530362765012853
0.3 2.638798990696019
0.3 2.4347988154604
0.3 2.2411061139301713
0.3 2.0578120271154914
0.3 1.8850341147035499
0.3 1.7229234138479643
0.3 1.5716727716552499
0.3 1.431526390995036
0.3 1.3027879969765832
0.3 1.1858064835515374
0.3 1.0807921107101954
0.3000000005688304 0.9870344448418543
0.3000523464966418 0.9022302656441974
0.3146885485157499 0.8240032949109772
0.40719701587075297 0.7515006868187131
0.5475139322091253 0.6855817017324073
0.7308249826932509 0.6275849146562705
0.9464044863572447 0.5788627803666191
1.1560611379949195 0.5404367542997187
1.3213381498380408 0.5128457064700557
1.4268819094669036 0.49624747640308536
1.4638448557141894 0.4907007627935697
1.4268819094667724 0.4962474764030919
1.32133814983782 0.512845706470067
1.156061137994589 0.540436754299737
0.946404486357014 0.5788627803666389
0.7308249826930744 0.6275849146562948
0.5475139322091311 0.6855817017324305
0.40719701587082724 0.7515006868187373
0.31468854851579064 0.8240032949110014
0.3000523464966424 0.9022302656442247
0.3000000005688304 0.9870344448418807
0.3 1.0807921107102163
0.3 1.185806483551553
0.3 1.302787996976595
0.3 1.4315263909950444
0.3 1.5716727716552563
0.3 1.7229234138479683
0.3 1.8850341147035528
0.3 2.057812027115494
0.3 2.2411061139301722
0.3 2.4347988154604
0.3 2.63879899069602
0.3 2.8530362765012853
0.3 3.0774565359875123
0.3 3.31201833233699
0.3 3.556690138425582
0.3 3.8114482241395753
0.3 4.076275011903616
0.3 4.351157885661877
0.3 4.636088280369503
0.3 4.931061170844217
0.3 4.866093908686409
0.3 4.571123087259159
0.3 4.286198091656731
0.3 4.011324474185651
0.3 3.7465117110127024
0.3 3.491773811309768
0.3 3.2471303631365767
0.3 3.012607952888953
0.3 2.78824209727432
0.3 2.5740798185726237
0.3 2.3701830320128034
0.3 2.176633010780362
0.3 1.9935362043729739
0.3 1.8210318653843336
0.3 1.6593019149525998
0.3 1.508583667531334
0.3 1.3691855136802058
0.3 1.2414994334306297
0.3 1.1259326009999673
0.3000000000009419 1.0223864627994703
0.300002869744347 0.9290387949987117
0.3064079015412708 0.8426507803362774
0.3940932119880861 0.7614015748590914
0.5475139322091579 0.6855817017324051
0.7753458233161235 0.6167738795608768
1.0634056633575995 0.5570236051368462
1.3511135139938082 0.507663627288961
1.5923089209515529 0.46920238121197844
1.767980971812317 0.4417506752100025
1.873619173980737 0.42529399690876
1.908913811269766 0.4198100172694702
1.873619173980652 0.4252939969087647
1.7679809718122286 0.4417506752100111
1.592308920951313 0.46920238121199154
1.3511135139936228 0.5076636272889786
1.063405663357384 0.557023605136866
0.7753458233160022 0.6167738795609009
0.5475139322091271 0.6855817017324312
0.39409321198805813 0.7614015748591223
0.3064079015413025 0.8426507803363102
0.300002869744347 0.929038794998743
0.3000000000009419 1.022386462799494
0.3 1.125932600999985
0.3 1.241499433430643
0.3 1.3691855136802142
0.3 1.50858366753134
0.3 1.659301914952603
0.3 1.8210318653843378
0.3 1.9935362043729752
0.3 2.1766330107803658
0.3 2.370183032012805
0.3 2.5740798185726255
0.3 2.78824209727432
0.3 3.012607952888954
0.3 3.2471303631365758
0.3 3.491773811309767
0.3 3.746511711012702
0.3 4.011324474185651
0.3 4.286198091656731
0.3 4.571123087259161
0.3 4.86609390868641
0.3 4.811123345424493
0.3 4.516154408665699
0.3 4.231234338806449
0.3 3.9563691784371677
0.3 3.6915692547868675
0.3 3.436849878597145
0.3 3.192232527192503
0.3 2.9577464760049437
0.3 2.733431021403214
0.3 2.519338495252901
0.3 2.315538258372957
0.3 2.122122083110485
0.3 1.9392112841680784
0.3 1.76696639152475
0.3 1.6056001444205281
0.3 1.4553954095717094
0.3 1.316729332740009
0.3 1.190090323832259
0.3 1.0758874993759822
0.3000000051310091 0.9733051749061304
0.3004949290892166 0.8792201902522239
0.354988336828127 0.7905306588900074
0.49876047830387743 0.7062348581615401
0.730824982693318 0.627584914656266
1.0634056633576419 0.5570236051368443
1.42097502311377 0.49670057385891797
1.7316491621498256 0.4473848596820814
1.973932748919782 0.40913856091548595
2.145846934185977 0.38188863378513305
2.2483934158211527 0.36556605867760716
2.2824742188680545 0.3601294685887242
2.2483934158211105 0.36556605867761033
2.145846934185902 0.3818886337851408
1.9739327489196767 0.4091385609154959
1.731649162149632 0.447384859682095
1.420975023113565 0.49670057385893557
1.0634056633573608 0.5570236051368668
0.730824982693056 0.6275849146562964
0.4987604783037232 0.7062348581615736
0.3549883368281733 0.7905306588900451
0.3004949290892197 0.8792201902522565
0.3000000051310091 0.9733051749061583
0.3 1.0758874993760006
0.3 1.1900903238322706
0.3 1.3167293327400191
0.3 1.4553954095717152
0.3 1.6056001444205334
0.3 1.766966391524753
0.3 1.9392112841680815
0.3 2.122122083110487
0.3 2.315538258372958
0.3 2.519338495252902
0.3 2.7334310214032143
0.3 2.957746476004944
0.3 3.1922325271925027
0.3 3.4368498785971444
0.3 3.691569254786866
0.3 3.9563691784371677
0.3 4.231234338806449
0.3 4.516154408665701
0.3 4.811123345424495
0.3 4.766148686253193
0.3 4.471181389596117
0.3 4.186265612167092
0.3 3.9114078293174876
0.3 3.646619125192806
0.3 3.3919159647771777
0.3 3.147321512016027
0.3 2.9128674397157814
0.3 2.688596434722277
0.3 2.4745655883100657
0.3 2.270850968410692
0.3 2.07755379418604
0.3 1.8948087966885847
0.3 1.7227956678683316
0.3 1.5617549783300197
0.3 1.4120108388659192
0.3 1.2740033932514336
0.3 1.1483032782191092
0.30000000000006777 1.035231284796945
0.3000015508774634 0.9330185970925641
0.30833488971824435 0.8375147405735816
0.4243074234710188 0.746238746808292
0.6243037269879363 0.6593773582256148
0.9464044863573435 0.5788627803666143
1.3511135139938504 0.5076636272889584
1.7316491621498475 0.4473848596820798
2.042477054242437 0.3982820428138032
2.280433530649456 0.3602479791496109
2.448369766636099 0.3331625240675445
2.548370835300271 0.31694240748404345
2.5815846365524067 0.31154069906304854
2.548370835300244 0.3169424074840467
2.448369766636035 0.3331625240675499
2.2804335306493835 0.3602479791496196
2.0424770542423256 0.3982820428138148
1.7316491621496202 0.4473848596820951
1.3511135139936146 0.5076636272889793
0.9464044863569874 0.5788627803666393
0.6243037269875471 0.6593773582256476
0.4243074234710213 0.7462387468083278
0.3083348897182938 0.8375147405736103
0.3000015508774634 0.9330185970925895
0.30000000000006777 1.0352312847969607
0.3 1.148303278219122
0.3 1.2740033932514399
0.3 1.4120108388659247
0.3 1.5617549783300237
0.3 1.7227956678683354
0.3 1.8948087966885876
0.3 2.077553794186042
0.3 2.270850968410692
0.3 2.474565588310067
0.3 2.6885964347222777
0.3 2.9128674397157814
0.3 3.147321512016028
0.3 3.3919159647771777
0.3 3.6466191251928066
0.3 3.911407829317487
0.3 4.186265612167093
0.3 4.471181389596117
0.3 4.766148686253193
0.3 4.73116921726321
0.3 4.436203260927981
0.3 4.151290994599938
0.3 3.8764392526504743
0.3 3.611659745990816
0.3 3.3569698991784502
0.3 3.1123942771658046
0.3 2.8779665506106094
0.3 2.653732229991948
0.3 2.439752375614309
0.3 2.2361086354070046
0.3 2.042910062675025
0.3 1.8603024201679512
0.3 1.6884809298148273
0.3 1.527708151052032
0.3 1.3783394210646114
0.3 1.2408584501788653
0.3 1.1158678709013417
0.3000000000209515 1.0034770987500212
0.3000605915365406 0.9010824626838433
0.33828546603065224 0.8041816283223285
0.49352845303316495 0.7107687522853189
0.7580731693038327 0.6218915973672476
1.156061137994933 0.5404367542997148
1.5923089209515993 0.4692023812119756
1.973932748919796 0.4091385609154844
2.2804335306494576 0.36024797914960965
2.514504690267859 0.32238354462337354
2.6795540314338915 0.2954206914512161
2.777786157400073 0.2792748677001395
2.810403398563381 0.27389808905871477
2.7777861574000506 0.27927486770014154
2.679554031433847 0.29542069145122124
2.5145046902678048 0.32238354462338126
2.2804335306493866 0.3602479791496198
1.973932748919679 0.4091385609154963
1.5923089209512906 0.46920238121199237
1.1560611379946244 0.5404367542997379
0.7580731693036316 0.6218915973672743
0.4935284530330242 0.7107687522853454
0.33828546603067927 0.804181628322355
0.3000605915365412 0.9010824626838654
0.3000000000209515 1.0034770987500379
0.3 1.11586787090135
0.3 1.2408584501788744
0.3 1.3783394210646163
0.3 1.5277081510520372
0.3 1.6884809298148296
0.3 1.8603024201679546
0.3 2.042910062675027
0.3 2.2361086354070046
0.3 2.4397523756143094
0.3 2.6537322299919484
0.3 2.8779665506106102
0.3 3.1123942771658046
0.3 3.3569698991784502
0.3 3.611659745990816
0.3 3.8764392526504743
0.3 4.151290994599938
0.3 4.436203260927982
0.3 4.731169217263211
0.3 4.706184339848668
0.3 4.411219377003757
0.3 4.126309715232854
0.3 3.851462457862699
0.3 3.5866897850829735
0.3 3.3320098410490187
0.3 3.08744824144844
0.3 2.853040156774243
0.3 2.628833215556552
0.3 2.4148914521351013
0.3 2.2113006776723956
0.3 2.0181757478017786
0.3 1.8356704719937156
0.3 1.663991096842692
0.3 1.5034149884398547
0.3 1.3543164456891583
0.3 1.217198652690799
0.3 1.0926370252210653
0.3000000006496621 0.9804355041674787
0.30052648838770313 0.8774427607071842
0.384148241057602 0.7793600457338754
0.5668910397267904 0.6846494260663224
0.8798520509714132 0.5946582337451043
1.3213381498380679 0.5128457064700508
1.7679809718123514 0.44175067520999906
2.1458469341859914 0.3818886337851306
2.4483697666361035 0.3331625240675426
2.679554031433898 0.29542069145121486
2.842622633942325 0.26854323146836345
2.9396822535038853 0.25244815783313784
2.9719097646374952 0.24708825360888226
2.9396822535038707 0.25244815783314
2.842622633942291 0.26854323146836756
2.679554031433848 0.29542069145122174
2.4483697666360267 0.33316252406755087
2.1458469341859203 0.38188863378514243
1.767980971812263 0.441750675210012
1.321338149837853 0.5128457064700676
0.8798520509712833 0.5946582337451235
0.5668910397267015 0.6846494260663415
0.38414824105757056 0.7793600457338958
0.30052648838770624 0.877442760707202
0.3000000006496621 0.9804355041674914
0.3 1.092637025221074
0.3 1.2171986526908074
0.3 1.3543164456891632
0.3 1.5034149884398567
0.3 1.663991096842695
0.3 1.8356704719937176
0.3 2.01817574780178
0.3 2.2113006776723956
0.3 2.4148914521351017
0.3 2.628833215556553
0.3 2.8530401567742443
0.3 3.087448241448441
0.3 3.3320098410490187
0.3 3.586689785082973
0.3 3.851462457862699
0.3 4.126309715232855
0.3 4.411219377003757
0.3 4.706184339848668
0.3 4.691193601557746
0.3 4.396229249645326
0.3 4.111321190656648
0.3 3.836476693877113
0.3 3.5717082308669093
0.3 3.317034390388085
0.3 3.0724814405703285
0.3 2.838085479301682
0.3 2.613895448401832
0.3 2.399977216839503
0.3 2.1964191594437943
0.3 2.0033396671174817
0.3 1.8208973826443318
0.3 1.6493049628054066
0.3 1.4888478617262564
0.3 1.3399092726475628
0.3 1.2029960708885399
0.3 1.0786335734695893
0.30000000345338085 0.96634514072724
0.30150114269494294 0.8626825703953129
0.42363497919927035 0.7637059594464913
0.6336539832682233 0.668337922154624
0.9724889444908238 0.5780399129153462
1.4268819094669314 0.4962474764030807
1.873619173980751 0.4252939969087561
2.248393415821158 0.3655660586776037
2.548370835300281 0.31694240748404084
2.7777861574000866 0.27927486770013776
2.9396822535038907 0.25244815783313707
3.0360638310679446 0.23638286657170152
3.06806838784923 0.23103280720902414
3.0360638310679327 0.23638286657170307
2.9396822535038667 0.2524481578331407
2.777786157400047 0.27927486770014287
2.548370835300238 0.31694240748404867
2.2483934158210945 0.3655660586776126
1.8736191739806365 0.4252939969087681
1.426881909466875 0.49624747640309547
0.9724889444907718 0.5780399129153623
0.6336539832682473 0.66833792215464
0.4236349791993493 0.7637059594465048
0.30150114269494543 0.8626825703953254
0.30000000345338085 0.9663451407272498
0.3 1.078633573469593
0.3 1.2029960708885452
0.3 1.3399092726475672
0.3 1.488847861726262
0.3 1.6493049628054086
0.3 1.820897382644334
0.3 2.0033396671174835
0.3 2.196419159443796
0.3 2.3999772168395053
0.3 2.6138954484018333
0.3 2.8380854793016823
0.3 3.0724814405703285
0.3 3.3170343903880846
0.3 3.571708230866909
0.3 3.836476693877111
0.3 4.111321190656647
0.3 4.396229249645327
0.3 4.691193601557746
0.3 4.686196720667422
0.3 4.391232574920189
0.3 4.106325057004962
0.3 3.8314814922796634
0.3 3.5667144511254887
0.3 3.3120426726402914
0.3 3.067492646192633
0.3 2.8331007833320028
0.3 2.608916470704611
0.3 2.395006196732152
0.3 2.1914592006685845
0.3 1.9983950575499285
0.3 1.8159740139045797
0.3 1.6444108083588045
0.3 1.4839934076770636
0.3 1.3351074383006232
0.3 1.198259358257833
0.3 1.0739507110009647
0.3000000055624644 0.9615908253393793
0.30200529654686253 0.8576348891722836
0.43908431377466206 0.7583011804707369
0.6623585412889805 0.6627260004325849
1.009047196410332 0.5724199404259155
1.4638448557141917 0.4907007627935625
1.9089138112697972 0.4198100172694642
2.2824742188680944 0.36012946858871886
2.5815846365524373 0.3115406990630452
2.81040339856339 0.2738980890587119
2.971909764637507 0.24708825360888037
3.0680683878492347 0.23103280720902344
3.0999999999999996 0.22568599364237077
3.0680683878492268 0.23103280720902508
2.971909764637489 0.24708825360888337
2.8104033985633636 0.2738980890587169
2.581584636552378 0.31154069906305165
2.2824742188680363 0.36012946858872874
1.9089138112697623 0.4198100172694747
1.4638448557142345 0.49070076279357444
1.009047196410346 0.5724199404259258
0.6623585412889497 0.6627260004325967
0.4390843137748004 0.7583011804707476
0.30200529654686753 0.8576348891722912
0.3000000055624644 0.9615908253393862
0.3 1.073950711000971
0.3 1.198259358257837
0.3 1.335107438300626
0.3 1.4839934076770682
0.3 1.6444108083588083
0.3 1.815974013904582
0.3 1.9983950575499305
0.3 2.1914592006685853
0.3 2.3950061967321523
0.3 2.6089164707046115
0.3 2.833100783332004
0.3 3.0674926461926337
0.3 3.3120426726402923
0.3 3.5667144511254882
0.3 3.831481492279663
0.3 4.106325057004962
0.3 4.3912325749201875
0.3 4.68619672066742
0.3 4.691193601557745
0.3 4.396229249645326
0.3 4.111321190656648
0.3 3.836476693877113
0.3 3.5717082308669093
0.3 3.317034390388085
0.3 3.0724814405703285
0.3 2.838085479301682
0.3 2.613895448401832
0.3 2.399977216839503
0.3 2.1964191594437943
0.3 2.003339667117482
0.3 1.8208973826443322
0.3 1.6493049628054068
0.3 1.4888478617262568
0.3 1.3399092726475634
0.3 1.2029960708885408
0.3 1.0786335734695909
0.30000000345338085 0.9663451407272422
0.3015011426949423 0.8626825703953157
0.42363497919924886 0.763705959446494
0.6336539832682221 0.6683379221546267
0.9724889444907836 0.5780399129153493
1.4268819094668772 0.49624747640308275
1.8736191739807142 0.4252939969087576
2.248393415821138 0.36556605867760444
2.548370835300277 0.31694240748404146
2.77778615740008 0.2792748677001382
2.9396822535038867 0.2524481578331371
3.036063831067944 0.23638286657170143
3.0680683878492307 0.23103280720902397
3.0360638310679327 0.23638286657170293
2.9396822535038667 0.2524481578331406
2.777786157400045 0.2792748677001428
2.54837083530024 0.3169424074840488
2.2483934158210994 0.36556605867761244
1.873619173980638 0.42529399690876796
1.4268819094668812 0.49624747640309524
0.9724889444907727 0.5780399129153618
0.6336539832682433 0.6683379221546398
0.42363497919936827 0.7637059594465045
0.30150114269494543 0.8626825703953248
0.30000000345338085 0.9663451407272495
0.3 1.078633573469593
0.3 1.2029960708885452
0.3 1.3399092726475672
0.3 1.488847861726262
0.3 1.6493049628054086
0.3 1.820897382644334
0.3 2.0033396671174835
0.3 2.196419159443796
0.3 2.3999772168395053
0.3 2.613895448401833
0.3 2.8380854793016823
0.3 3.0724814405703285
0.3 3.3170343903880846
0.3 3.571708230866909
0.3 3.8364766938771107
0.3 4.111321190656647
0.3 4.396229249645323
0.3 4.691193601557742
0.3 4.706184339848668
0.3 4.411219377003757
0.3 4.126309715232854
0.3 3.851462457862699
0.3 3.5866897850829735
0.3 3.332009841049018
0.3 3.08744824144844
0.3 2.853040156774243
0.3 2.628833215556552
0.3 2.4148914521351017
0.3 2.211300677672395
0.3 2.0181757478017794
0.3 1.8356704719937158
0.3 1.6639910968426928
0.3 1.503414988439855
0.3 1.3543164456891597
0.3 1.2171986526908014
0.3 1.092637025221067
0.3000000006496621 0.9804355041674823
0.3005264883877044 0.8774427607071893
0.3841482410575945 0.7793600457338814
0.566891039726769 0.684649426066329
0.8798520509713366 0.5946582337451111
1.3213381498379568 0.512845706470056
1.7679809718122808 0.4417506752100025
2.1458469341859456 0.3818886337851326
2.448369766636083 0.33316252406754354
2.6795540314338897 0.2954206914512154
2.842622633942322 0.26854323146836356
2.9396822535038853 0.25244815783313773
2.9719097646374957 0.24708825360888195
2.9396822535038707 0.2524481578331398
2.8426226339422915 0.26854323146836745
2.679554031433848 0.2954206914512217
2.44836976663603 0.3331625240675508
2.1458469341859203 0.38188863378514215
1.7679809718122739 0.4417506752100117
1.3213381498378582 0.5128457064700669
0.8798520509712764 0.5946582337451232
0.5668910397267376 0.6846494260663409
0.3841482410575995 0.7793600457338948
0.30052648838770624 0.8774427607072008
0.3000000006496621 0.9804355041674904
0.3 1.092637025221073
0.3 1.217198652690807
0.3 1.354316445689163
0.3 1.5034149884398567
0.3 1.6639910968426948
0.3 1.8356704719937178
0.3 2.01817574780178
0.3 2.2113006776723956
0.3 2.4148914521351013
0.3 2.628833215556553
0.3 2.8530401567742443
0.3 3.0874482414484405
0.3 3.3320098410490178
0.3 3.5866897850829726
0.3 3.8514624578626986
0.3 4.126309715232853
0.3 4.4112193770037536
0.3 4.706184339848664
0.3 4.731169217263208
0.3 4.436203260927981
0.3 4.151290994599937
0.3 3.8764392526504747
0.3 3.6116597459908166
0.3 3.35696989917845
0.3 3.1123942771658046
0.3 2.8779665506106094
0.3 2.653732229991948
0.3 2.439752375614309
0.3 2.2361086354070046
0.3 2.0429100626750256
0.3 1.8603024201679519
0.3 1.6884809298148287
0.3 1.527708151052034
0.3 1.3783394210646132
0.3 1.2408584501788693
0.3 1.1158678709013454
0.3000000000209515 1.0034770987500266
0.3000605915365412 0.9010824626838511
0.33828546603066995 0.804181628322338
0.4935284530330739 0.7107687522853293
0.7580731693036791 0.6218915973672566
1.1560611379947912 0.5404367542997216
1.5923089209514905 0.46920238121197966
1.973932748919751 0.40913856091548667
2.280433530649434 0.360247979149611
2.514504690267853 0.32238354462337404
2.679554031433893 0.29542069145121597
2.7777861574000755 0.2792748677001391
2.8104033985633885 0.2738980890587143
2.7777861574000546 0.2792748677001413
2.6795540314338524 0.2954206914512209
2.514504690267802 0.3223835446233809
2.280433530649383 0.3602479791496199
1.9739327489196832 0.4091385609154961
1.5923089209513095 0.4692023812119922
1.1560611379946284 0.5404367542997367
0.7580731693036552 0.6218915973672735
0.4935284530330475 0.7107687522853439
0.338285466030688 0.8041816283223536
0.3000605915365412 0.9010824626838636
0.3000000000209515 1.0034770987500374
0.3 1.1158678709013503
0.3 1.240858450178875
0.3 1.378339421064616
0.3 1.5277081510520372
0.3 1.6884809298148296
0.3 1.8603024201679539
0.3 2.042910062675027
0.3 2.2361086354070046
0.3 2.439752375614309
0.3 2.6537322299919484
0.3 2.8779665506106102
0.3 3.112394277165804
0.3 3.3569698991784493
0.3 3.6116597459908153
0.3 3.876439252650473
0.3 4.151290994599936
0.3 4.436203260927979
0.3 4.731169217263206
0.3 4.766148686253193
0.3 4.471181389596116
0.3 4.186265612167093
0.3 3.9114078293174868
0.3 3.646619125192806
0.3 3.3919159647771773
0.3 3.147321512016027
0.3 2.9128674397157814
0.3 2.688596434722277
0.3 2.474565588310066
0.3 2.270850968410692
0.3 2.0775537941860405
0.3 1.8948087966885852
0.3 1.7227956678683327
0.3 1.5617549783300217
0.3 1.4120108388659223
0.3 1.2740033932514356
0.3 1.148303278219115
0.30000000000006777 1.0352312847969514
0.3000015508774634 0.933018597092575
0.30833488971825435 0.8375147405735942
0.4243074234709852 0.7462387468083065
0.6243037269877336 0.659377358225628
0.9464044863571357 0.5788627803666236
1.3511135139937098 0.5076636272889639
1.7316491621497867 0.44738485968208236
2.0424770542424215 0.3982820428138044
2.2804335306494528 0.36024797914961054
2.4483697666361137 0.3331625240675439
2.5483708353002896 0.3169424074840429
2.5815846365524235 0.31154069906304743
2.5483708353002563 0.31694240748404595
2.4483697666360436 0.33316252406754926
2.2804335306493773 0.36024797914961937
2.0424770542423287 0.3982820428138149
1.7316491621496188 0.447384859682095
1.3511135139936052 0.5076636272889788
0.9464044863569885 0.5788627803666389
0.62430372698756 0.6593773582256465
0.4243074234710371 0.7462387468083266
0.3083348897182994 0.8375147405736086
0.3000015508774634 0.933018597092588
0.30000000000006777 1.0352312847969598
0.3 1.1483032782191211
0.3 1.2740033932514396
0.3 1.412010838865924
0.3 1.5617549783300235
0.3 1.7227956678683354
0.3 1.8948087966885878
0.3 2.0775537941860422
0.3 2.270850968410692
0.3 2.474565588310067
0.3 2.6885964347222773
0.3 2.9128674397157814
0.3 3.1473215120160285
0.3 3.391915964777177
0.3 3.6466191251928053
0.3 3.9114078293174854
0.3 4.186265612167092
0.3 4.471181389596114
0.3 4.76614868625319
0.3 4.811123345424492
0.3 4.516154408665698
0.3 4.231234338806448
0.3 3.9563691784371673
0.3 3.6915692547868666
0.3 3.436849878597145
0.3 3.192232527192504
0.3 2.9577464760049437
0.3 2.7334310214032143
0.3 2.519338495252902
0.3 2.315538258372957
0.3 2.1221220831104857
0.3 1.939211284168079
0.3 1.7669663915247507
0.3 1.6056001444205306
0.3 1.4553954095717119
0.3 1.3167293327400118
0.3 1.1900903238322644
0.3 1.0758874993759888
0.3000000051310091 0.9733051749061429
0.3004949290892179 0.879220190252238
0.35498833682811703 0.7905306588900229
0.49876047830374126 0.7062348581615535
0.73082498269319 0.6275849146562753
1.0634056633575582 0.5570236051368499
1.420975023113715 0.4967005738589197
1.7316491621498502 0.4473848596820808
1.9739327489198057 0.4091385609154852
2.145846934185995 0.3818886337851316
2.2483934158211683 0.36556605867760533
2.282474218868063 0.3601294685887227
2.24839341582112 0.36556605867760894
2.1458469341859 0.38188863378513976
1.973932748919662 0.40913856091549544
1.7316491621496173 0.4473848596820949
1.4209750231135319 0.4967005738589362
1.0634056633573608 0.557023605136867
0.7308249826930628 0.627584914656296
0.49876047830374004 0.7062348581615733
0.3549883368282103 0.7905306588900435
0.3004949290892197 0.8792201902522547
0.3000000051310091 0.9733051749061571
0.3 1.075887499375999
0.3 1.1900903238322702
0.3 1.3167293327400185
0.3 1.4553954095717145
0.3 1.6056001444205337
0.3 1.7669663915247533
0.3 1.9392112841680813
0.3 2.122122083110487
0.3 2.3155382583729573
0.3 2.519338495252902
0.3 2.7334310214032143
0.3 2.957746476004944
0.3 3.1922325271925027
0.3 3.4368498785971444
0.3 3.6915692547868657
0.3 3.9563691784371664
0.3 4.2312343388064475
0.3 4.516154408665698
0.3 4.811123345424491
0.3 4.866093908686409
0.3 4.571123087259159
0.3 4.286198091656732
0.3 4.011324474185651
0.3 3.7465117110127024
0.3 3.491773811309768
0.3 3.2471303631365767
0.3 3.012607952888953
0.3 2.7882420972743205
0.3 2.574079818572624
0.3 2.3701830320128043
0.3 2.176633010780363
0.3 1.9935362043729743
0.3 1.8210318653843347
0.3 1.6593019149526014
0.3 1.5085836675313362
0.3 1.3691855136802094
0.3 1.2414994334306364
0.3 1.125932600999976
0.3000000000009419 1.0223864627994816
0.300002869744347 0.9290387949987247
0.30640790154128755 0.8426507803362914
0.3940932119880127 0.761401574859103
0.5475139322090593 0.685581701732412
0.7753458233161141 0.6167738795608791
1.0634056633576343 0.5570236051368461
1.3511135139938582 0.5076636272889589
1.592308920951627 0.4692023812119759
1.7679809718123694 0.4417506752100002
1.8736191739807542 0.4252939969087583
1.9089138112697996 0.41981001726946826
1.8736191739806745 0.42529399690876313
1.7679809718122255 0.44175067521001016
1.5923089209512897 0.46920238121199154
1.35111351399359 0.5076636272889788
1.0634056633573419 0.5570236051368673
0.7753458233160292 0.6167738795609016
0.5475139322091287 0.685581701732431
0.39409321198808084 0.7614015748591214
0.3064079015413056 0.8426507803363096
0.300002869744347 0.9290387949987418
0.3000000000009419 1.0223864627994936
0.3 1.125932600999984
0.3 1.2414994334306428
0.3 1.3691855136802138
0.3 1.5085836675313398
0.3 1.659301914952603
0.3 1.8210318653843371
0.3 1.9935362043729754
0.3 2.1766330107803658
0.3 2.370183032012805
0.3 2.5740798185726255
0.3 2.7882420972743205
0.3 3.012607952888954
0.3 3.247130363136576
0.3 3.491773811309767
0.3 3.7465117110127015
0.3 4.01132447418565
0.3 4.28619809165673
0.3 4.571123087259156
0.3 4.866093908686406
0.3 4.931061170844218
0.3 4.6360882803695045
0.3 4.3511578856618796
0.3 4.0762750119036175
0.3 3.811448224139576
0.3 3.5566901384255827
0.3 3.3120183323369905
0.3 3.077456535987513
0.3 2.8530362765012853
0.3 2.63879899069602
0.3 2.4347988154604003
0.3 2.2411061139301722
0.3 2.0578120271154923
0.3 1.8850341147035508
0.3 1.7229234138479654
0.3 1.5716727716552525
0.3 1.4315263909950398
0.3 1.302787996976588
0.3 1.1858064835515445
0.3 1.0807921107102039
0.3000000005688304 0.987034444841867
0.3000523464966418 0.9022302656442076
0.3146885485157561 0.8240032949109846
0.4071970158707414 0.7515006868187165
0.5475139322091149 0.6855817017324068
0.7308249826933128 0.6275849146562669
0.9464044863573331 0.578862780366614
1.1560611379949925 0.5404367542997144
1.321338149838106 0.5128457064700515
1.4268819094669702 0.49624747640308225
1.4638448557142654 0.4907007627935664
1.4268819094668266 0.49624747640308914
1.321338149837841 0.5128457064700652
1.1560611379946035 0.5404367542997369
0.9464044863569472 0.5788627803666394
0.7308249826930662 0.6275849146562968
0.5475139322091284 0.6855817017324314
0.4071970158708406 0.751500686818738
0.314688548515813 0.8240032949110008
0.3000523464966418 0.9022302656442237
0.3000000005688304 0.9870344448418802
0.3 1.0807921107102152
0.3 1.1858064835515525
0.3 1.3027879969765948
0.3 1.4315263909950429
0.3 1.5716727716552563
0.3 1.7229234138479683
0.3 1.8850341147035528
0.3 2.0578120271154945
0.3 2.2411061139301727
0.3 2.4347988154604003
0.3 2.63879899069602
0.3 2.8530362765012853
0.3 3.077456535987513
0.3 3.3120183323369896
0.3 3.556690138425582
0.3 3.811448224139575
0.3 4.076275011903615
0.3 4.351157885661877
0.3 4.636088280369504
0.3 4.931061170844216
0.3 5.006025967319907
0.3 4.711050886229913
0.3 4.42611478259442
0.3 4.151222141762875
0.3 3.8863805852233537
0.3 3.63160130818716
0.3 3.3868998251451075
0.3 3.152296977851667
0.3 2.927820250498535
0.3 2.713505501353628
0.3 2.5093991149781174
0.3 2.315560751593751
0.3 2.1320666521058182
0.3 1.9590136956003168
0.3 1.7965240093657477
0.3 1.6447501791271057
0.3 1.5038803521360093
0.3 1.3741425815234025
0.3 1.2558026401342564
0.3 1.1491096093311837
0.3000000000000019 1.0539942773342996
0.3000000094910029 0.9694064019652513
0.3001154396051865 0.8932525560647018
0.3146885485157524 0.82400329491098
0.3940932119880917 0.761401574859093
0.49876047830390385 0.7062348581615404
0.6243037269879009 0.6593773582256145
0.7580731693038464 0.621891597367246
0.879852050971484 0.5946582337451043
0.9724889444908738 0.5780399129153474
1.009047196410373 0.5724199404259173
0.9724889444907443 0.578039912915358
0.8798520509712429 0.5946582337451213
0.758073169303612 0.6218915973672737
0.6243037269875092 0.6593773582256482
0.4987604783037114 0.7062348581615747
0.3940932119880507 0.7614015748591226
0.314688548515813 0.8240032949110012
0.3001154396051865 0.8932525560647191
0.3000000094910029 0.9694064019652653
0.3000000000000019 1.0539942773343112
0.3 1.1491096093311934
0.3 1.2558026401342637
0.3 1.3741425815234065
0.3 1.5038803521360131
0.3 1.6447501791271089
0.3 1.7965240093657502
0.3 1.959013695600318
0.3 2.132066652105819
0.3 2.315560751593752
0.3 2.5093991149781174
0.3 2.7135055013536284
0.3 2.9278202504985353
0.3 3.152296977851668
0.3 3.3868998251451075
0.3 3.6316013081871583
0.3 3.886380585223353
0.3 4.151222141762871
0.3 4.426114782594418
0.3 4.7110508862299065
0.3 5.006025967319899
0.3 5.090989138191273
0.3 4.79601180495706
0.3 4.51106984453803
0.3 4.236167200709098
0.3 3.9713105617464897
0.3 3.716509709088034
0.3 3.47177813394808
0.3 3.237133840365308
0.3 3.012600399517333
0.3 2.7982082841664866
0.3 2.593996515972381
0.3 2.4000146680744354
0.3 2.216325212809726
0.3 2.0430062018366617
0.3 1.8801541283466845
0.3 1.727886740919681
0.3 1.5863452890810976
0.3 1.4556954500034507
0.3 1.3361249966333864
0.3 1.2278273922007603
0.3 1.1309166227551921
0.3000000000000118 1.045121297405898
0.3000000094910029 0.9694064019652469
0.3000523464966418 0.902230265644199
0.3064079015412702 0.8426507803362772
0.3549883368281721 0.7905306588900064
0.42430742347103995 0.7462387468082913
0.4935284530331429 0.7107687522853176
0.5668910397268359 0.6846494260663208
0.6336539832683032 0.668337922154624
0.6623585412890054 0.6627260004325868
0.6336539832682482 0.6683379221546345
0.5668910397266733 0.6846494260663397
0.49352845303298154 0.7107687522853448
0.42430742347099704 0.7462387468083289
0.3549883368281652 0.7905306588900465
0.3064079015413019 0.8426507803363111
0.3000523464966418 0.9022302656442246
0.3000000094910029 0.9694064019652656
0.3000000000000118 1.0451212974059136
0.3 1.1309166227552019
0.3 1.2278273922007683
0.3 1.336124996633392
0.3 1.4556954500034553
0.3 1.5863452890811027
0.3 1.7278867409196834
0.3 1.8801541283466878
0.3 2.043006201836663
0.3 2.216325212809728
0.3 2.400014668074437
0.3 2.593996515972382
0.3 2.798208284166487
0.3 3.012600399517333
0.3 3.237133840365309
0.3 3.4717781339480793
0.3 3.716509709088033
0.3 3.9713105617464883
0.3 4.2361672007090965
0.3 4.511069844538026
0.3 4.796011804957055
0.3 5.090989138191267
0.3 5.185951494157646
0.3 4.890971904235519
0.3 4.60602408612271
0.3 4.331111460019298
0.3 4.0662398124551125
0.3 3.8114175687029865
0.3 3.5666562863584006
0.3 3.33197128313714
0.3 3.107382451540585
0.3 2.8929152619209404
0.3 2.6886019691441745
0.3 2.4944830193114527
0.3 2.310608619079894
0.3 2.1370403938107154
0.3 1.9738529603870307
0.3 1.82113514226965
0.3 1.6789903407662399
0.3 1.5475353645694394
0.3 1.426896528900568
0.3 1.3172002166648458
0.3 1.2185450249663607
0.3 1.1309166227551901
0.3000000000000019 1.0539942773342943
0.3000000005688304 0.9870344448418547
0.300002869744347 0.9290387949987114
0.300494929089216 0.8792201902522224
0.30833488971825124 0.8375147405735804
0.33828546603066806 0.8041816283223268
0.38414824105757367 0.7793600457338741
0.4236349791993067 0.7637059594464899
0.4390843137747118 0.7583011804707378
0.4236349791992977 0.7637059594464999
0.38414824105754974 0.7793600457338937
0.33828546603066434 0.804181628322355
0.30833488971829814 0.8375147405736109
0.3004949290892203 0.8792201902522575
0.300002869744347 0.9290387949987441
0.3000000005688304 0.987034444841882
0.3000000000000019 1.0539942773343123
0.3 1.130916622755202
0.3 1.2185450249663698
0.3 1.3172002166648535
0.3 1.426896528900573
0.3 1.5475353645694434
0.3 1.6789903407662432
0.3 1.8211351422696518
0.3 1.9738529603870334
0.3 2.1370403938107176
0.3 2.3106086190798947
0.3 2.494483019311453
0.3 2.688601969144175
0.3 2.892915261920941
0.3 3.1073824515405843
0.3 3.3319712831371406
0.3 3.5666562863584015
0.3 3.8114175687029848
0.3 4.066239812455111
0.3 4.331111460019295
0.3 4.606024086122709
0.3 4.890971904235515
0.3 5.185951494157642
0.3 5.290913788302716
0.3 4.995931986862318
0.3 4.710978440113359
0.3 4.436056074645972
0.3 4.171169829471122
0.3 3.9163268622167666
0.3 3.671536934774802
0.3 3.4368128907780435
0.3 3.212171266922473
0.3 2.9976330220526326
0.3 2.793224387545484
0.3 2.5989778084516204
0.3 2.414932926588128
0.3 2.2411375050493123
0.3 2.077648128061456
0.3 1.9245304109579933
0.3 1.781858315891303
0.3 1.6497119915823257
0.3 1.5281732967802444
0.3 1.417317739369029
0.3 1.3172002166648449
0.3 1.2278273922007572
0.3 1.1491096093311775
0.3 1.080792110710195
0.3000000000009419 1.022386462799469
0.3000000051310091 0.9733051749061294
0.3000015508774634 0.9330185970925626
0.3000605915365406 0.9010824626838412
0.3005264883877044 0.8774427607071834
0.30150114269494294 0.8626825703953119
0.3020052965468632 0.8576348891722843
0.30150114269494416 0.8626825703953203
0.30052648838770624 0.8774427607072002
0.3000605915365412 0.9010824626838645
0.3000015508774634 0.9330185970925899
0.3000000051310091 0.9733051749061586
0.3000000000009419 1.0223864627994952
0.3 1.0807921107102174
0.3 1.1491096093311934
0.3 1.2278273922007685
0.3 1.3172002166648538
0.3 1.4173177393690344
0.3 1.5281732967802502
0.3 1.649711991582329
0.3 1.781858315891306
0.3 1.9245304109579948
0.3 2.0776481280614596
0.3 2.2411375050493136
0.3 2.4149329265881296
0.3 2.598977808451621
0.3 2.7932243875454845
0.3 2.9976330220526326
0.3 3.2121712669224736
0.3 3.4368128907780444
0.3 3.6715369347748026
0.3 3.9163268622167653
0.3 4.17116982947112
0.3 4.436056074645969
0.3 4.710978440113355
0.3 4.995931986862313
0.3 5.290913788302714
0.3 5.405876692915615
0.3 5.110892766923656
0.3 4.825933728590636
0.3 4.551002050106222
0.3 4.286101892619575
0.3 4.031239257306901
0.3 3.786422278962242
0.3 3.551661579577031
0.3 3.32697071258561
0.3 3.112366674951135
0.3 2.9078704801035236
0.3 2.7135077526141163
0.3 2.5293092899352314
0.3 2.3553114923569636
0.3 2.191556513379824
0.3 2.0380919091000957
0.3 1.8949694744036871
0.3 1.7622428455848353
0.3 1.6399633257881268
0.3 1.5281732967802435
0.3 1.4268965289005666
0.3 1.3361249966333832
0.3 1.255802640134252
0.3 1.1858064835515367
0.3 1.1259326009999662
0.3 1.075887499375981
0.30000000000006777 1.035231284796943
0.3000000000209515 1.0034770987500188
0.3000000006496621 0.9804355041674757
0.30000000345338085 0.9663451407272384
0.3000000055624644 0.9615908253393789
0.30000000345338085 0.9663451407272458
0.3000000006496621 0.9804355041674887
0.3000000000209515 1.0034770987500374
0.30000000000006777 1.0352312847969607
0.3 1.0758874993760001
0.3 1.1259326009999853
0.3 1.1858064835515527
0.3 1.2558026401342643
0.3 1.3361249966333926
0.3 1.426896528900573
0.3 1.5281732967802504
0.3 1.6399633257881305
0.3 1.7622428455848391
0.3 1.8949694744036902
0.3 2.038091909100099
0.3 2.191556513379825
0.3 2.355311492356964
0.3 2.529309289935233
0.3 2.7135077526141167
0.3 2.907870480103524
0.3 3.1123666749511356
0.3 3.32697071258561
0.3 3.5516615795770323
0.3 3.786422278962242
0.3 4.031239257306901
0.3 4.286101892619574
0.3 4.551002050106219
0.3 4.825933728590635
0.3 5.1108927669236515
0.3 5.405876692915609
0.3 5.530840784170382
0.3 5.235854853539025
0.3 4.950890645013058
0.3 4.675950221267726
0.3 4.411037044921796
0.3 4.156156084781113
0.3 3.911314033911916
0.3 3.676519563657441
0.3 3.45178363608969
0.3 3.2371198494167825
0.3 3.032544804367346
0.3 2.838078451156952
0.3 2.653744365176725
0.3 2.479569864391211
0.3 2.3155858483415916
0.3 2.161826188497223
0.3 2.018326448785982
0.3 1.885121660943524
0.3 1.762242845584835
0.3 1.6497119915823246
0.3 1.5475353645694374
0.3 1.4556954500034476
0.3 1.3741425815233976
0.3 1.3027879969765832
0.3 1.241499433430629
0.3 1.190090323832258
0.3 1.1483032782191085
0.3 1.1158678709013394
0.3 1.0926370252210633
0.3 1.0786335734695878
0.3 1.073950711000965
0.3 1.0786335734695902
0.3 1.092637025221072
0.3 1.11586787090135
0.3 1.1483032782191218
0.3 1.1900903238322713
0.3 1.2414994334306435
0.3 1.3027879969765948
0.3 1.374142581523407
0.3 1.455695450003456
0.3 1.5475353645694434
0.3 1.649711991582329
0.3 1.7622428455848391
0.3 1.8851216609435268
0.3 2.0183264487859836
0.3 2.161826188497225
0.3 2.315585848341593
0.3 2.479569864391212
0.3 2.653744365176726
0.3 2.8380784511569535
0.3 3.032544804367346
0.3 3.237119849416783
0.3 3.4517836360896905
0.3 3.676519563657442
0.3 3.911314033911916
0.3 4.156156084781111
0.3 4.4110370449217955
0.3 4.675950221267724
0.3 4.950890645013057
0.3 5.235854853539022
0.3 5.530840784170377
0.3 5.665806533859425
0.3 5.370818742489494
0.3 5.0858497456692655
0.3 4.810901244180893
0.3 4.545976085575048
0.3 4.291078335183864
0.3 4.046213433981792
0.3 3.8113883750880917
0.3 3.5866119155544114
0.3 3.371894798269677
0.3 3.1672499704913366
0.3 2.9726927619064583
0.3 2.7882409773289862
0.3 2.6139148333330855
0.3 2.449736647243329
0.3 2.2957301564546007
0.3 2.151919321616098
0.3 2.018326448785982
0.3 1.894969474403687
0.3 1.7818583158913024
0.3 1.678990340766238
0.3 1.586345289081096
0.3 1.5038803521360076
0.3 1.4315263909950366
0.3 1.3691855136802054
0.3 1.316729332740009
0.3 1.2740033932514314
0.3 1.2408584501788646
0.3 1.2171986526907985
0.3 1.2029960708885399
0.3 1.1982593582578336
0.3 1.2029960708885432
0.3 1.2171986526908045
0.3 1.2408584501788742
0.3 1.2740033932514396
0.3 1.316729332740019
0.3 1.3691855136802145
0.3 1.431526390995043
0.3 1.5038803521360131
0.3 1.5863452890811025
0.3 1.6789903407662434
0.3 1.781858315891306
0.3 1.8949694744036902
0.3 2.0183264487859836
0.3 2.1519193216161003
0.3 2.2957301564546015
0.3 2.44973664724333
0.3 2.613914833333087
0.3 2.788240977328987
0.3 2.972692761906459
0.3 3.1672499704913375
0.3 3.371894798269678
0.3 3.586611915554412
0.3 3.811388375088092
0.3 4.046213433981792
0.3 4.2910783351838635
0.3 4.545976085575046
0.3 4.810901244180892
0.3 5.085849745669264
0.3 5.370818742489493
0.3 5.665806533859423
0.3 5.8107743075414
0.3 5.515784814808278
0.3 5.230811449707404
0.3 4.955855598913487
0.3 4.690919578072841
0.3 4.4360066760292645
0.3 4.191121266017634
0.3 3.956268923587866
0.3 3.7314565639839405
0.3 3.5166925757086775
0.3 3.3119869376196855
0.3 3.117351287667853
0.3 2.93279890717334
0.3 2.758344566145133
0.3 2.5940041638028384
0.3 2.439794081357093
0.3 2.2957301564546
0.3 2.1618261884972227
0.3 2.0380919091000953
0.3 1.9245304109579922
0.3 1.8211351422696487
0.3 1.7278867409196805
0.3 1.644750179127104
0.3 1.5716727716552497
0.3 1.5085836675313333
0.3 1.4553954095717085
0.3 1.4120108388659196
0.3 1.378339421064611
0.3 1.3543164456891585
0.3 1.3399092726475623
0.3 1.3351074383006232
0.3 1.3399092726475654
0.3 1.3543164456891617
0.3 1.3783394210646156
0.3 1.4120108388659243
0.3 1.4553954095717145
0.3 1.5085836675313398
0.3 1.5716727716552565
0.3 1.6447501791271089
0.3 1.7278867409196836
0.3 1.8211351422696522
0.3 1.924530410957995
0.3 2.038091909100099
0.3 2.161826188497225
0.3 2.2957301564546015
0.3 2.4397940813570953
0.3 2.5940041638028397
0.3 2.7583445661451353
0.3 2.93279890717334
0.3 3.117351287667854
0.3 3.3119869376196855
0.3 3.5166925757086784
0.3 3.7314565639839405
0.3 3.9562689235878667
0.3 4.191121266017634
0.3 4.4360066760292645
0.3 4.690919578072839
0.3 4.955855598913486
0.3 5.230811449707403
0.3 5.51578481480828
0.3 5.810774307541401
0.3 5.96574436823419
0.3 5.670753341357651
0.3 5.3857760461995134
0.3 5.11081360129192
0.3 4.845867869837346
0.3 4.59094148431016
0.3 4.346037922412861
0.3 4.111161582100859
0.3 3.886317865689139
0.3 3.6715132526341914
0.3 3.4667553501752115
0.3 3.2720528958797237
0.3 3.087415684462741
0.3 2.912854378852257
0.3 2.7483801602559366
0.3 2.594004163802839
0.3 2.4497366472433293
0.3 2.3155858483415925
0.3 2.1915565133798243
0.3 2.077648128061455
0.3 1.9738529603870303
0.3 1.8801541283466834
0.3 1.7965240093657464
0.3 1.7229234138479648
0.3 1.6593019149526
0.3 1.6056001444205283
0.3 1.5617549783300195
0.3 1.5277081510520323
0.3 1.5034149884398542
0.3 1.4888478617262564
0.3 1.4839934076770651
0.3 1.4888478617262586
0.3 1.5034149884398555
0.3 1.5277081510520363
0.3 1.5617549783300233
0.3 1.6056001444205334
0.3 1.659301914952603
0.3 1.7229234138479688
0.3 1.79652400936575
0.3 1.8801541283466878
0.3 1.9738529603870332
0.3 2.0776481280614596
0.3 2.191556513379825
0.3 2.315585848341593
0.3 2.44973664724333
0.3 2.5940041638028397
0.3 2.748380160255939
0.3 2.9128543788522583
0.3 3.0874156844627425
0.3 3.272052895879724
0.3 3.466755350175212
0.3 3.6715132526341923
0.3 3.886317865689139
0.3 4.11116158210086
0.3 4.346037922412862
0.3 4.59094148431016
0.3 4.845867869837346
0.3 5.110813601291919
0.3 5.385776046199514
0.3 5.670753341357653
0.3 5.9657443682341915
0.3 6.130716884450788
0.3 5.835724492012014
0.3 5.550743706479662
0.3 5.27577542096443
0.3 5.01082111964158
0.3 4.755882888535332
0.3 4.510963465586907
0.3 4.276066285231301
0.3 4.051195525687139
0.3 3.836356141648286
0.3 3.6315538738496356
0.3 3.436795215108778
0.3 3.2520873127186203
0.3 3.077437778776073
0.3 2.912854378852257
0.3 2.7583445661451336
0.3 2.6139148333330855
0.3 2.479569864391211
0.3 2.355311492356963
0.3 2.241137505049312
0.3 2.1370403938107145
0.3 2.043006201836661
0.3 1.9590136956003155
0.3 1.88503411470355
0.3 1.821031865384334
0.3 1.7669663915247493
0.3 1.7227956678683318
0.3 1.6884809298148278
0.3 1.6639910968426925
0.3 1.649304962805407
0.3 1.644410808358806
0.3 1.6493049628054077
0.3 1.6639910968426939
0.3 1.6884809298148293
0.3 1.7227956678683343
0.3 1.766966391524752
0.3 1.821031865384337
0.3 1.885034114703553
0.3 1.959013695600318
0.3 2.0430062018366626
0.3 2.1370403938107176
0.3 2.241137505049313
0.3 2.355311492356964
0.3 2.479569864391212
0.3 2.6139148333330873
0.3 2.7583445661451353
0.3 2.9128543788522583
0.3 3.077437778776075
0.3 3.252087312718621
0.3 3.436795215108779
0.3 3.631553873849636
0.3 3.8363561416482868
0.3 4.051195525687139
0.3 4.276066285231302
0.3 4.510963465586907
0.3 4.755882888535332
0.3 5.010821119641579
0.3 5.27577542096443
0.3 5.550743706479662
0.3 5.835724492012014
0.3 6.130716884450789
0.3 6.305691941363255
0.3 6.0106983481018945
0.3 5.725714500027403
0.3 5.450741103424321
0.3 5.1857793293895496
0.3 4.930830815359287
0.3 4.685897696655851
0.3 4.450982630214344
0.3 4.226088817378113
0.3 4.0112200115274685
0.3 3.806380504168066
0.3 3.611575073994537
0.3 3.4268088847894327
0.3 3.2520873127186203
0.3 3.0874156844627416
0.3 2.93279890717334
0.3 2.7882409773289862
0.3 2.653744365176726
0.3 2.529309289935232
0.3 2.4149329265881274
0.3 2.3106086190798942
0.3 2.216325212809726
0.3 2.1320666521058182
0.3 2.057812027115492
0.3 1.9935362043729747
0.3 1.9392112841680789
0.3 1.8948087966885854
0.3 1.8603024201679523
0.3 1.835670471993716
0.3 1.820897382644332
0.3 1.8159740139045812
0.3 1.8208973826443329
0.3 1.835670471993717
0.3 1.8603024201679534
0.3 1.8948087966885874
0.3 1.9392112841680813
0.3 1.9935362043729756
0.3 2.0578120271154945
0.3 2.132066652105819
0.3 2.2163252128097284
0.3 2.310608619079895
0.3 2.4149329265881296
0.3 2.529309289935233
0.3 2.653744365176726
0.3 2.788240977328987
0.3 2.93279890717334
0.3 3.0874156844627425
0.3 3.252087312718621
0.3 3.426808884789434
0.3 3.611575073994537
0.3 3.806380504168066
0.3 4.011220011527469
0.3 4.226088817378113
0.3 4.4509826302143445
0.3 4.685897696655851
0.3 4.930830815359286
0.3 5.1857793293895496
0.3 5.4507411034243205
0.3 5.7257145000274035
0.3 6.010698348101896
0.3 6.305691941363257
0.3 6.490669553830458
0.3 6.195674916729792
0.3 5.91068841220896
0.3 5.63571059375489
0.3 5.370742377234213
0.3 5.115785036593032
0.3 4.870840222542701
0.3 4.635909972563549
0.3 4.410996718165489
0.3 4.196103277919275
0.3 3.991232831797702
0.3 3.7963888653195776
0.3 3.611575073994537
0.3 3.4367952151087784
0.3 3.2720528958797233
0.3 3.117351287667853
0.3 2.9726927619064583
0.3 2.838078451156952
0.3 2.7135077526141167
0.3 2.5989778084516195
0.3 2.494483019311452
0.3 2.400014668074434
0.3 2.31556075159375
0.3 2.2411061139301713
0.3 2.1766330107803626
0.3 2.1221220831104852
0.3 2.07755379418604
0.3 2.042910062675025
0.3 2.0181757478017794
0.3 2.0033396671174826
0.3 1.998395057549929
0.3 2.003339667117483
0.3 2.01817574780178
0.3 2.0429100626750265
0.3 2.077553794186042
0.3 2.1221220831104866
0.3 2.1766330107803653
0.3 2.241106113930173
0.3 2.3155607515937526
0.3 2.400014668074437
0.3 2.494483019311453
0.3 2.5989778084516213
0.3 2.7135077526141167
0.3 2.8380784511569535
0.3 2.972692761906459
0.3 3.117351287667854
0.3 3.272052895879724
0.3 3.436795215108779
0.3 3.611575073994537
0.3 3.7963888653195776
0.3 3.991232831797703
0.3 4.196103277919276
0.3 4.41099671816549
0.3 4.6359099725635495
0.3 4.870840222542701
0.3 5.115785036593032
0.3 5.3707423772342135
0.3 5.63571059375489
0.3 5.91068841220896
0.3 6.195674916729792
0.3 6.490669553830457
0.3 6.685649680283959
0.3 6.3906541458706725
0.3 6.105665362563589
0.3 5.830683760434848
0.3 5.5657100498226075
0.3 5.310745213703619
0.3 5.0657905177212
0.3 4.83084751161327
0.3 4.605918027203979
0.3 4.391004163870656
0.3 4.186108258529439
0.3 3.991232831797701
0.3 3.806380504168065
0.3 3.631553873849635
0.3 3.466755350175211
0.3 3.3119869376196855
0.3 3.1672499704913366
0.3 3.0325448043673457
0.3 2.907870480103523
0.3 2.7932243875454836
0.3 2.688601969144174
0.3 2.5939965159723806
0.3 2.509399114978117
0.3 2.4347988154603994
0.3 2.370183032012804
0.3 2.315538258372956
0.3 2.2708509684106915
0.3 2.236108635407004
0.3 2.2113006776723956
0.3 2.1964191594437947
0.3 2.191459200668585
0.3 2.196419159443795
0.3 2.2113006776723956
0.3 2.236108635407004
0.3 2.2708509684106915
0.3 2.3155382583729573
0.3 2.370183032012805
0.3 2.4347988154604003
0.3 2.5093991149781174
0.3 2.593996515972382
0.3 2.688601969144175
0.3 2.7932243875454845
0.3 2.907870480103524
0.3 3.032544804367346
0.3 3.1672499704913375
0.3 3.3119869376196855
0.3 3.4667553501752124
0.3 3.6315538738496356
0.3 3.806380504168066
0.3 3.991232831797703
0.3 4.186108258529439
0.3 4.391004163870658
0.3 4.605918027203979
0.3 4.83084751161327
0.3 5.065790517721201
0.3 5.31074521370362
0.3 5.565710049822606
0.3 5.830683760434847
0.3 6.10566536256359
0.3 6.390654145870672
0.3 6.685649680283958
0.3 6.890632236508624
0.3 6.595635939231517
0.3 6.310645222467309
0.3 6.0356604177843325
0.3 5.770682071941463
0.3 5.515710937667519
0.3 5.270747978079011
0.3 5.035794363106948
0.3 4.810851462463861
0.3 4.595920828029516
0.3 4.391004163870658
0.3 4.196103277919275
0.3 4.0112200115274685
0.3 3.836356141648286
0.3 3.671513252634191
0.3 3.516692575708678
0.3 3.3718947982696768
0.3 3.2371198494167825
0.3 3.1123666749511347
0.3 2.9976330220526317
0.3 2.8929152619209404
0.3 2.798208284166486
0.3 2.713505501353627
0.3 2.638798990696019
0.3 2.5740798185726237
0.3 2.5193384952529017
0.3 2.4745655883100657
0.3 2.439752375614308
0.3 2.414891452135101
0.3 2.399977216839504
0.3 2.395006196732152
0.3 2.3999772168395044
0.3 2.414891452135101
0.3 2.4397523756143085
0.3 2.4745655883100666
0.3 2.519338495252902
0.3 2.574079818572625
0.3 2.63879899069602
0.3 2.7135055013536284
0.3 2.798208284166487
0.3 2.892915261920941
0.3 2.9976330220526326
0.3 3.1123666749511356
0.3 3.237119849416783
0.3 3.371894798269678
0.3 3.5166925757086784
0.3 3.6715132526341923
0.3 3.8363561416482868
0.3 4.011220011527469
0.3 4.196103277919276
0.3 4.391004163870658
0.3 4.5959208280295165
0.3 4.810851462463862
0.3 5.03579436310695
0.3 5.27074797807901
0.3 5.51571093766752
0.3 5.770682071941462
0.3 6.035660417784331
0.3 6.310645222467309
0.3 6.595635939231515
0.3 6.89063223650862
0.3 7.1056171087605104
0.3 6.810620170285859
0.3 6.525627831522004
0.3 6.250640346324779
0.3 5.9856581327346925
0.3 5.73068176331164
0.3 5.48571196607751
0.3 5.250749618343165
0.3 5.02579573738595
0.3 4.8108514624638605
0.3 4.605918027203979
0.3 4.41099671816549
0.3 4.226088817378112
0.3 4.051195525687138
0.3 3.8863178656891386
0.3 3.73145656398394
0.3 3.586611915554411
0.3 3.45178363608969
0.3 3.3269707125856094
0.3 3.2121712669224727
0.3 3.1073824515405843
0.3 3.0126003995173325
0.3 2.9278202504985344
0.3 2.853036276501285
0.3 2.78824209727432
0.3 2.733431021403214
0.3 2.6885964347222764
0.3 2.6537322299919475
0.3 2.628833215556552
0.3 2.6138954484018324
0.3 2.608916470704611
0.3 2.613895448401833
0.3 2.628833215556552
0.3 2.653732229991948
0.3 2.6885964347222773
0.3 2.7334310214032143
0.3 2.7882420972743205
0.3 2.8530362765012858
0.3 2.9278202504985353
0.3 3.012600399517333
0.3 3.107382451540585
0.3 3.2121712669224736
0.3 3.32697071258561
0.3 3.4517836360896905
0.3 3.586611915554412
0.3 3.731456563983941
0.3 3.886317865689139
0.3 4.051195525687139
0.3 4.226088817378113
0.3 4.41099671816549
0.3 4.605918027203979
0.3 4.810851462463862
0.3 5.02579573738595
0.3 5.250749618343168
0.3 5.485711966077511
0.3 5.73068176331164
0.3 5.9856581327346925
0.3 6.2506403463247775
0.3 6.525627831522002
0.3 6.8106201702858575
0.3 7.1056171087605104
0.3 7.330604165627761
0.3 7.035606694875366
0.3 6.750613012040278
0.3 6.475623310387734
0.3 6.210637907837316
0.3 5.955657237554776
0.3 5.710681846873936
0.3 5.47571239005318
0.3 5.250749618343167
0.3 5.035794363106948
0.3 4.83084751161327
0.3 4.6359099725635495
0.3 4.450982630214343
0.3 4.276066285231302
0.3 4.111161582100859
0.3 3.9562689235878667
0.3 3.8113883750880913
0.3 3.6765195636574415
0.3 3.551661579577032
0.3 3.4368128907780435
0.3 3.3319712831371406
0.3 3.237133840365308
0.3 3.152296977851667
0.3 3.0774565359875123
0.3 3.012607952888953
0.3 2.9577464760049437
0.3 2.9128674397157814
0.3 2.8779665506106094
0.3 2.8530401567742434
0.3 2.8380854793016823
0.3 2.8331007833320037
0.3 2.8380854793016823
0.3 2.853040156774244
0.3 2.87796655061061
0.3 2.9128674397157814
0.3 2.957746476004944
0.3 3.012607952888954
0.3 3.077456535987513
0.3 3.1522969778516674
0.3 3.237133840365309
0.3 3.3319712831371406
0.3 3.436812890778045
0.3 3.5516615795770323
0.3 3.676519563657442
0.3 3.8113883750880926
0.3 3.956268923587867
0.3 4.11116158210086
0.3 4.276066285231302
0.3 4.4509826302143445
0.3 4.6359099725635495
0.3 4.83084751161327
0.3 5.03579436310695
0.3 5.250749618343168
0.3 5.475712390053181
0.3 5.710681846873937
0.3 5.955657237554775
0.3 6.210637907837316
0.3 6.475623310387734
0.3 6.750613012040278
0.3 7.03560669487536
0.3 7.330604165627755
0.3 7.565593268556626
0.3 7.2705953623132755
0.3 6.985600581599231
0.3 6.710609073041982
0.3 6.445621077657663
0.3 6.190636922083509
0.3 5.945657016427933
0.3 5.7106818468739355
0.3 5.48571196607751
0.3 5.27074797807901
0.3 5.065790517721201
0.3 4.870840222542701
0.3 4.68589769665585
0.3 4.510963465586907
0.3 4.346037922412861
0.3 4.191121266017634
0.3 4.04621343398179
0.3 3.9113140339119155
0.3 3.7864222789622417
0.3 3.6715369347748013
0.3 3.5666562863584006
0.3 3.4717781339480793
0.3 3.3868998251451066
0.3 3.3120183323369896
0.3 3.2471303631365758
0.3 3.192232527192502
0.3 3.147321512016028
0.3 3.112394277165804
0.3 3.08744824144844
0.3 3.072481440570328
0.3 3.0674926461926333
0.3 3.0724814405703285
0.3 3.08744824144844
0.3 3.112394277165804
0.3 3.147321512016028
0.3 3.1922325271925027
0.3 3.247130363136576
0.3 3.3120183323369896
0.3 3.3868998251451075
0.3 3.4717781339480798
0.3 3.5666562863584015
0.3 3.671536934774803
0.3 3.786422278962242
0.3 3.9113140339119163
0.3 4.046213433981792
0.3 4.191121266017634
0.3 4.346037922412862
0.3 4.510963465586907
0.3 4.685897696655851
0.3 4.870840222542701
0.3 5.065790517721201
0.3 5.270747978079011
0.3 5.485711966077511
0.3 5.710681846873937
0.3 5.945657016427933
0.3 6.190636922083508
0.3 6.445621077657659
0.3 6.710609073041979
0.3 6.985600581599227
0.3 7.270595362313269
0.3 7.565593268556621
0.3 7.81058428066928
0.3 7.51558602462618
0.3 7.2305903633325626
0.3 6.955597408066966
0.3 6.6906073416641485
0.3 6.4356204105443835
0.3 6.190636922083508
0.3 5.955657237554775
0.3 5.73068176331164
0.3 5.515710937667518
0.3 5.310745213703618
0.3 5.1157850365930315
0.3 4.930830815359284
0.3 4.755882888535333
0.3 4.590941484310159
0.3 4.436006676029264
0.3 4.291078335183863
0.3 4.156156084781112
0.3 4.0312392573069005
0.3 3.9163268622167644
0.3 3.8114175687029843
0.3 3.716509709088032
0.3 3.6316013081871574
0.3 3.5566901384255813
0.3 3.491773811309767
0.3 3.4368498785971444
0.3 3.391915964777177
0.3 3.356969899178449
0.3 3.3320098410490178
0.3 3.317034390388084
0.3 3.3120426726402914
0.3 3.317034390388084
0.3 3.3320098410490178
0.3 3.356969899178449
0.3 3.391915964777177
0.3 3.436849878597145
0.3 3.491773811309767
0.3 3.556690138425582
0.3 3.6316013081871588
0.3 3.716509709088033
0.3 3.811417568702985
0.3 3.9163268622167657
0.3 4.031239257306901
0.3 4.156156084781112
0.3 4.2910783351838635
0.3 4.4360066760292645
0.3 4.59094148431016
0.3 4.755882888535332
0.3 4.930830815359286
0.3 5.115785036593032
0.3 5.310745213703619
0.3 5.51571093766752
0.3 5.73068176331164
0.3 5.955657237554775
0.3 6.190636922083508
0.3 6.435620410544384
0.3 6.690607341664148
0.3 6.955597408066964
0.3 7.230590363332562
0.3 7.515586024626177
0.3 7.810584280669278
0.3 8.06557707426079
0.3 7.770578544357992
0.3 7.485582194481617
0.3 7.210588109675389
0.3 6.94559642965951
0.3 6.690607341664148
0.3 6.44562107765766
0.3 6.210637907837314
0.3 5.9856581327346925
0.3 5.7706820719414615
0.3 5.565710049822606
0.3 5.370742377234213
0.3 5.1857793293895496
0.3 5.01082111964158
0.3 4.845867869837346
0.3 4.690919578072839
0.3 4.545976085575046
0.3 4.4110370449217955
0.3 4.286101892619574
0.3 4.171169829471119
0.3 4.066239812455111
0.3 3.971310561746488
0.3 3.886380585223352
0.3 3.8114482241395744
0.3 3.7465117110127006
0.3 3.6915692547868653
0.3 3.646619125192805
0.3 3.6116597459908153
0.3 3.5866897850829726
0.3 3.5717082308669084
0.3 3.566714451125488
0.3 3.5717082308669084
0.3 3.5866897850829726
0.3 3.6116597459908153
0.3 3.646619125192805
0.3 3.691569254786866
0.3 3.746511711012701
0.3 3.811448224139575
0.3 3.886380585223353
0.3 3.9713105617464883
0.3 4.066239812455112
0.3 4.17116982947112
0.3 4.286101892619574
0.3 4.4110370449217955
0.3 4.545976085575047
0.3 4.69091957807284
0.3 4.845867869837347
0.3 5.010821119641579
0.3 5.1857793293895496
0.3 5.370742377234213
0.3 5.565710049822606
0.3 5.770682071941461
0.3 5.9856581327346925
0.3 6.210637907837316
0.3 6.44562107765766
0.3 6.690607341664148
0.3 6.945596429659511
0.3 7.2105881096753865
0.3 7.4855821944816165
0.3 7.770578544357988
0.3 8.065577074260787
0.3 8.330571536472812
0.3 8.035572800438121
0.3 7.750575932725634
0.3 7.475580999539143
0.3 7.210588109675387
0.3 6.955597408066965
0.3 6.710609073041979
0.3 6.475623310387731
0.3 6.250640346324777
0.3 6.03566041778433
0.3 5.830683760434846
0.3 5.635710593754889
0.3 5.450741103424322
0.3 5.27577542096443
0.3 5.110813601291918
0.3 4.955855598913485
0.3 4.810901244180892
0.3 4.675950221267724
0.3 4.551002050106218
0.3 4.436056074645969
0.3 4.331111460019295
0.3 4.2361672007090965
0.3 4.151222141762871
0.3 4.076275011903615
0.3 4.01132447418565
0.3 3.9563691784371664
0.3 3.911407829317486
0.3 3.876439252650473
0.3 3.851462457862698
0.3 3.8364766938771107
0.3 3.8314814922796616
0.3 3.8364766938771107
0.3 3.8514624578626977
0.3 3.8764392526504725
0.3 3.911407829317486
0.3 3.956369178437166
0.3 4.01132447418565
0.3 4.076275011903615
0.3 4.151222141762872
0.3 4.2361672007090965
0.3 4.3311114600192955
0.3 4.436056074645968
0.3 4.551002050106218
0.3 4.675950221267725
0.3 4.810901244180893
0.3 4.955855598913486
0.3 5.110813601291918
0.3 5.27577542096443
0.3 5.4507411034243205
0.3 5.63571059375489
0.3 5.830683760434846
0.3 6.03566041778433
0.3 6.2506403463247775
0.3 6.475623310387733
0.3 6.710609073041979
0.3 6.955597408066964
0.3 7.2105881096753865
0.3 7.475580999539143
0.3 7.750575932725631
0.3 8.03557280043812
0.3 8.330571536472808
0.3 8.605567574268143
0.3 8.31056869329897
0.3 8.02557146163095
0.3 7.750575932725633
0.3 7.485582194481615
0.3 7.2305903633325626
0.3 6.985600581599226
0.3 6.750613012040275
0.3 6.525627831522002
0.3 6.310645222467308
0.3 6.105665362563587
0.3 5.91068841220896
0.3 5.725714500027403
0.3 5.550743706479661
0.3 5.385776046199515
0.3 5.230811449707402
0.3 5.085849745669263
0.3 4.950890645013058
0.3 4.825933728590633
0.3 4.7109784401133545
0.3 4.606024086122706
0.3 4.511069844538026
0.3 4.426114782594418
0.3 4.351157885661878
0.3 4.286198091656731
0.3 4.2312343388064475
0.3 4.186265612167092
0.3 4.151290994599936
0.3 4.126309715232853
0.3 4.111321190656646
0.3 4.10632505700496
0.3 4.111321190656646
0.3 4.1263097152328525
0.3 4.151290994599935
0.3 4.186265612167092
0.3 4.2312343388064475
0.3 4.28619809165673
0.3 4.351157885661877
0.3 4.426114782594419
0.3 4.511069844538028
0.3 4.606024086122708
0.3 4.710978440113356
0.3 4.825933728590636
0.3 4.950890645013057
0.3 5.085849745669265
0.3 5.230811449707402
0.3 5.385776046199514
0.3 5.550743706479663
0.3 5.7257145000274035
0.3 5.910688412208959
0.3 6.105665362563588
0.3 6.310645222467308
0.3 6.525627831522002
0.3 6.750613012040277
0.3 6.985600581599228
0.3 7.230590363332561
0.3 7.4855821944816165
0.3 7.7505759327256305
0.3 8.025571461630953
0.3 8.310568693298972
0.3 8.605567574268143
0.3 8.890565116947936
0.3 8.59556614743606
0.3 8.310568693298968
0.3 8.035572800438118
0.3 7.770578544357985
0.3 7.515586024626177
0.3 7.270595362313267
0.3 7.035606694875359
0.3 6.810620170285857
0.3 6.5956359392315145
0.3 6.390654145870671
0.3 6.195674916729792
0.3 6.010698348101895
0.3 5.835724492012017
0.3 5.670753341357654
0.3 5.51578481480828
0.3 5.370818742489492
0.3 5.235854853539021
0.3 5.110892766923651
0.3 4.995931986862312
0.3 4.890971904235516
0.3 4.796011804957056
0.3 4.711050886229906
0.3 4.636088280369503
0.3 4.571123087259158
0.3 4.516154408665699
0.3 4.471181389596117
0.3 4.43620326092798
0.3 4.4112193770037536
0.3 4.396229249645323
0.3 4.391232574920187
0.3 4.396229249645322
0.3 4.411219377003754
0.3 4.436203260927979
0.3 4.471181389596114
0.3 4.516154408665697
0.3 4.571123087259157
0.3 4.636088280369504
0.3 4.7110508862299065
0.3 4.796011804957057
0.3 4.890971904235518
0.3 4.995931986862317
0.3 5.110892766923652
0.3 5.235854853539022
0.3 5.370818742489493
0.3 5.515784814808279
0.3 5.670753341357653
0.3 5.835724492012016
0.3 6.010698348101895
0.3 6.195674916729791
0.3 6.39065414587067
0.3 6.5956359392315145
0.3 6.8106201702858575
0.3 7.0356066948753595
0.3 7.270595362313269
0.3 7.515586024626177
0.3 7.770578544357986
0.3 8.035572800438118
0.3 8.31056869329897
0.3 8.595566147436058
0.3 8.890565116947936
0.3 9.185564121538516
0.3 8.890565116947936
0.3 8.605567574268141
0.3 8.33057153647281
0.3 8.065577074260782
0.3 7.810584280669276
0.3 7.565593268556617
0.3 7.330604165627752
0.3 7.105617108760509
0.3 6.89063223650862
0.3 6.685649680283957
0.3 6.490669553830456
0.3 6.305691941363258
0.3 6.130716884450791
0.3 5.9657443682341915
0.3 5.810774307541401
0.3 5.665806533859423
0.3 5.530840784170377
0.3 5.405876692915609
0.3 5.2909137883027135
0.3 5.185951494157643
0.3 5.090989138191267
0.3 5.006025967319898
0.3 4.931061170844215
0.3 4.866093908686407
0.3 4.811123345424494
0.3 4.766148686253191
0.3 4.731169217263208
0.3 4.706184339848665
0.3 4.691193601557743
0.3 4.686196720667417
0.3 4.6911936015577425
0.3 4.706184339848665
0.3 4.731169217263206
0.3 4.7661486862531905
0.3 4.81112334542449
0.3 4.866093908686407
0.3 4.931061170844216
0.3 5.0060259673199
0.3 5.090989138191268
0.3 5.185951494157644
0.3 5.290913788302716
0.3 5.40587669291561
0.3 5.530840784170379
0.3 5.665806533859424
0.3 5.810774307541401
0.3 5.9657443682341915
0.3 6.130716884450789
0.3 6.305691941363256
0.3 6.490669553830455
0.3 6.685649680283956
0.3 6.890632236508619
0.3 7.105617108760509
0.3 7.3306041656277525
0.3 7.565593268556619
0.3 7.8105842806692785
0.3 8.065577074260787
0.3 8.330571536472807
0.3 8.605567574268143
0.3 8.890565116947934
0.3 9.185564121538512
