0.01 9.566554302674348
0.01 9.27155997083183
0.01 8.98657534177756
0.01 8.71160053322246
0.01 8.446635751990724
0.01 8.191681262204447
0.01 7.946737370272185
0.01 7.711804397632283
0.01 7.486882651459244
0.01 7.271972388270673
0.01 7.067073774196961
0.01 6.872186840815527
0.01 6.687311439378943
0.01 6.512447194349707
0.01 6.3475934594453705
0.01 6.192749278537282
0.01 6.047913355126144
0.01 5.913084033444223
0.01 5.788259294747837
0.01 5.673436771330844
0.01 5.5686137803914715
0.01 5.473787378300337
0.01 5.388954434465969
0.01 5.314111722061244
0.01 5.249256023328999
0.01 5.194384240364376
0.01 5.149493511675513
0.01 5.1145813217892915
0.01 5.0896455996401375
0.01 5.074684801984949
0.01 5.069697976698589
0.01 5.074684801984948
0.01 5.0896455996401375
0.01 5.114581321789291
0.01 5.149493511675514
0.01 5.194384240364378
0.01 5.249256023329001
0.01 5.314111722061245
0.01 5.388954434465969
0.01 5.473787378300339
0.01 5.568613780391473
0.01 5.673436771330845
0.01 5.788259294747834
0.01 5.9130840334442185
0.01 6.04791335512614
0.01 6.1927492785372795
0.01 6.347593459445371
0.01 6.5124471943497015
0.01 6.68731143937894
0.01 6.872186840815524
0.01 7.067073774196954
0.01 7.271972388270662
0.01 7.486882651459236
0.01 7.711804397632279
0.01 7.946737370272185
0.01 8.191681262204446
0.01 8.446635751990724
0.01 8.71160053322246
0.01 8.986575341777558
0.01 9.271559970831824
0.01 9.566554302674337
0.01 9.27155997083183
0.01 8.97656576520483
0.01 8.691581485742388
0.01 8.41660725733138
0.01 8.151643298832573
0.01 7.896689890557094
0.01 7.6517473588391525
0.01 7.416816048017229
0.01 7.191896290208857
0.01 6.976988367668062
0.01 6.77209247152654
0.01 6.577208655764829
0.01 6.392336789285818
0.01 6.217476507029105
0.01 6.052627163437424
0.01 5.897787790746797
0.01 5.752957066023674
0.01 5.618133290224589
0.01 5.493314383106894
0.01 5.378497896773194
0.01 5.2736810501903495
0.01 5.1788607853796
0.01 5.094033844537637
0.01 5.0191968652445995
0.01 4.954346490812675
0.01 4.89947948716201
0.01 4.854592865581713
0.01 4.81968399760692
0.01 4.794750718641739
0.01 4.779791415646641
0.01 4.774805093428706
0.01 4.77979141564664
0.01 4.7947507186417395
0.01 4.819683997606919
0.01 4.854592865581714
0.01 4.8994794871620115
0.01 4.954346490812676
0.01 5.0191968652446
0.01 5.094033844537635
0.01 5.1788607853796025
0.01 5.273681050190351
0.01 5.378497896773194
0.01 5.49331438310689
0.01 5.618133290224587
0.01 5.752957066023669
0.01 5.897787790746794
0.01 6.05262716343742
0.01 6.217476507029099
0.01 6.392336789285815
0.01 6.577208655764828
0.01 6.772092471526533
0.01 6.976988367668052
0.01 7.191896290208851
0.01 7.416816048017223
0.01 7.6517473588391525
0.01 7.896689890557093
0.01 8.15164329883257
0.01 8.416607257331378
0.01 8.691581485742393
0.01 8.976565765204825
0.01 9.271559970831824
0.01 8.986575341777558
0.01 8.691581485742388
0.01 8.406598172291105
0.01 8.131625546822645
0.01 7.866663862683075
0.01 7.611713446657367
0.01 7.366774682422388
0.01 7.131847980450186
0.01 6.906933745226311
0.01 6.69203233414582
0.01 6.487144011983685
0.01 6.29226889961544
0.01 6.107406919963997
0.01 5.93255774217158
0.01 5.767720727597658
0.01 5.612894880472477
0.01 5.468078807700245
0.01 5.333270691742619
0.01 5.208468281195608
0.01 5.093668902601745
0.01 4.988869496531861
0.01 4.894066678982766
0.01 4.80925682758365
0.01 4.7344361897639216
0.01 4.669601008034912
0.01 4.614747655817456
0.01 4.569872774714291
0.01 4.534973407916514
0.01 4.510047119639579
0.01 4.495092094510524
0.01 4.490107212350209
0.01 4.495092094510524
0.01 4.51004711963958
0.01 4.534973407916514
0.01 4.56987277471429
0.01 4.614747655817457
0.01 4.669601008034912
0.01 4.7344361897639216
0.01 4.809256827583651
0.01 4.894066678982766
0.01 4.988869496531862
0.01 5.093668902601745
0.01 5.208468281195608
0.01 5.333270691742619
0.01 5.468078807700243
0.01 5.612894880472477
0.01 5.767720727597655
0.01 5.932557742171579
0.01 6.107406919963995
0.01 6.292268899615435
0.01 6.487144011983682
0.01 6.692032334145817
0.01 6.906933745226308
0.01 7.131847980450184
0.01 7.366774682422386
0.01 7.611713446657366
0.01 7.8666638626830725
0.01 8.131625546822644
0.01 8.406598172291105
0.01 8.691581485742393
0.01 8.986575341777558
0.01 8.711600533222459
0.01 8.416607257331377
0.01 8.131625546822644
0.01 7.856655582267739
0.01 7.591697676142963
0.01 7.336752235093599
0.01 7.091819741607812
0.01 6.8569007205490315
0.01 6.631995702191732
0.01 6.417105175391454
0.01 6.212229534915344
0.01 6.017369021294982
0.01 5.832523656316523
0.01 5.657693175219458
0.01 5.492876959668459
0.01 5.338073974927749
0.01 5.193282716708311
0.01 5.058501172780224
0.01 4.933726805367345
0.01 4.818956559268827
0.01 4.714186900010689
0.01 4.61941388405045
0.01 4.534633260799735
0.01 4.459840602843958
0.01 4.395031458525486
0.01 4.340201517261371
0.01 4.2953467807723795
0.01 4.2604637240516725
0.01 4.235549440528517
0.01 4.220601763151832
0.01 4.215619354679743
0.01 4.220601763151832
0.01 4.2355494405285175
0.01 4.260463724051672
0.01 4.29534678077238
0.01 4.340201517261372
0.01 4.395031458525488
0.01 4.459840602843959
0.01 4.534633260799735
0.01 4.61941388405045
0.01 4.71418690001069
0.01 4.818956559268825
0.01 4.933726805367343
0.01 5.058501172780222
0.01 5.193282716708309
0.01 5.338073974927748
0.01 5.492876959668457
0.01 5.657693175219456
0.01 5.832523656316521
0.01 6.017369021294979
0.01 6.212229534915339
0.01 6.41710517539145
0.01 6.63199570219173
0.01 6.85690072054903
0.01 7.091819741607809
0.01 7.3367522350935985
0.01 7.591697676142961
0.01 7.856655582267738
0.01 8.131625546822645
0.01 8.41660725733138
0.01 8.711600533222462
0.01 8.446635751990723
0.01 8.15164329883257
0.01 7.866663862683073
0.01 7.591697676142962
0.01 7.326745139167053
0.01 7.071806776893303
0.01 6.826883218959556
0.01 6.5919751614273165
0.01 6.36708332402634
0.01 6.152208395266247
0.01 5.947350969568485
0.01 5.752511474267249
0.01 5.567690089723522
0.01 5.392886663661996
0.01 5.228100624414678
0.01 5.07333089734574
0.01 4.92857583137882
0.01 4.793833142498302
0.01 4.669099882466481
0.01 4.554372439990632
0.01 4.4496465808577215
0.01 4.354917530487694
0.01 4.270180099359465
0.01 4.195428847333688
0.01 4.130658278383526
0.01 4.075863054683978
0.01 4.031038211956939
0.01 3.996179368775182
0.01 3.9712829118010955
0.01 3.956346147245999
0.01 3.951367412989881
0.01 3.956346147245999
0.01 3.971282911801096
0.01 3.9961793687751825
0.01 4.03103821195694
0.01 4.075863054683979
0.01 4.130658278383528
0.01 4.195428847333687
0.01 4.270180099359466
0.01 4.354917530487693
0.01 4.4496465808577215
0.01 4.554372439990632
0.01 4.669099882466481
0.01 4.793833142498302
0.01 4.92857583137882
0.01 5.073330897345739
0.01 5.228100624414676
0.01 5.392886663661995
0.01 5.567690089723521
0.01 5.752511474267247
0.01 5.947350969568484
0.01 6.152208395266246
0.01 6.367083324026337
0.01 6.591975161427314
0.01 6.826883218959553
0.01 7.071806776893302
0.01 7.326745139167054
0.01 7.591697676142962
0.01 7.866663862683075
0.01 8.151643298832573
0.01 8.446635751990728
0.01 8.191681262204447
0.01 7.8966898905570915
0.01 7.611713446657365
0.01 7.336752235093598
0.01 7.071806776893302
0.01 6.816877761781728
0.01 6.571966024710735
0.01 6.337072502055059
0.01 6.11219818153192
0.01 5.897344036886495
0.01 5.692510951558441
0.01 5.497699628385502
0.01 5.3129104886260965
0.01 5.13814356133819
0.01 4.973398368519102
0.01 4.818673811371336
0.01 4.6739680666021
0.01 4.539278502205826
0.01 4.4146016242912225
0.01 4.299933065765759
0.01 4.195267626891505
0.01 4.100599374041524
0.01 4.015921798337005
0.01 3.941228028878055
0.01 3.8765110895762334
0.01 3.8217641809631093
0.01 3.7769809717262053
0.01 3.742155869915347
0.01 3.7172842630583802
0.01 3.702362713892886
0.01 3.6973891028471937
0.01 3.7023627138928865
0.01 3.7172842630583807
0.01 3.742155869915347
0.01 3.7769809717262057
0.01 3.821764180963109
0.01 3.876511089576234
0.01 3.941228028878056
0.01 4.015921798337006
0.01 4.100599374041524
0.01 4.195267626891505
0.01 4.299933065765759
0.01 4.414601624291222
0.01 4.539278502205827
0.01 4.673968066602099
0.01 4.818673811371334
0.01 4.973398368519101
0.01 5.138143561338188
0.01 5.312910488626095
0.01 5.4976996283855
0.01 5.692510951558439
0.01 5.897344036886493
0.01 6.11219818153192
0.01 6.337072502055058
0.01 6.571966024710736
0.01 6.816877761781727
0.01 7.071806776893304
0.01 7.336752235093599
0.01 7.611713446657369
0.01 7.896689890557099
0.01 8.191681262204455
0.01 7.946737370272183
0.01 7.651747358839151
0.01 7.366774682422386
0.01 7.09181974160781
0.01 6.826883218959555
0.01 6.571966024710735
0.01 6.327069270317018
0.01 6.092194218034442
0.01 5.867342222168518
0.01 5.652514651023079
0.01 5.44771279367792
0.01 5.25293774745438
0.01 5.068190289173562
0.01 4.89347073092564
0.01 4.728778766475564
0.01 4.574113314950968
0.01 4.429472373307983
0.01 4.294852890597894
0.01 4.170250680428842
0.01 4.0556603879021
0.01 3.9510755267451945
0.01 3.8564885974118552
0.01 3.771891290471157
0.01 3.6972747697712784
0.01 3.6326300189348237
0.01 3.57794822680473
0.01 3.533221174513191
0.01 3.498441604612615
0.01 3.473603538736145
0.01 3.4587025282528208
0.01 3.4537358331355557
0.01 3.4587025282528208
0.01 3.473603538736145
0.01 3.498441604612615
0.01 3.533221174513191
0.01 3.57794822680473
0.01 3.6326300189348246
0.01 3.697274769771279
0.01 3.771891290471157
0.01 3.856488597411855
0.01 3.9510755267451936
0.01 4.055660387902099
0.01 4.170250680428842
0.01 4.294852890597894
0.01 4.429472373307982
0.01 4.574113314950965
0.01 4.728778766475563
0.01 4.893470730925639
0.01 5.06819028917356
0.01 5.25293774745438
0.01 5.447712793677918
0.01 5.652514651023078
0.01 5.867342222168517
0.01 6.092194218034442
0.01 6.327069270317017
0.01 6.571966024710737
0.01 6.826883218959554
0.01 7.091819741607811
0.01 7.366774682422388
0.01 7.651747358839155
0.01 7.946737370272187
0.01 7.711804397632279
0.01 7.416816048017225
0.01 7.131847980450184
0.01 6.85690072054903
0.01 6.591975161427316
0.01 6.337072502055059
0.01 6.092194218034442
0.01 5.857342004066567
0.01 5.632517705562842
0.01 5.417723225795135
0.01 5.212960412360377
0.01 5.018230917050419
0.01 4.833536031645167
0.01 4.65887649956963
0.01 4.494252310057512
0.01 4.33966248280526
0.01 4.195104857791321
0.01 4.060575908081829
0.01 3.9360705988704807
0.01 3.821582317273869
0.01 3.717102897524779
0.01 3.62262276054682
0.01 3.5381311772635295
0.01 3.463616649310584
0.01 3.3990673847010004
0.01 3.3444718275664798
0.01 3.299819201054854
0.01 3.265100000954262
0.01 3.2403064140127285
0.01 3.2254326406915954
0.01 3.2204751168231303
0.01 3.2254326406915954
0.01 3.2403064140127285
0.01 3.265100000954262
0.01 3.2998192010548535
0.01 3.3444718275664798
0.01 3.399067384701
0.01 3.4636166493105836
0.01 3.538131177263529
0.01 3.6226227605468195
0.01 3.7171028975247786
0.01 3.8215823172738683
0.01 3.93607059887048
0.01 4.0605759080818284
0.01 4.19510485779132
0.01 4.3396624828052595
0.01 4.494252310057511
0.01 4.65887649956963
0.01 4.833536031645166
0.01 5.018230917050419
0.01 5.212960412360377
0.01 5.417723225795133
0.01 5.632517705562841
0.01 5.857342004066567
0.01 6.092194218034442
0.01 6.337072502055059
0.01 6.591975161427316
0.01 6.8569007205490315
0.01 7.131847980450186
0.01 7.416816048017228
0.01 7.711804397632285
0.01 7.486882651459237
0.01 7.19189629020885
0.01 6.9069337452263095
0.01 6.631995702191732
0.01 6.367083324026339
0.01 6.1121981815319195
0.01 5.867342222168518
0.01 5.632517705562842
0.01 5.407727125189796
0.01 5.192973099231985
0.01 4.988258233626085
0.01 4.793584948813768
0.01 4.6089552714474005
0.01 4.434370589410475
0.01 4.269831376767782
0.01 4.115336897709815
0.01 3.970884907799714
0.01 3.8364713765004534
0.01 3.712090263742073
0.01 3.597733387272285
0.01 3.4933904196841485
0.01 3.399049047439125
0.01 3.314695311213184
0.01 3.2403141240628632
0.01 3.1758899349922225
0.01 3.121407478631878
0.01 3.0768525231368904
0.01 3.04221255545515
0.01 3.017477335127457
0.01 3.0026392951826772
0.01 2.997693801708289
0.01 3.0026392951826772
0.01 3.017477335127457
0.01 3.0422125554551496
0.01 3.0768525231368904
0.01 3.1214074786318777
0.01 3.175889934992222
0.01 3.240314124062863
0.01 3.3146953112131836
0.01 3.399049047439124
0.01 3.493390419684148
0.01 3.597733387272284
0.01 3.7120902637420725
0.01 3.8364713765004517
0.01 3.970884907799713
0.01 4.115336897709814
0.01 4.269831376767782
0.01 4.434370589410475
0.01 4.6089552714474005
0.01 4.793584948813768
0.01 4.988258233626085
0.01 5.192973099231984
0.01 5.407727125189793
0.01 5.63251770556284
0.01 5.867342222168518
0.01 6.112198181531921
0.01 6.367083324026338
0.01 6.631995702191732
0.01 6.906933745226313
0.01 7.191896290208857
0.01 7.4868826514592435
0.01 7.271972388270665
0.01 6.976988367668056
0.01 6.69203233414582
0.01 6.417105175391452
0.01 6.152208395266247
0.01 5.897344036886496
0.01 5.652514651023079
0.01 5.417723225795135
0.01 5.192973099231985
0.01 4.978267833425954
0.01 4.773611051918521
0.01 4.579006228175708
0.01 4.394456424061157
0.01 4.219963973788118
0.01 4.055530118804008
0.01 3.901154602916103
0.01 3.756835249594142
0.01 3.6225675528804273
0.01 3.498344327399001
0.01 3.384155471999276
0.01 3.2799879079584544
0.01 3.1858257475243996
0.01 3.101650731279265
0.01 3.0274429375750955
0.01 2.963181721090893
0.01 2.908846783491066
0.01 2.8644192550782037
0.01 2.829882633004135
0.01 2.8052235030068986
0.01 2.7904320226697776
0.01 2.7855021992792772
0.01 2.7904320226697776
0.01 2.805223503006898
0.01 2.829882633004135
0.01 2.8644192550782024
0.01 2.9088467834910654
0.01 2.9631817210908924
0.01 3.027442937575094
0.01 3.1016507312792645
0.01 3.1858257475243983
0.01 3.2799879079584544
0.01 3.384155471999275
0.01 3.498344327399001
0.01 3.6225675528804264
0.01 3.7568352495941406
0.01 3.901154602916103
0.01 4.055530118804007
0.01 4.219963973788117
0.01 4.394456424061157
0.01 4.5790062281757065
0.01 4.773611051918519
0.01 4.978267833425952
0.01 5.192973099231984
0.01 5.417723225795133
0.01 5.652514651023078
0.01 5.897344036886494
0.01 6.152208395266246
0.01 6.417105175391452
0.01 6.692032334145818
0.01 6.976988367668061
0.01 7.271972388270671
0.01 7.06707377419696
0.01 6.7720924715265385
0.01 6.487144011983683
0.01 6.212229534915342
0.01 5.947350969568485
0.01 5.6925109515584404
0.01 5.44771279367792
0.01 5.212960412360377
0.01 4.988258233626085
0.01 4.77361105191852
0.01 4.569023841315805
0.01 4.374501501869116
0.01 4.190048536064929
0.01 4.015668645990196
0.01 3.8513642534638657
0.01 3.6971359507906465
0.01 3.552981906717835
0.01 3.4188972671309896
0.01 3.294873612231399
0.01 3.180898549830258
0.01 3.076955539719618
0.01 2.9830240433704587
0.01 2.8990800736965907
0.01 2.825097170538393
0.01 2.761047749566225
0.01 2.7069046776148404
0.01 2.662642834449995
0.01 2.628240447091352
0.01 2.6036800229662926
0.01 2.5889488737880404
0.01 2.584039342793872
0.01 2.5889488737880404
0.01 2.6036800229662926
0.01 2.6282404470913514
0.01 2.6626428344499944
0.01 2.7069046776148395
0.01 2.7610477495662247
0.01 2.8250971705383923
0.01 2.8990800736965903
0.01 2.9830240433704573
0.01 3.076955539719617
0.01 3.180898549830257
0.01 3.2948736122313975
0.01 3.4188972671309887
0.01 3.5529819067178336
0.01 3.697135950790645
0.01 3.8513642534638644
0.01 4.0156686459901945
0.01 4.1900485360649276
0.01 4.374501501869115
0.01 4.569023841315805
0.01 4.773611051918519
0.01 4.988258233626085
0.01 5.212960412360377
0.01 5.447712793677919
0.01 5.69251095155844
0.01 5.947350969568485
0.01 6.212229534915342
0.01 6.487144011983683
0.01 6.772092471526538
0.01 7.067073774196958
0.01 6.8721868408155276
0.01 6.577208655764831
0.01 6.292268899615437
0.01 6.017369021294981
0.01 5.752511474267248
0.01 5.497699628385503
0.01 5.25293774745438
0.01 5.01823091705042
0.01 4.793584948813769
0.01 4.579006228175708
0.01 4.374501501869116
0.01 4.180077581064446
0.01 3.9957409490239066
0.01 3.821497255988869
0.01 3.657350696986903
0.01 3.5033032749657114
0.01 3.359353973547888
0.01 3.2254978860306567
0.01 3.1017253814049104
0.01 2.9880214209187774
0.01 2.8843651706158195
0.01 2.7907300683126643
0.01 2.707084487183526
0.01 2.6333930713651648
0.01 2.5696186971955126
0.01 2.5157248366577276
0.01 2.471677938230662
0.01 2.4374493329286784
0.01 2.413016400814086
0.01 2.3983630289756146
0.01 2.393479630427256
0.01 2.398363028975614
0.01 2.413016400814086
0.01 2.4374493329286775
0.01 2.4716779382306613
0.01 2.5157248366577263
0.01 2.569618697195512
0.01 2.633393071365164
0.01 2.7070844871835256
0.01 2.7907300683126635
0.01 2.884365170615819
0.01 2.988021420918777
0.01 3.1017253814049095
0.01 3.2254978860306553
0.01 3.3593539735478872
0.01 3.50330327496571
0.01 3.657350696986901
0.01 3.821497255988869
0.01 3.9957409490239053
0.01 4.180077581064445
0.01 4.374501501869116
0.01 4.5790062281757065
0.01 4.793584948813767
0.01 5.018230917050419
0.01 5.2529377474543795
0.01 5.4976996283855
0.01 5.752511474267247
0.01 6.0173690212949795
0.01 6.292268899615436
0.01 6.577208655764829
0.01 6.872186840815527
0.01 6.6873114393789415
0.01 6.3923367892858165
0.01 6.107406919963997
0.01 5.832523656316524
0.01 5.5676900897235235
0.01 5.312910488626097
0.01 5.068190289173561
0.01 4.833536031645169
0.01 4.608955271447401
0.01 4.394456424061157
0.01 4.190048536064928
0.01 3.9957409490239066
0.01 3.811542836197405
0.01 3.637462582770527
0.01 3.4735069935191443
0.01 3.319680318803973
0.01 3.175983116628095
0.01 3.042410999745832
0.01 2.918953367591814
0.01 2.8055922789861945
0.01 2.7023016835396483
0.01 2.6090472715015975
0.01 2.525787204216029
0.01 2.4524739143229852
0.01 2.3890569871749774
0.01 2.33548682337464
0.01 2.291718363655683
0.01 2.2577139779577022
0.01 2.233444864625934
0.01 2.218891109952204
0.01 2.2140411242339955
0.01 2.2188911099522035
0.01 2.2334448646259335
0.01 2.257713977957702
0.01 2.2917183636556815
0.01 2.335486823374639
0.01 2.389056987174976
0.01 2.452473914322985
0.01 2.5257872042160283
0.01 2.6090472715015953
0.01 2.7023016835396474
0.01 2.805592278986193
0.01 2.918953367591813
0.01 3.042410999745831
0.01 3.1759831166280943
0.01 3.3196803188039716
0.01 3.4735069935191443
0.01 3.6374625827705263
0.01 3.8115428361974035
0.01 3.995740949023905
0.01 4.1900485360649276
0.01 4.394456424061156
0.01 4.6089552714474
0.01 4.833536031645167
0.01 5.06819028917356
0.01 5.312910488626095
0.01 5.56769008972352
0.01 5.83252365631652
0.01 6.107406919963995
0.01 6.3923367892858165
0.01 6.687311439378941
0.01 6.512447194349706
0.01 6.217476507029102
0.01 5.932557742171581
0.01 5.657693175219459
0.01 5.392886663661996
0.01 5.138143561338189
0.01 4.8934707309256416
0.01 4.658876499569631
0.01 4.4343705894104755
0.01 4.219963973788118
0.01 4.015668645990196
0.01 3.821497255988869
0.01 3.637462582770527
0.01 3.463576795594988
0.01 3.2998504688098653
0.01 3.14629131965103
0.01 3.002902668465761
0.01 2.8696816611107576
0.01 2.7466173650002514
0.01 2.6336889412343107
0.01 2.530864207369439
0.01 2.4380990062117998
0.01 2.355337849600051
0.01 2.282516248833784
0.01 2.21956492585325
0.01 2.166415620342379
0.01 2.12300734426051
0.01 2.089291004804873
0.01 2.065230911213592
0.01 2.050803613386202
0.01 2.045995931744751
0.01 2.0508036133862015
0.01 2.065230911213591
0.01 2.0892910048048714
0.01 2.1230073442605084
0.01 2.166415620342376
0.01 2.219564925853249
0.01 2.2825162488337813
0.01 2.35533784960005
0.01 2.438099006211799
0.01 2.530864207369437
0.01 2.633688941234309
0.01 2.74661736500025
0.01 2.8696816611107554
0.01 3.0029026684657594
0.01 3.146291319651028
0.01 3.2998504688098635
0.01 3.4635767955949874
0.01 3.6374625827705263
0.01 3.8214972559888687
0.01 4.0156686459901945
0.01 4.219963973788117
0.01 4.434370589410474
0.01 4.65887649956963
0.01 4.893470730925638
0.01 5.138143561338187
0.01 5.3928866636619945
0.01 5.657693175219454
0.01 5.9325577421715785
0.01 6.217476507029098
0.01 6.512447194349701
0.01 6.347593459445375
0.01 6.052627163437425
0.01 5.767720727597659
0.01 5.49287695966846
0.01 5.228100624414678
0.01 4.973398368519103
0.01 4.728778766475564
0.01 4.494252310057512
0.01 4.269831376767783
0.01 4.0555301188040085
0.01 3.8513642534638657
0.01 3.657350696986903
0.01 3.4735069935191443
0.01 3.2998504688098653
0.01 3.1363970441174627
0.01 2.983159643620058
0.01 2.840146156859703
0.01 2.7073569632892913
0.01 2.5847821199991667
0.01 2.472398451093627
0.01 2.37016696915739
0.01 2.278031267459393
0.01 2.1959176867607466
0.01 2.123738078523442
0.01 2.061395801061158
0.01 2.008795062746052
0.01 1.965852021582481
0.01 1.9325031796693342
0.01 1.9087066722774146
0.01 1.894437580176106
0.01 1.8896826300912344
0.01 1.894437580176105
0.01 1.9087066722774135
0.01 1.932503179669332
0.01 1.9658520215824786
0.01 2.00879506274605
0.01 2.061395801061155
0.01 2.1237380785234383
0.01 2.195917686760743
0.01 2.27803126745939
0.01 2.3701669691573883
0.01 2.4723984510936243
0.01 2.584782119999164
0.01 2.7073569632892887
0.01 2.840146156859701
0.01 2.9831596436200565
0.01 3.136397044117461
0.01 3.2998504688098635
0.01 3.4735069935191443
0.01 3.657350696986901
0.01 3.8513642534638644
0.01 4.055530118804006
0.01 4.269831376767781
0.01 4.49425231005751
0.01 4.728778766475562
0.01 4.9733983685191
0.01 5.228100624414675
0.01 5.492876959668456
0.01 5.767720727597653
0.01 6.052627163437418
0.01 6.347593459445367
0.01 6.19274927853729
0.01 5.897787790746803
0.01 5.61289488047248
0.01 5.338073974927751
0.01 5.073330897345741
0.01 4.818673811371336
0.01 4.574113314950968
0.01 4.339662482805261
0.01 4.115336897709815
0.01 3.9011546029161037
0.01 3.697135950790647
0.01 3.503303274965712
0.01 3.319680318803974
0.01 3.14629131965103
0.01 2.983159643620058
0.01 2.8303058486334063
0.01 2.687745069584578
0.01 2.555483658681685
0.01 2.4335151221880933
0.01 2.3218155839327235
0.01 2.2203393121752306
0.01 2.129015244394239
0.01 2.0477458457311943
0.01 1.9764097831456748
0.01 1.9148697555343044
0.01 1.8629870999511917
0.01 1.820642991835401
0.01 1.7877562843067036
0.01 1.7642840991115027
0.01 1.7502070819358146
0.01 1.7455158277524272
0.01 1.7502070819358138
0.01 1.7642840991115014
0.01 1.7877562843067019
0.01 1.8206429918353975
0.01 1.8629870999511882
0.01 1.9148697555343006
0.01 1.9764097831456706
0.01 2.0477458457311895
0.01 2.1290152443942345
0.01 2.2203393121752275
0.01 2.3218155839327186
0.01 2.4335151221880906
0.01 2.5554836586816823
0.01 2.687745069584575
0.01 2.8303058486334027
0.01 2.983159643620056
0.01 3.1462913196510276
0.01 3.319680318803971
0.01 3.50330327496571
0.01 3.697135950790645
0.01 3.901154602916102
0.01 4.115336897709814
0.01 4.339662482805259
0.01 4.574113314950965
0.01 4.818673811371333
0.01 5.073330897345736
0.01 5.338073974927745
0.01 5.612894880472471
0.01 5.897787790746788
0.01 6.192749278537274
0.01 6.0479133551261475
0.01 5.752957066023678
0.01 5.4680788077002465
0.01 5.193282716708312
0.01 4.928575831378823
0.01 4.6739680666021
0.01 4.429472373307984
0.01 4.195104857791322
0.01 3.9708849077997144
0.01 3.756835249594142
0.01 3.552981906717835
0.01 3.359353973547888
0.01 3.175983116628095
0.01 3.0029026684657625
0.01 2.840146156859704
0.01 2.687745069584578
0.01 2.5457256409974076
0.01 2.4141044548927084
0.01 2.2928827518088912
0.01 2.1820395496347045
0.01 2.0815241257151142
0.01 1.9912490963665634
0.01 1.9110862306518464
0.01 1.8408676138668976
0.01 1.7803938088492068
0.01 1.7294535247201894
0.01 1.6878658473634085
0.01 1.6555275399685592
0.01 1.6324157704890703
0.01 1.6185430060315802
0.01 1.6139183116943465
0.01 1.618543006031579
0.01 1.632415770489068
0.01 1.655527539968557
0.01 1.687865847363405
0.01 1.7294535247201843
0.01 1.7803938088492022
0.01 1.8408676138668922
0.01 1.9110862306518401
0.01 1.991249096366557
0.01 2.0815241257151085
0.01 2.1820395496347
0.01 2.2928827518088855
0.01 2.414104454892705
0.01 2.545725640997404
0.01 2.687745069584575
0.01 2.840146156859701
0.01 3.0029026684657594
0.01 3.175983116628094
0.01 3.359353973547887
0.01 3.5529819067178328
0.01 3.7568352495941406
0.01 3.9708849077997126
0.01 4.19510485779132
0.01 4.4294723733079815
0.01 4.673968066602097
0.01 4.928575831378818
0.01 5.193282716708305
0.01 5.468078807700237
0.01 5.752957066023663
0.01 6.0479133551261315
0.01 5.9130840334442265
0.01 5.618133290224593
0.01 5.333270691742623
0.01 5.058501172780226
0.01 4.793833142498302
0.01 4.5392785022058275
0.01 4.294852890597895
0.01 4.06057590808183
0.01 3.8364713765004534
0.01 3.6225675528804278
0.01 3.41889726713099
0.01 3.225497886030657
0.01 3.0424109997458335
0.01 2.8696816611107576
0.01 2.707356963289292
0.01 2.5554836586816854
0.01 2.4141044548927084
0.01 2.283252557045842
0.01 2.162944039807236
0.01 2.0531677934047656
0.01 1.95387324611522
0.01 1.8649568442445672
0.01 1.7862499189030001
0.01 1.7175137737366954
0.01 1.6584444135686858
0.01 1.6086905786956534
0.01 1.5679408223157345
0.01 1.5360663621180395
0.010000000000004396 1.5131470133955873
0.010000000000026378 1.4993337319312443
0.010000000000047483 1.4947209215830062
0.010000000000026378 1.4993337319312428
0.010000000000004396 1.5131470133955844
0.01 1.536066362118035
0.01 1.5679408223157292
0.01 1.6086905786956474
0.01 1.6584444135686789
0.01 1.71751377373669
0.01 1.786249918902992
0.01 1.86495684424456
0.01 1.9538732461152144
0.01 2.0531677934047594
0.01 2.16294403980723
0.01 2.2832525570458375
0.01 2.4141044548927053
0.01 2.5554836586816827
0.01 2.7073569632892887
0.01 2.8696816611107554
0.01 3.0424109997458304
0.01 3.225497886030655
0.01 3.4188972671309874
0.01 3.6225675528804255
0.01 3.836471376500451
0.01 4.060575908081828
0.01 4.294852890597893
0.01 4.539278502205823
0.01 4.793833142498298
0.01 5.058501172780219
0.01 5.333270691742616
0.01 5.6181332902245815
0.01 5.913084033444216
0.01 5.788259294747839
0.01 5.4933143831068945
0.01 5.208468281195608
0.01 4.933726805367344
0.01 4.669099882466483
0.01 4.414601624291223
0.01 4.170250680428844
0.01 3.936070598870482
0.01 3.712090263742073
0.01 3.498344327399001
0.01 3.2948736122313993
0.01 3.1017253814049104
0.01 2.918953367591815
0.01 2.7466173650002523
0.01 2.5847821199991685
0.01 2.4335151221880933
0.01 2.2928827518088912
0.01 2.1629440398072375
0.01 2.043741105828008
0.01 1.9352851029020264
0.01 1.8375359982072426
0.01 1.7503732120221336
0.01 1.6735541714334343
0.01 1.6066798106729028
0.01000000000000088 1.5492145364823409
0.010000000002069865 1.500548839994736
0.010000000573095651 1.460187837923968
0.010000017703438396 1.4280659280746422
0.010000119806496724 1.4045908202067299
0.010000310403520408 1.3902958486456125
0.01000041583988105 1.3855023812028184
0.010000310403520408 1.3902958486456107
0.010000119806496724 1.4045908202067265
0.010000017703438396 1.4280659280746377
0.010000000573095651 1.4601878379239617
0.010000000002069865 1.5005488399947284
0.01000000000000088 1.5492145364823313
0.01 1.6066798106728968
0.01 1.6735541714334248
0.01 1.7503732120221234
0.01 1.837535998207231
0.01 1.9352851029020186
0.01 2.0437411058280004
0.01 2.16294403980723
0.01 2.292882751808885
0.01 2.433515122188091
0.01 2.5847821199991636
0.01 2.7466173650002506
0.01 2.9189533675918127
0.01 3.1017253814049086
0.01 3.2948736122313966
0.01 3.4983443273989994
0.01 3.712090263742071
0.01 3.9360705988704794
0.01 4.170250680428841
0.01 4.41460162429122
0.01 4.669099882466477
0.01 4.933726805367341
0.01 5.208468281195604
0.01 5.493314383106887
0.01 5.788259294747829
0.01 5.673436771330844
0.01 5.378497896773195
0.01 5.093668902601745
0.01 4.818956559268827
0.01 4.554372439990632
0.01 4.299933065765759
0.01 4.055660387902101
0.01 3.8215823172738697
0.01 3.597733387272285
0.01 3.3841554719992764
0.01 3.1808985498302587
0.01 2.9880214209187783
0.01 2.8055922789861962
0.01 2.6336889412343116
0.01 2.472398451093629
0.01 2.321815583932725
0.01 2.182039549634707
0.01 2.053167793404767
0.01 1.9352851029020268
0.01 1.828444051068487
0.01 1.7326256698975446
0.01 1.647654234785793
0.01 1.5730509802311639
0.010000000004526619 1.5079415636373503
0.010000019127039872 1.451320347983968
0.010003465664444504 1.4024980069408006
0.01008989980784302 1.3612216657525702
0.010703298856969301 1.3277375890146186
0.012344880200922437 1.3028371256490194
0.014161412588470229 1.28749248172484
0.014890033790069084 1.2823217427291569
0.01416141258847111 1.2874924817248385
0.012344880200923315 1.3028371256490159
0.01070329885697106 1.3277375890146133
0.01008989980784302 1.3612216657525622
0.010003465664444504 1.4024980069407929
0.010000019127039872 1.4513203479839607
0.010000000004526619 1.5079415636373372
0.01 1.57305098023115
0.01 1.6476542347857803
0.01 1.732625669897531
0.01 1.828444051068475
0.01 1.9352851029020186
0.01 2.053167793404759
0.01 2.1820395496346996
0.01 2.3218155839327186
0.01 2.4723984510936243
0.01 2.633688941234309
0.01 2.805592278986193
0.01 2.9880214209187765
0.01 3.1808985498302564
0.01 3.384155471999274
0.01 3.597733387272283
0.01 3.8215823172738674
0.01 4.055660387902098
0.01 4.2999330657657575
0.01 4.554372439990629
0.01 4.818956559268823
0.01 5.093668902601742
0.01 5.378497896773189
0.01 5.673436771330839
0.01 5.568613780391471
0.01 5.2736810501903495
0.01 4.988869496531859
0.01 4.714186900010689
0.01 4.449646580857722
0.01 4.195267626891506
0.01 3.9510755267451945
0.01 3.7171028975247795
0.01 3.493390419684149
0.01 3.279987907958455
0.01 3.0769555397196195
0.01 2.8843651706158218
0.01 2.702301683539649
0.01 2.5308642073694414
0.01 2.370166969157394
0.01 2.220339312175234
0.01 2.0815241257151174
0.01 1.9538732461152233
0.01 1.8375359982072446
0.01 1.732625669897546
0.01 1.6391103799181834
0.01000000000000088 1.556535143207991
0.010000000670512925 1.4837043522939188
0.01000238378197709 1.4190074090379137
0.0102517677943039 1.3613650002301103
0.01442799935588699 1.3106946401890351
0.0399969505113674 1.2674179874832747
0.10142286716934548 1.2320295068522247
0.17081914030010195 1.205423672643689
0.21903982227138866 1.1888333115273702
0.23540061782091692 1.1832036511807404
0.21903982227137941 1.188833311527368
0.17081914030004128 1.2054236726436849
0.10142286716938813 1.2320295068522196
0.03999695051136652 1.2674179874832654
0.014427999355879954 1.3106946401890263
0.010251767794303021 1.3613650002300983
0.01000238378197709 1.4190074090379012
0.010000000670512925 1.4837043522939017
0.01000000000000088 1.5565351432079735
0.01 1.6391103799181674
0.01 1.7326256698975304
0.01 1.8375359982072312
0.01 1.9538732461152144
0.01 2.081524125715108
0.01 2.2203393121752275
0.01 2.370166969157388
0.01 2.5308642073694365
0.01 2.7023016835396465
0.01 2.884365170615818
0.01 3.076955539719616
0.01 3.2799879079584535
0.01 3.4933904196841468
0.01 3.7171028975247773
0.01 3.9510755267451922
0.01 4.195267626891503
0.01 4.449646580857719
0.01 4.714186900010686
0.01 4.988869496531855
0.01 5.273681050190347
0.01 5.568613780391468
0.01 5.473787378300333
0.01 5.178860785379597
0.01 4.894066678982765
0.01 4.61941388405045
0.01 4.354917530487694
0.01 4.100599374041524
0.01 3.8564885974118552
0.01 3.62262276054682
0.01 3.3990490474391253
0.01 3.1858257475244005
0.01 2.9830240433704605
0.01 2.7907300683126652
0.01 2.609047271501599
0.01 2.4380990062118038
0.01 2.2780312674593963
0.01 2.1290152443942434
0.01 1.9912490963665672
0.01 1.864956844244573
0.01 1.7503732120221396
0.01 1.6476542347857983
0.01000000000000088 1.5565351432079944
0.01000000318446861 1.4757087646860936
0.01001809552277325 1.4029926848009848
0.011739026156165995 1.3367680095874415
0.034169553775421864 1.276711336219418
0.1084648167118024 1.22329521672368
0.2118030358977618 1.1774442509775374
0.3332907304664897 1.140030541924938
0.4645950431963936 1.1119540850856404
0.5704905621767371 1.0943975416111809
0.6108742647170118 1.0884161022646641
0.5704905621767886 1.0943975416111786
0.4645950431963919 1.1119540850856346
0.3332907304664598 1.1400305419249317
0.2118030358979236 1.1774442509775285
0.10846481671175887 1.223295216723669
0.03416955377546363 1.276711336219405
0.011739026156165995 1.3367680095874237
0.01001809552277325 1.4029926848009626
0.01000000318446861 1.475708764686071
0.01000000000000088 1.5565351432079726
0.01 1.6476542347857797
0.01 1.7503732120221227
0.01 1.8649568442445594
0.01 1.9912490963665561
0.01 2.129015244394234
0.01 2.27803126745939
0.01 2.4380990062117993
0.01 2.6090472715015953
0.01 2.7907300683126626
0.01 2.9830240433704573
0.01 3.185825747524398
0.01 3.399049047439122
0.01 3.622622760546818
0.01 3.856488597411852
0.01 4.10059937404152
0.01 4.3549175304876915
0.01 4.619413884050447
0.01 4.894066678982761
0.01 5.178860785379594
0.01 5.473787378300329
0.01 5.388954434465965
0.01 5.094033844537633
0.01 4.80925682758365
0.01 4.534633260799733
0.01 4.270180099359465
0.01 4.015921798337006
0.01 3.771891290471157
0.01 3.53813117726353
0.01 3.3146953112131854
0.01 3.1016507312792663
0.01 2.899080073696593
0.01 2.7070844871835273
0.01 2.525787204216032
0.01 2.3553378496000548
0.01 2.195917686760752
0.01 2.047745845731201
0.01 1.9110862306518543
0.01 1.786249918903008
0.01 1.6735541714334445
0.01 1.5730509802311723
0.010000000670512925 1.483704352293929
0.01001809552277325 1.4029926848009922
0.013047334192541537 1.3285893755533664
0.052353363557202506 1.2597087857501
0.15167991455493515 1.1965816552932091
0.29077625934360957 1.1401693193282019
0.4687324040679267 1.0917419978701843
0.6776264655086368 1.0525379586122348
0.8890624840184393 1.0235640440889664
1.0516899310005887 1.0056981395148705
1.1129471432480194 0.999652384025929
1.0516899310005994 1.005698139514869
0.8890624840185308 1.0235640440889615
0.6776264655085603 1.0525379586122274
0.4687324040679267 1.0917419978701763
0.2907762593436856 1.1401693193281899
0.1516799145547993 1.1965816552931943
0.05235336355725395 1.2597087857500795
0.013047334192548572 1.3285893755533398
0.01001809552277325 1.4029926848009608
0.010000000670512925 1.483704352293899
0.01 1.5730509802311488
0.01 1.6735541714334243
0.01 1.7862499189029903
0.01 1.9110862306518401
0.01 2.04774584573119
0.01 2.195917686760743
0.01 2.3553378496000494
0.01 2.525787204216028
0.01 2.7070844871835247
0.01 2.89908007369659
0.01 3.1016507312792636
0.01 3.3146953112131827
0.01 3.538131177263527
0.01 3.7718912904711552
0.01 4.015921798337004
0.01 4.270180099359463
0.01 4.534633260799731
0.01 4.809256827583648
0.01 5.0940338445376305
0.01 5.388954434465961
0.01 5.314111722061241
0.01 5.019196865244596
0.01 4.73443618976392
0.01 4.459840602843957
0.01 4.1954288473336865
0.01 3.941228028878055
0.01 3.6972747697712784
0.01 3.4636166493105836
0.01 3.2403141240628646
0.01 3.027442937575098
0.01 2.8250971705383945
0.01 2.6333930713651674
0.01 2.4524739143229892
0.01 2.2825162488337893
0.01 2.1237380785234468
0.01 1.9764097831456806
0.01 1.840867613866907
0.01 1.7175137737367092
0.01 1.6066798106729192
0.010000000004526619 1.507941563637366
0.01000238378197709 1.4190074090379319
0.011739026156167754 1.336768009587455
0.052353363557206024 1.2597087857501088
0.1650326437594967 1.1876787073183557
0.32708256220722587 1.1214144632176362
0.5621796722854886 1.0622495825660023
0.8666610555728228 1.0119150031766944
1.18385837103515 0.9718125581192261
1.4543377131372643 0.942731171620063
1.6364845810895663 0.9250962795394826
1.700962284614257 0.9191827324723837
1.6364845810895532 0.9250962795394801
1.4543377131373108 0.9427311716200579
1.18385837103519 0.9718125581192176
0.8666610555727401 1.0119150031766833
0.5621796722856239 1.0622495825659894
0.3270825622073397 1.1214144632176142
0.16503264375947868 1.1876787073183288
0.05235336355726098 1.259708785750078
0.011739026156166874 1.3367680095874213
0.01000238378197709 1.4190074090378986
0.010000000004526619 1.5079415636373346
0.01 1.606679810672895
0.01 1.717513773736689
0.01 1.8408676138668918
0.01 1.9764097831456704
0.01 2.1237380785234388
0.01 2.282516248833782
0.01 2.4524739143229843
0.01 2.633393071365163
0.01 2.8250971705383914
0.01 3.0274429375750933
0.01 3.240314124062861
0.01 3.4636166493105813
0.01 3.6972747697712767
0.01 3.9412280288780526
0.01 4.195428847333684
0.01 4.459840602843955
0.01 4.734436189763917
0.01 5.019196865244595
0.01 5.314111722061241
0.01 5.249256023328997
0.01 4.954346490812672
0.01 4.66960100803491
0.01 4.395031458525486
0.01 4.130658278383526
0.01 3.876511089576234
0.01 3.632630018934824
0.01 3.3990673847010022
0.01 3.1758899349922234
0.01 2.9631817210908946
0.01 2.7610477495662282
0.01 2.5696186971955157
0.01 2.389056987174981
0.01 2.2195649258532546
0.01 2.0613958010611637
0.01 1.914869755534313
0.01 1.7803938088492177
0.01 1.6584444135687013
0.01000000000000088 1.549214536482359
0.010000019127039872 1.4513203479839905
0.01025176779430478 1.3613650002301327
0.03416955377542889 1.2767113362194382
0.1516799145547008 1.196581655293225
0.3270825622071498 1.121414463217642
0.5933072835607955 1.0523910302200075
0.97218569775077 0.9914417842837617
1.3927384349972458 0.9404505164943673
1.7657009895512015 0.9004245763307981
2.0471034334208538 0.8717023188548464
2.2213938796797628 0.8544137873042499
2.2805398346680814 0.8486401828788196
2.2213938796798 0.8544137873042473
2.0471034334209057 0.8717023188548408
1.7657009895513032 0.9004245763307893
1.3927384349973508 0.9404505164943554
0.9721856977509331 0.9914417842837455
0.5933072835611416 1.0523910302199848
0.3270825622073481 1.1214144632176133
0.15167991455484414 1.1965816552931918
0.034169553775452194 1.2767113362194018
0.010251767794303021 1.3613650002300957
0.010000019127039872 1.4513203479839571
0.01000000000000088 1.5492145364823302
0.01 1.658444413568678
0.01 1.7803938088492026
0.01 1.9148697555343002
0.01 2.0613958010611544
0.01 2.219564925853249
0.01 2.389056987174975
0.01 2.5696186971955113
0.01 2.761047749566224
0.01 2.963181721090891
0.01 3.175889934992221
0.01 3.3990673847009982
0.01 3.632630018934822
0.01 3.8765110895762316
0.01 4.130658278383524
0.01 4.395031458525484
0.01 4.669601008034908
0.01 4.954346490812673
0.01 5.249256023328997
0.01 5.194384240364376
0.01 4.8994794871620115
0.01 4.614747655817456
0.01 4.340201517261372
0.01 4.075863054683979
0.01 3.8217641809631093
0.01 3.5779482268047302
0.01 3.344471827566481
0.01 3.12140747863188
0.01 2.908846783491068
0.01 2.7069046776148427
0.01 2.5157248366577285
0.01 2.335486823374644
0.01 2.1664156203423857
0.01 2.00879506274606
0.01 1.8629870999512017
0.01 1.7294535247202019
0.01 1.6086905786956696
0.010000000002069865 1.5005488399947622
0.010003465664444504 1.402498006940829
0.01442799935588435 1.3106946401890633
0.10846481671169908 1.2232952167237037
0.2907762593436399 1.1401693193282225
0.5621796722852881 1.0622495825660174
0.9721856977506051 0.9914417842837682
1.4649432062385677 0.9299825434365194
1.928453775651154 0.8792386939513278
2.3025599630757205 0.8396622023574086
2.5727439704783635 0.8113569890224988
2.736000301090078 0.7943571837019473
2.790663870979623 0.7886871768788417
2.7360003010901033 0.7943571837019451
2.5727439704784367 0.8113569890224935
2.3025599630758267 0.8396622023574
1.9284537756512774 0.8792386939513155
1.4649432062388021 0.9299825434365022
0.9721856977509784 0.9914417842837446
0.5621796722856842 1.062249582565987
0.29077625934371726 1.140169319328187
0.10846481671172326 1.2232952167236657
0.014427999355878195 1.3106946401890238
0.010003465664444504 1.4024980069407895
0.010000000002069865 1.5005488399947264
0.01 1.6086905786956471
0.01 1.7294535247201845
0.01 1.862987099951187
0.01 2.0087950627460507
0.01 2.166415620342377
0.01 2.3354868233746386
0.01 2.515724836657726
0.01 2.706904677614839
0.01 2.908846783491064
0.01 3.121407478631876
0.01 3.3444718275664784
0.01 3.577948226804727
0.01 3.821764180963108
0.01 4.0758630546839765
0.01 4.3402015172613675
0.01 4.614747655817452
0.01 4.899479487162005
0.01 5.194384240364371
0.01 5.149493511675513
0.01 4.854592865581714
0.01 4.569872774714292
0.01 4.29534678077238
0.01 4.031038211956939
0.01 3.7769809717262066
0.01 3.533221174513192
0.01 3.2998192010548553
0.01 3.0768525231368926
0.01 2.864419255078205
0.01 2.6626428344499966
0.01 2.4716779382306657
0.01 2.2917183636556864
0.01 2.123007344260517
0.01 1.9658520215824897
0.01 1.8206429918354108
0.01 1.6878658473634232
0.01 1.5679408223157552
0.010000000573095651 1.4601878379239965
0.010089899807843899 1.3612216657526017
0.039996950511359486 1.267417987483306
0.21180303589786467 1.1774442509775662
0.468732404067586 1.0917419978702134
0.866661055572256 1.0119150031767103
1.3927384349970564 0.9404505164943772
1.928453775651044 0.8792386939513324
2.388046966002582 0.8289882109822648
2.748415663490264 0.7898671051901465
3.0063458143942667 0.7619095727452124
3.1613793543956863 0.7451285087781264
3.213123193569984 0.7395335013769241
3.1613793543956983 0.7451285087781239
3.006345814394317 0.7619095727452075
2.7484156634903876 0.7898671051901385
2.388046966002737 0.828988210982252
1.9284537756512952 0.8792386939513155
1.3927384349973992 0.9404505164943543
0.8666610555728232 1.0119150031766821
0.4687324040680656 1.091741997870174
0.21180303589796667 1.1774442509775247
0.03999695051132871 1.2674179874832625
0.01008989980784302 1.3612216657525604
0.010000000573095651 1.4601878379239597
0.01 1.5679408223157292
0.01 1.6878658473634056
0.01 1.8206429918353988
0.01 1.9658520215824788
0.01 2.1230073442605093
0.01 2.291718363655682
0.01 2.471677938230661
0.01 2.6626428344499935
0.01 2.864419255078202
0.01 3.0768525231368886
0.01 3.2998192010548526
0.01 3.5332211745131894
0.01 3.7769809717262026
0.01 4.031038211956935
0.01 4.295346780772375
0.01 4.569872774714287
0.01 4.854592865581706
0.01 5.149493511675507
0.01 5.114581321789294
0.01 4.819683997606925
0.01 4.5349734079165165
0.01 4.260463724051672
0.01 3.996179368775182
0.01 3.742155869915347
0.01 3.498441604612616
0.01 3.265100000954264
0.01 3.0422125554551513
0.01 2.829882633004137
0.01 2.6282404470913554
0.01 2.4374493329286824
0.01 2.257713977957707
0.01 2.089291004804882
0.01 1.9325031796693435
0.01 1.7877562843067174
0.01 1.655527539968576
0.01 1.5360663621180615
0.010000017703438396 1.428065928074671
0.010703298856977215 1.3277375890146528
0.10142286716928042 1.232029506852262
0.3332907304660716 1.1400305419249697
0.677626465508191 1.052537958612261
1.1838583710347887 0.9718125581192455
1.7657009895508775 0.9004245763308102
2.3025599630755877 0.8396622023574151
2.7484156634902264 0.7898671051901504
3.0960056099618862 0.7511123835989485
3.3445296264709716 0.7234194433137219
3.493765430919238 0.7067991227478337
3.5435367887705986 0.7012582025741337
3.4937654309192685 0.7067991227478311
3.344529626471024 0.723419443313717
3.096005609962002 0.7511123835989406
2.7484156634904013 0.7898671051901381
2.302559963075819 0.8396622023573996
1.7657009895513194 0.9004245763307893
1.1838583710352706 0.971812558119217
0.6776264655086411 1.0525379586122259
0.33329073046650554 1.14003054192493
0.10142286716939429 1.2320295068522182
0.01070329885697018 1.3277375890146126
0.010000017703438396 1.428065928074638
0.01 1.5360663621180366
0.01 1.6555275399685576
0.01 1.7877562843067023
0.01 1.9325031796693326
0.01 2.089291004804872
0.01 2.257713977957702
0.01 2.437449332928678
0.01 2.628240447091351
0.01 2.8298826330041345
0.01 3.0422125554551487
0.01 3.265100000954261
0.01 3.498441604612613
0.01 3.7421558699153445
0.01 3.996179368775179
0.01 4.260463724051668
0.01 4.534973407916509
0.01 4.819683997606913
0.01 5.114581321789285
0.01 5.08964559964014
0.01 4.794750718641742
0.01 4.510047119639578
0.01 4.235549440528519
0.01 3.971282911801095
0.01 3.7172842630583816
0.01 3.473603538736146
0.01 3.2403064140127302
0.01 3.017477335127459
0.01 2.8052235030069
0.01 2.6036800229662957
0.01 2.4130164008140893
0.01 2.2334448646259397
0.01 2.0652309112135985
0.01 1.9087066722774233
0.01 1.764284099111516
0.01 1.6324157704890876
0.010000000000004396 1.5131470133956106
0.010000119806496724 1.4045908202067603
0.012344880200930351 1.3028371256490545
0.17081914029984344 1.2054236726437233
0.4645950431960652 1.1119540850856713
0.8890624840180854 1.0235640440889928
1.4543377131368225 0.9427311716200827
2.047103433420561 0.8717023188548587
2.57274397047825 0.8113569890225067
3.006345814394186 0.7619095727452173
3.3445296264709454 0.7234194433137242
3.5864862591381907 0.6959126440692148
3.731805660638033 0.6794034589211722
3.780269342210855 0.6738995774892812
3.731805660638056 0.6794034589211699
3.58648625913824 0.6959126440692104
3.3445296264710276 0.723419443313717
3.006345814394315 0.7619095727452074
2.5727439704784465 0.8113569890224939
2.0471034334209066 0.8717023188548411
1.4543377131373574 0.9427311716200584
0.8890624840185634 1.0235640440889608
0.4645950431963668 1.111954085085635
0.1708191403000448 1.2054236726436853
0.012344880200925074 1.3028371256490168
0.010000119806496724 1.4045908202067277
0.010000000000004396 1.5131470133955869
0.01 1.6324157704890692
0.01 1.7642840991115034
0.01 1.9087066722774149
0.01 2.0652309112135914
0.01 2.233444864625934
0.01 2.413016400814086
0.01 2.603680022966292
0.01 2.8052235030068973
0.01 3.0174773351274564
0.01 3.2403064140127267
0.01 3.4736035387361435
0.01 3.7172842630583784
0.01 3.9712829118010924
0.01 4.235549440528514
0.01 4.510047119639574
0.01 4.794750718641734
0.01 5.08964559964013
0.01 5.074684801984946
0.01 4.779791415646638
0.01 4.495092094510524
0.01 4.220601763151832
0.01 3.956346147245998
0.01 3.702362713892886
0.01 3.458702528252822
0.01 3.2254326406915963
0.01 3.002639295182679
0.01 2.79043202266978
0.01 2.5889488737880435
0.01 2.3983630289756186
0.01 2.218891109952207
0.01 2.0508036133862086
0.01 1.8944375801761142
0.01 1.7502070819358275
0.01 1.6185430060315968
0.010000000000026378 1.4993337319312678
0.010000310403520408 1.3902958486456396
0.01416141258848254 1.2874924817248696
0.21903982227128843 1.1888333115274003
0.5704905621765173 1.0943975416112082
1.0516899310002406 1.0056981395148958
1.636484581089216 0.9250962795395017
2.2213938796795527 0.8544137873042643
2.736000301089917 0.7943571837019571
3.1613793543956112 0.7451285087781326
3.493765430919201 0.706799122747838
3.731805660638012 0.6794034589211743
3.8748349174653995 0.6629599351484146
3.922541852991704 0.6574778181679325
3.8748349174654173 0.6629599351484122
3.7318056606380527 0.67940345892117
3.493765430919266 0.7067991227478312
3.161379354395693 0.745128508778124
2.7360003010900855 0.7943571837019456
2.221393879679794 0.8544137873042482
1.6364845810895425 0.925096279539481
1.05168993100059 1.0056981395148705
0.5704905621768075 1.0943975416111802
0.21903982227133809 1.1888333115273695
0.014161412588465833 1.2874924817248414
0.010000310403520408 1.3902958486456136
0.010000000000026378 1.4993337319312463
0.01 1.6185430060315813
0.01 1.7502070819358162
0.01 1.8944375801761069
0.01 2.050803613386203
0.01 2.2188911099522035
0.01 2.3983630289756133
0.01 2.5889488737880404
0.01 2.790432022669777
0.01 3.002639295182676
0.01 3.225432640691594
0.01 3.458702528252819
0.01 3.702362713892884
0.01 3.9563461472459953
0.01 4.220601763151828
0.01 4.495092094510519
0.01 4.779791415646632
0.01 5.07468480198494
0.01 5.069697976698587
0.01 4.774805093428703
0.01 4.490107212350207
0.01 4.215619354679743
0.01 3.9513674129898804
0.01 3.697389102847194
0.01 3.453735833135557
0.01 3.220475116823131
0.01 2.9976938017082913
0.01 2.7855021992792808
0.01 2.5840393427938757
0.01 2.3934796304272603
0.01 2.2140411242339995
0.01 2.045995931744758
0.01 1.889682630091245
0.01 1.7455158277524396
0.01 1.6139183116943612
0.010000000000047483 1.4947209215830268
0.01000041583988105 1.3855023812028449
0.014890033790077877 1.2823217427291833
0.23540061782098287 1.1832036511807686
0.6108742647166733 1.0884161022646908
1.1129471432476385 0.999652384025949
1.7009622846141403 0.9191827324724002
2.280539834667932 0.8486401828788344
2.790663870979467 0.7886871768788525
3.213123193569889 0.739533501376932
3.5435367887705396 0.7012582025741391
3.7802693422108273 0.6738995774892844
3.92254185299169 0.657477818167934
3.9699999999999998 0.6520028964767898
3.9225418529917047 0.657477818167932
3.7802693422108526 0.673899577489281
3.543536788770592 0.7012582025741336
3.213123193569975 0.7395335013769244
2.790663870979626 0.788687176878842
2.2805398346680463 0.8486401828788201
1.700962284614212 0.9191827324723854
1.112947143247971 0.9996523840259312
0.6108742647168658 1.0884161022646677
0.23540061782087165 1.1832036511807458
0.01489003379007612 1.2823217427291616
0.01000041583988105 1.3855023812028229
0.010000000000047483 1.4947209215830097
0.01 1.6139183116943483
0.01 1.7455158277524294
0.01 1.8896826300912362
0.01 2.045995931744752
0.01 2.214041124233995
0.01 2.3934796304272568
0.01 2.584039342793872
0.01 2.7855021992792772
0.01 2.9976938017082886
0.01 3.220475116823129
0.01 3.453735833135555
0.01 3.6973891028471915
0.01 3.9513674129898777
0.01 4.21561935467974
0.01 4.490107212350202
0.01 4.7748050934287
0.01 5.069697976698583
0.01 5.074684801984945
0.01 4.779791415646637
0.01 4.495092094510524
0.01 4.220601763151831
0.01 3.956346147245998
0.01 3.702362713892886
0.01 3.458702528252822
0.01 3.2254326406915963
0.01 3.0026392951826786
0.01 2.79043202266978
0.01 2.588948873788043
0.01 2.398363028975618
0.01 2.2188911099522066
0.01 2.0508036133862078
0.01 1.8944375801761129
0.01 1.7502070819358266
0.01 1.6185430060315944
0.010000000000026378 1.4993337319312636
0.010000310403520408 1.3902958486456347
0.014161412588479024 1.2874924817248645
0.2190398222712594 1.1888333115273932
0.5704905621766567 1.0943975416112015
1.0516899310004173 1.005698139514891
1.6364845810893325 0.9250962795394986
2.221393879679652 0.8544137873042624
2.736000301089957 0.7943571837019573
3.1613793543956046 0.7451285087781323
3.493765430919207 0.7067991227478382
3.7318056606380137 0.6794034589211747
3.874834917465393 0.6629599351484153
3.9225418529916922 0.6574778181679336
3.8748349174654058 0.6629599351484137
3.731805660638042 0.6794034589211714
3.493765430919235 0.7067991227478329
3.161379354395666 0.7451285087781262
2.7360003010900513 0.7943571837019479
2.2213938796797397 0.8544137873042513
1.6364845810894761 0.9250962795394844
1.0516899310004837 1.0056981395148747
0.5704905621767037 1.0943975416111855
0.21903982227132096 1.188833311527375
0.014161412588468472 1.287492481724846
0.010000310403520408 1.3902958486456178
0.010000000000026378 1.4993337319312492
0.01 1.6185430060315835
0.01 1.750207081935818
0.01 1.8944375801761077
0.01 2.0508036133862033
0.01 2.2188911099522044
0.01 2.3983630289756137
0.01 2.588948873788041
0.01 2.7904320226697776
0.01 3.002639295182676
0.01 3.2254326406915945
0.01 3.4587025282528194
0.01 3.702362713892884
0.01 3.9563461472459953
0.01 4.220601763151828
0.01 4.49509209451052
0.01 4.779791415646633
0.01 5.074684801984943
0.01 5.089645599640139
0.01 4.794750718641741
0.01 4.510047119639578
0.01 4.2355494405285175
0.01 3.9712829118010946
0.01 3.717284263058381
0.01 3.4736035387361457
0.01 3.2403064140127302
0.01 3.0174773351274586
0.01 2.8052235030068995
0.01 2.6036800229662953
0.01 2.413016400814089
0.01 2.233444864625939
0.01 2.0652309112135976
0.01 1.908706672277422
0.01 1.7642840991115134
0.01 1.6324157704890832
0.010000000000004396 1.5131470133956044
0.010000119806496724 1.404590820206751
0.012344880200928592 1.3028371256490425
0.17081914029997927 1.2054236726437113
0.4645950431962635 1.1119540850856608
0.8890624840183026 1.0235640440889844
1.4543377131370672 0.942731171620077
2.047103433420679 0.8717023188548565
2.5727439704783075 0.8113569890225055
3.006345814394221 0.7619095727452172
3.344529626470939 0.723419443313725
3.5864862591381814 0.6959126440692159
3.731805660638017 0.6794034589211744
3.7802693422108358 0.6738995774892838
3.731805660638028 0.6794034589211727
3.5864862591381943 0.6959126440692132
3.344529626470978 0.7234194433137208
3.0063458143942756 0.7619095727452114
2.572743970478366 0.8113569890224982
2.0471034334207876 0.8717023188548466
1.4543377131372313 0.9427311716200655
0.8890624840183879 1.0235640440889684
0.4645950431961914 1.1119540850856449
0.17081914030006545 1.205423672643695
0.012344880200926833 1.3028371256490252
0.010000119806496724 1.404590820206735
0.010000000000004396 1.5131470133955927
0.01 1.6324157704890734
0.01 1.7642840991115065
0.01 1.9087066722774166
0.01 2.0652309112135923
0.01 2.2334448646259344
0.01 2.413016400814087
0.01 2.603680022966293
0.01 2.8052235030068977
0.01 3.0174773351274564
0.01 3.2403064140127267
0.01 3.4736035387361435
0.01 3.717284263058379
0.01 3.9712829118010933
0.01 4.235549440528515
0.01 4.510047119639576
0.01 4.794750718641738
0.01 5.089645599640135
0.01 5.114581321789293
0.01 4.819683997606924
0.01 4.534973407916516
0.01 4.260463724051672
0.01 3.996179368775181
0.01 3.742155869915347
0.01 3.4984416046126157
0.01 3.2651000009542637
0.01 3.042212555455151
0.01 2.8298826330041367
0.01 2.628240447091355
0.01 2.4374493329286815
0.01 2.257713977957706
0.01 2.0892910048048803
0.01 1.9325031796693406
0.01 1.787756284306713
0.01 1.6555275399685705
0.01 1.5360663621180524
0.010000017703438396 1.4280659280746602
0.010703298856974576 1.3277375890146383
0.10142286716937143 1.2320295068522473
0.33329073046622504 1.1400305419249563
0.6776264655084139 1.0525379586122496
1.1838583710350723 0.9718125581192381
1.7657009895510376 0.9004245763308075
2.3025599630756424 0.8396622023574137
2.748415663490266 0.789867105190151
3.096005609961885 0.7511123835989507
3.344529626470948 0.7234194433137249
3.4937654309192 0.7067991227478374
3.5435367887705578 0.7012582025741376
3.493765430919218 0.7067991227478357
3.3445296264709787 0.7234194433137221
3.096005609961945 0.7511123835989458
2.7484156634903214 0.7898671051901444
2.302559963075762 0.8396622023574064
1.7657009895511713 0.9004245763307965
1.1838583710350543 0.9718125581192277
0.6776264655085164 1.0525379586122376
0.3332907304664035 1.140030541924943
0.10142286716936263 1.232029506852231
0.01070329885697018 1.3277375890146246
0.010000017703438396 1.4280659280746484
0.01 1.536066362118043
0.01 1.6555275399685634
0.01 1.7877562843067065
0.01 1.9325031796693353
0.01 2.0892910048048736
0.01 2.2577139779577027
0.01 2.437449332928679
0.01 2.628240447091352
0.01 2.829882633004135
0.01 3.0422125554551487
0.01 3.265100000954261
0.01 3.4984416046126134
0.01 3.7421558699153445
0.01 3.9961793687751794
0.01 4.260463724051669
0.01 4.534973407916512
0.01 4.819683997606921
0.01 5.11458132178929
0.01 5.149493511675516
0.01 4.854592865581717
0.01 4.569872774714292
0.01 4.2953467807723795
0.01 4.031038211956939
0.01 3.7769809717262057
0.01 3.533221174513192
0.01 3.2998192010548544
0.01 3.0768525231368917
0.01 2.8644192550782046
0.01 2.662642834449996
0.01 2.471677938230664
0.01 2.291718363655685
0.01 2.1230073442605146
0.01 1.9658520215824877
0.01 1.8206429918354072
0.01 1.6878658473634167
0.01 1.5679408223157452
0.010000000573095651 1.4601878379239832
0.01008989980784302 1.3612216657525875
0.039996950511363885 1.267417987483291
0.21180303589796315 1.177444250977554
0.4687324040677249 1.091741997870203
0.8666610555724839 1.0119150031767046
1.3927384349971466 0.9404505164943752
1.9284537756510889 0.8792386939513316
2.3880469660026167 0.8289882109822667
2.748415663490251 0.7898671051901499
3.0063458143942543 0.7619095727452163
3.161379354395623 0.745128508778132
3.2131231935699103 0.73953350137693
3.161379354395645 0.7451285087781299
3.006345814394263 0.7619095727452134
2.7484156634903143 0.7898671051901454
2.3880469660026704 0.8289882109822593
1.9284537756512266 0.8792386939513235
1.3927384349972585 0.940450516494363
0.8666610555727107 1.0119150031766933
0.4687324040679465 1.0917419978701857
0.2118030358978062 1.1774442509775394
0.03999695051132256 1.267417987483278
0.01008989980784302 1.3612216657525744
0.010000000573095651 1.4601878379239706
0.01 1.5679408223157374
0.01 1.6878658473634116
0.01 1.8206429918354021
0.01 1.965852021582482
0.01 2.123007344260511
0.01 2.291718363655683
0.01 2.4716779382306617
0.01 2.6626428344499944
0.01 2.8644192550782024
0.01 3.076852523136889
0.01 3.299819201054853
0.01 3.53322117451319
0.01 3.776980971726203
0.01 4.031038211956936
0.01 4.295346780772378
0.01 4.569872774714289
0.01 4.854592865581711
0.01 5.14949351167551
0.01 5.194384240364376
0.01 4.8994794871620115
0.01 4.614747655817456
0.01 4.340201517261371
0.01 4.075863054683979
0.01 3.8217641809631093
0.01 3.5779482268047302
0.01 3.34447182756648
0.01 3.1214074786318786
0.01 2.908846783491067
0.01 2.7069046776148418
0.01 2.515724836657728
0.01 2.335486823374642
0.01 2.166415620342383
0.01 2.008795062746057
0.01 1.8629870999511968
0.01 1.729453524720197
0.01 1.6086905786956618
0.010000000002069865 1.5005488399947489
0.010003465664444504 1.4024980069408162
0.014427999355880834 1.3106946401890527
0.1084648167116661 1.2232952167236943
0.29077625934363155 1.1401693193282143
0.5621796722854705 1.0622495825660128
0.9721856977507213 0.9914417842837672
1.4649432062385237 0.9299825434365206
1.9284537756511184 0.8792386939513313
2.302559963075645 0.8396622023574134
2.5727439704783093 0.811356989022504
2.7360003010900114 0.7943571837019551
2.790663870979563 0.7886871768788493
2.7360003010899994 0.7943571837019531
2.572743970478332 0.8113569890225015
2.3025599630757427 0.8396622023574084
1.9284537756512168 0.8792386939513244
1.4649432062387673 0.9299825434365119
0.9721856977508628 0.9914417842837543
0.5621796722855418 1.0622495825659986
0.29077625934366014 1.1401693193281999
0.10846481671171007 1.2232952167236792
0.014427999355878195 1.3106946401890378
0.010003465664444504 1.4024980069408044
0.010000000002069865 1.500548839994739
0.01 1.6086905786956558
0.01 1.729453524720191
0.01 1.8629870999511922
0.01 2.0087950627460534
0.01 2.166415620342379
0.01 2.33548682337464
0.01 2.515724836657727
0.01 2.70690467761484
0.01 2.9088467834910645
0.01 3.1214074786318773
0.01 3.3444718275664784
0.01 3.5779482268047276
0.01 3.821764180963107
0.01 4.0758630546839765
0.01 4.340201517261368
0.01 4.614747655817452
0.01 4.899479487162006
0.01 5.194384240364371
0.01 5.249256023329001
0.01 4.954346490812675
0.01 4.669601008034911
0.01 4.395031458525485
0.01 4.1306582783835255
0.01 3.876511089576234
0.01 3.6326300189348233
0.01 3.399067384701001
0.01 3.1758899349922225
0.01 2.9631817210908933
0.01 2.7610477495662273
0.01 2.5696186971955144
0.01 2.3890569871749787
0.01 2.2195649258532524
0.01 2.061395801061161
0.01 1.9148697555343095
0.01 1.7803938088492135
0.01 1.6584444135686935
0.01000000000000088 1.5492145364823497
0.010000019127039872 1.4513203479839814
0.01025176779430478 1.3613650002301243
0.03416955377544472 1.2767113362194311
0.1516799145547017 1.1965816552932205
0.3270825622071331 1.1214144632176388
0.5933072835609653 1.052391030220008
0.9721856977507023 0.9914417842837667
1.3927384349971315 0.940450516494374
1.765700989551082 0.9004245763308055
2.047103433420703 0.8717023188548543
2.2213938796797126 0.8544137873042594
2.2805398346679744 0.8486401828788286
2.221393879679704 0.8544137873042577
2.0471034334207796 0.8717023188548513
1.76570098955118 0.9004245763307998
1.3927384349972582 0.9404505164943648
0.9721856977508597 0.9914417842837552
0.5933072835609965 1.0523910302199955
0.327082562207323 1.1214144632176255
0.15167991455483226 1.1965816552932043
0.034169553775453956 1.276711336219415
0.0102517677943039 1.3613650002301088
0.010000019127039872 1.4513203479839702
0.01000000000000088 1.5492145364823418
0.01 1.6584444135686867
0.01 1.7803938088492084
0.01 1.9148697555343053
0.01 2.061395801061158
0.01 2.219564925853251
0.01 2.389056987174976
0.01 2.5696186971955126
0.01 2.7610477495662247
0.01 2.963181721090892
0.01 3.1758899349922207
0.01 3.3990673847009982
0.01 3.6326300189348215
0.01 3.8765110895762325
0.01 4.130658278383524
0.01 4.395031458525483
0.01 4.669601008034906
0.01 4.954346490812671
0.01 5.249256023328996
0.01 5.3141117220612415
0.01 5.019196865244598
0.01 4.734436189763919
0.01 4.459840602843957
0.01 4.195428847333686
0.01 3.941228028878054
0.01 3.6972747697712776
0.01 3.463616649310583
0.01 3.2403141240628637
0.01 3.027442937575097
0.01 2.825097170538394
0.01 2.6333930713651665
0.01 2.452473914322987
0.01 2.2825162488337876
0.01 2.1237380785234454
0.01 1.9764097831456777
0.01 1.840867613866903
0.01 1.7175137737367052
0.01 1.606679810672914
0.010000000004526619 1.5079415636373603
0.01000238378197709 1.419007409037924
0.011739026156174788 1.3367680095874497
0.05235336355729 1.2597087857501057
0.16503264375940085 1.1876787073183563
0.3270825622071744 1.1214144632176393
0.5621796722854191 1.0622495825660123
0.8666610555725252 1.0119150031767032
1.1838583710349917 0.9718125581192364
1.4543377131370343 0.9427311716200747
1.636484581089355 0.9250962795394934
1.700962284614111 0.9191827324723956
1.6364845810894213 0.9250962795394919
1.454337713137135 0.9427311716200707
1.1838583710350234 0.9718125581192308
0.8666610555726412 1.0119150031766961
0.562179672285562 1.0622495825660003
0.327082562207371 1.1214144632176255
0.16503264375953364 1.1876787073183401
0.05235336355725307 1.25970878575009
0.011739026156167754 1.3367680095874337
0.01000238378197709 1.419007409037911
0.010000000004526619 1.5079415636373472
0.01 1.606679810672905
0.01 1.7175137737366963
0.01 1.8408676138668976
0.01 1.9764097831456744
0.01 2.123738078523442
0.01 2.282516248833784
0.01 2.4524739143229852
0.01 2.6333930713651643
0.01 2.825097170538392
0.01 3.027442937575094
0.01 3.240314124062862
0.01 3.4636166493105813
0.01 3.6972747697712767
0.01 3.941228028878051
0.01 4.195428847333684
0.01 4.459840602843954
0.01 4.7344361897639144
0.01 5.0191968652445915
0.01 5.31411172206124
0.01 5.388954434465964
0.01 5.094033844537631
0.01 4.809256827583649
0.01 4.534633260799732
0.01 4.2701800993594645
0.01 4.015921798337005
0.01 3.7718912904711566
0.01 3.538131177263529
0.01 3.3146953112131845
0.01 3.1016507312792654
0.01 2.8990800736965925
0.01 2.7070844871835265
0.01 2.5257872042160305
0.01 2.355337849600053
0.01 2.1959176867607497
0.01 2.0477458457311983
0.01 1.9110862306518512
0.01 1.786249918903004
0.01 1.6735541714334399
0.01 1.57305098023117
0.010000000670512925 1.4837043522939244
0.01001809552277325 1.4029926848009868
0.013047334192556485 1.3285893755533658
0.052353363557271534 1.2597087857501055
0.15167991455474344 1.1965816552932191
0.2907762593435713 1.1401693193282143
0.46873240406773675 1.0917419978701994
0.6776264655083545 1.0525379586122487
0.8890624840183149 1.0235640440889817
1.0516899310003667 1.0056981395148865
1.1129471432477938 0.9996523840259433
1.051689931000428 1.0056981395148836
0.8890624840183246 1.023564044088977
0.6776264655084675 1.052537958612243
0.4687324040679276 1.09174199787019
0.290776259343723 1.140169319328202
0.1516799145549202 1.1965816552932045
0.05235336355723944 1.2597087857500895
0.013047334192546813 1.328589375553351
0.01001809552277325 1.4029926848009728
0.010000000670512925 1.4837043522939108
0.01 1.5730509802311585
0.01 1.6735541714334314
0.01 1.786249918902998
0.01 1.9110862306518448
0.01 2.0477458457311934
0.01 2.195917686760746
0.01 2.3553378496000517
0.01 2.5257872042160296
0.01 2.707084487183526
0.01 2.8990800736965903
0.01 3.101650731279264
0.01 3.3146953112131827
0.01 3.538131177263527
0.01 3.7718912904711543
0.01 4.015921798337003
0.01 4.270180099359463
0.01 4.53463326079973
0.01 4.809256827583646
0.01 5.094033844537629
0.01 5.388954434465959
0.01 5.473787378300334
0.01 5.178860785379597
0.01 4.894066678982763
0.01 4.619413884050449
0.01 4.354917530487692
0.01 4.100599374041521
0.01 3.8564885974118535
0.01 3.622622760546819
0.01 3.3990490474391244
0.01 3.1858257475243987
0.01 2.983024043370459
0.01 2.7907300683126643
0.01 2.6090472715015975
0.01 2.438099006211802
0.01 2.2780312674593945
0.01 2.1290152443942416
0.01 1.9912490963665648
0.01 1.8649568442445699
0.01 1.7503732120221358
0.01 1.6476542347857976
0.01000000000000088 1.5565351432079935
0.01000000318446861 1.4757087646860951
0.01001809552277325 1.4029926848009866
0.01173902615617215 1.3367680095874492
0.0341695537754245 1.276711336219431
0.10846481671168764 1.2232952167236941
0.2118030358978585 1.1774442509775525
0.33329073046631824 1.1400305419249552
0.46459504319628897 1.1119540850856564
0.5704905621766532 1.0943975416111975
0.6108742647167413 1.0884161022646826
0.5704905621766189 1.094397541611195
0.464595043196329 1.1119540850856526
0.3332907304664154 1.1400305419249483
0.21180303589787214 1.1774442509775436
0.10846481671177953 1.2232952167236821
0.03416955377545659 1.2767113362194153
0.011739026156166874 1.336768009587434
0.01001809552277325 1.4029926848009726
0.01000000318446861 1.4757087646860811
0.01000000000000088 1.5565351432079813
0.01 1.6476542347857883
0.01 1.7503732120221294
0.01 1.8649568442445643
0.01 1.991249096366561
0.01 2.129015244394237
0.01 2.278031267459392
0.01 2.4380990062117998
0.01 2.6090472715015967
0.01 2.7907300683126635
0.01 2.9830240433704573
0.01 3.1858257475243974
0.01 3.399049047439122
0.01 3.622622760546818
0.01 3.856488597411852
0.01 4.10059937404152
0.01 4.354917530487691
0.01 4.619413884050444
0.01 4.894066678982762
0.01 5.178860785379592
0.01 5.473787378300325
0.01 5.568613780391467
0.01 5.273681050190345
0.01 4.988869496531858
0.01 4.714186900010688
0.01 4.4496465808577215
0.01 4.195267626891504
0.01 3.9510755267451936
0.01 3.717102897524778
0.01 3.493390419684147
0.01 3.2799879079584544
0.01 3.076955539719618
0.01 2.8843651706158204
0.01 2.7023016835396487
0.01 2.5308642073694405
0.01 2.370166969157393
0.01 2.2203393121752333
0.01 2.0815241257151174
0.01 1.9538732461152217
0.01 1.8375359982072423
0.01 1.7326256698975457
0.01 1.6391103799181828
0.01000000000000088 1.5565351432079928
0.010000000670512925 1.4837043522939242
0.01000238378197709 1.4190074090379248
0.01025176779430478 1.3613650002301245
0.014427999355882593 1.3106946401890516
0.0399969505113142 1.2674179874832903
0.10142286716946551 1.2320295068522435
0.1708191402999727 1.2054236726437069
0.21903982227120225 1.188833311527389
0.23540061782085187 1.1832036511807613
0.2190398222712062 1.1888333115273872
0.1708191403000492 1.2054236726437022
0.10142286716936087 1.2320295068522373
0.039996950511326075 1.2674179874832825
0.014427999355883472 1.310694640189041
0.0102517677943039 1.3613650002301103
0.01000238378197709 1.419007409037911
0.010000000670512925 1.483704352293911
0.01000000000000088 1.5565351432079813
0.01 1.639110379918174
0.01 1.7326256698975386
0.01 1.8375359982072363
0.01 1.953873246115218
0.01 2.0815241257151125
0.01 2.2203393121752297
0.01 2.3701669691573906
0.01 2.5308642073694383
0.01 2.702301683539648
0.01 2.8843651706158195
0.01 3.076955539719617
0.01 3.2799879079584535
0.01 3.493390419684146
0.01 3.7171028975247764
0.01 3.9510755267451905
0.01 4.195267626891501
0.01 4.449646580857718
0.01 4.714186900010683
0.01 4.988869496531851
0.01 5.273681050190347
0.01 5.568613780391461
0.01 5.673436771330841
0.01 5.378497896773189
0.01 5.093668902601744
0.01 4.818956559268824
0.01 4.55437243999063
0.01 4.2999330657657575
0.01 4.0556603879020985
0.01 3.821582317273868
0.01 3.597733387272284
0.01 3.384155471999275
0.01 3.1808985498302578
0.01 2.988021420918778
0.01 2.805592278986196
0.01 2.6336889412343103
0.01 2.472398451093628
0.01 2.3218155839327244
0.01 2.1820395496347063
0.01 2.0531677934047665
0.01 1.935285102902026
0.01 1.8284440510684867
0.01 1.732625669897546
0.01 1.6476542347857979
0.01 1.573050980231169
0.010000000004526619 1.50794156363736
0.010000019127039872 1.4513203479839816
0.010003465664444504 1.4024980069408162
0.01008989980784302 1.3612216657525875
0.01070329885697194 1.3277375890146348
0.012344880200925954 1.3028371256490385
0.014161412588468472 1.2874924817248612
0.014890033790077877 1.2823217427291773
0.014161412588471988 1.2874924817248592
0.012344880200920678 1.3028371256490345
0.01070329885697106 1.3277375890146308
0.01008989980784302 1.3612216657525802
0.010003465664444504 1.4024980069408075
0.010000019127039872 1.451320347983971
0.010000000004526619 1.5079415636373485
0.01 1.5730509802311587
0.01 1.6476542347857883
0.01 1.7326256698975386
0.01 1.8284440510684805
0.01 1.9352851029020237
0.01 2.053167793404762
0.01 2.1820395496347036
0.01 2.3218155839327212
0.01 2.4723984510936265
0.01 2.6336889412343103
0.01 2.805592278986194
0.01 2.988021420918777
0.01 3.180898549830257
0.01 3.3841554719992732
0.01 3.5977333872722825
0.01 3.821582317273866
0.01 4.055660387902098
0.01 4.299933065765755
0.01 4.554372439990626
0.01 4.8189565592688215
0.01 5.09366890260174
0.01 5.378497896773183
0.01 5.673436771330833
0.01 5.7882592947478315
0.01 5.493314383106887
0.01 5.208468281195605
0.01 4.933726805367341
0.01 4.66909988246648
0.01 4.414601624291221
0.01 4.1702506804288415
0.01 3.9360705988704794
0.01 3.7120902637420716
0.01 3.4983443273990007
0.01 3.294873612231398
0.01 3.1017253814049095
0.01 2.918953367591814
0.01 2.746617365000252
0.01 2.5847821199991663
0.01 2.4335151221880933
0.01 2.2928827518088903
0.01 2.162944039807236
0.01 2.043741105828008
0.01 1.9352851029020257
0.01 1.8375359982072423
0.01 1.750373212022136
0.01 1.6735541714334403
0.01 1.6066798106729134
0.01000000000000088 1.5492145364823493
0.010000000002069865 1.500548839994749
0.010000000573095651 1.4601878379239812
0.010000017703438396 1.4280659280746588
0.010000119806496724 1.4045908202067479
0.010000310403520408 1.3902958486456318
0.01000041583988105 1.3855023812028375
0.010000310403520408 1.3902958486456298
0.010000119806496724 1.4045908202067452
0.010000017703438396 1.4280659280746542
0.010000000573095651 1.4601878379239768
0.010000000002069865 1.500548839994742
0.01000000000000088 1.5492145364823429
0.01 1.6066798106729059
0.01 1.6735541714334328
0.01 1.7503732120221303
0.01 1.8375359982072372
0.01 1.935285102902024
0.01 2.043741105828005
0.01 2.1629440398072344
0.01 2.2928827518088886
0.01 2.4335151221880915
0.01 2.584782119999165
0.01 2.746617365000251
0.01 2.918953367591813
0.01 3.1017253814049086
0.01 3.2948736122313966
0.01 3.498344327398999
0.01 3.7120902637420707
0.01 3.9360705988704785
0.01 4.170250680428841
0.01 4.414601624291219
0.01 4.669099882466476
0.01 4.933726805367339
0.01 5.208468281195599
0.01 5.493314383106887
0.01 5.788259294747826
0.01 5.9130840334442185
0.01 5.618133290224586
0.01 5.333270691742616
0.01 5.05850117278022
0.01 4.7938331424983005
0.01 4.539278502205825
0.01 4.294852890597893
0.01 4.060575908081827
0.01 3.8364713765004512
0.01 3.622567552880426
0.01 3.4188972671309883
0.01 3.225497886030656
0.01 3.042410999745832
0.01 2.8696816611107567
0.01 2.7073569632892904
0.01 2.5554836586816845
0.01 2.414104454892708
0.01 2.2832525570458424
0.01 2.162944039807236
0.01 2.053167793404766
0.01 1.9538732461152213
0.01 1.864956844244569
0.01 1.7862499189030037
0.01 1.7175137737367046
0.01 1.6584444135686942
0.01 1.6086905786956625
0.01 1.5679408223157456
0.01 1.536066362118053
0.010000000000004396 1.5131470133956038
0.010000000000026378 1.4993337319312603
0.010000000000047483 1.4947209215830237
0.010000000000026378 1.4993337319312594
0.010000000000004396 1.5131470133956018
0.01 1.5360663621180495
0.01 1.5679408223157418
0.01 1.608690578695658
0.01 1.6584444135686882
0.01 1.7175137737366977
0.01 1.786249918902999
0.01 1.8649568442445648
0.01 1.9538732461152184
0.01 2.0531677934047625
0.01 2.1629440398072344
0.01 2.2832525570458406
0.01 2.4141044548927075
0.01 2.555483658681684
0.01 2.7073569632892895
0.01 2.869681661110756
0.01 3.042410999745831
0.01 3.225497886030655
0.01 3.4188972671309874
0.01 3.6225675528804246
0.01 3.836471376500451
0.01 4.060575908081827
0.01 4.294852890597891
0.01 4.53927850220582
0.01 4.793833142498295
0.01 5.058501172780221
0.01 5.333270691742614
0.01 5.618133290224582
0.01 5.913084033444214
0.01 6.047913355126137
0.01 5.752957066023665
0.01 5.468078807700239
0.01 5.193282716708306
0.01 4.928575831378817
0.01 4.673968066602097
0.01 4.42947237330798
0.01 4.195104857791321
0.01 3.9708849077997113
0.01 3.75683524959414
0.01 3.5529819067178323
0.01 3.359353973547887
0.01 3.175983116628094
0.01 3.0029026684657607
0.01 2.8401461568597024
0.01 2.6877450695845773
0.01 2.5457256409974067
0.01 2.414104454892708
0.01 2.2928827518088903
0.01 2.182039549634706
0.01 2.0815241257151165
0.01 1.9912490963665648
0.01 1.91108623065185
0.01 1.8408676138669025
0.01 1.7803938088492133
0.01 1.729453524720196
0.01 1.6878658473634176
0.01 1.6555275399685698
0.01 1.6324157704890814
0.01 1.618543006031592
0.01 1.6139183116943585
0.01 1.6185430060315917
0.01 1.6324157704890803
0.01 1.6555275399685687
0.01 1.6878658473634156
0.01 1.7294535247201936
0.01 1.7803938088492108
0.01 1.8408676138668982
0.01 1.9110862306518455
0.01 1.9912490963665614
0.01 2.0815241257151125
0.01 2.182039549634704
0.01 2.2928827518088886
0.01 2.4141044548927075
0.01 2.5457256409974063
0.01 2.6877450695845764
0.01 2.840146156859701
0.01 3.0029026684657594
0.01 3.175983116628094
0.01 3.3593539735478863
0.01 3.5529819067178323
0.01 3.756835249594139
0.01 3.970884907799711
0.01 4.1951048577913195
0.01 4.429472373307979
0.01 4.673968066602094
0.01 4.928575831378815
0.01 5.193282716708305
0.01 5.468078807700238
0.01 5.752957066023666
0.01 6.047913355126137
0.01 6.192749278537277
0.01 5.897787790746792
0.01 5.6128948804724725
0.01 5.338073974927744
0.01 5.073330897345737
0.01 4.8186738113713306
0.01 4.574113314950964
0.01 4.339662482805257
0.01 4.1153368977098115
0.01 3.901154602916101
0.01 3.6971359507906443
0.01 3.5033032749657096
0.01 3.319680318803972
0.01 3.1462913196510276
0.01 2.983159643620057
0.01 2.8303058486334045
0.01 2.6877450695845773
0.01 2.5554836586816845
0.01 2.4335151221880933
0.01 2.3218155839327235
0.01 2.2203393121752333
0.01 2.1290152443942403
0.01 2.047745845731198
0.01 1.9764097831456777
0.01 1.9148697555343088
0.01 1.8629870999511968
0.01 1.820642991835408
0.01 1.7877562843067125
0.01 1.7642840991115114
0.01 1.7502070819358237
0.01 1.7455158277524376
0.01 1.7502070819358229
0.01 1.7642840991115107
0.01 1.787756284306711
0.01 1.8206429918354057
0.01 1.8629870999511953
0.01 1.9148697555343066
0.01 1.976409783145676
0.01 2.047745845731195
0.01 2.129015244394238
0.01 2.2203393121752293
0.01 2.321815583932722
0.01 2.433515122188092
0.01 2.555483658681684
0.01 2.6877450695845764
0.01 2.830305848633403
0.01 2.983159643620057
0.01 3.146291319651028
0.01 3.319680318803971
0.01 3.503303274965709
0.01 3.697135950790644
0.01 3.9011546029160997
0.01 4.115336897709811
0.01 4.339662482805256
0.01 4.574113314950963
0.01 4.81867381137133
0.01 5.073330897345733
0.01 5.338073974927743
0.01 5.61289488047247
0.01 5.897787790746792
0.01 6.192749278537278
0.01 6.347593459445365
0.01 6.052627163437414
0.01 5.767720727597651
0.01 5.492876959668452
0.01 5.2281006244146715
0.01 4.973398368519098
0.01 4.728778766475561
0.01 4.494252310057509
0.01 4.269831376767779
0.01 4.055530118804004
0.01 3.8513642534638635
0.01 3.6573506969869007
0.01 3.473506993519144
0.01 3.2998504688098635
0.01 3.136397044117461
0.01 2.983159643620057
0.01 2.8401461568597024
0.01 2.7073569632892904
0.01 2.5847821199991667
0.01 2.472398451093627
0.01 2.370166969157392
0.01 2.2780312674593937
0.01 2.195917686760749
0.01 2.1237380785234454
0.01 2.061395801061162
0.01 2.0087950627460565
0.01 1.9658520215824857
0.01 1.9325031796693402
0.01 1.9087066722774213
0.01 1.8944375801761117
0.01 1.889682630091241
0.01 1.8944375801761113
0.01 1.9087066722774204
0.01 1.9325031796693393
0.01 1.9658520215824853
0.01 2.008795062746055
0.01 2.0613958010611597
0.01 2.123738078523443
0.01 2.195917686760747
0.01 2.278031267459393
0.01 2.370166969157391
0.01 2.4723984510936265
0.01 2.584782119999166
0.01 2.70735696328929
0.01 2.8401461568597015
0.01 2.983159643620057
0.01 3.1363970441174613
0.01 3.299850468809864
0.01 3.4735069935191443
0.01 3.6573506969869003
0.01 3.851364253463862
0.01 4.055530118804003
0.01 4.269831376767779
0.01 4.494252310057507
0.01 4.728778766475559
0.01 4.973398368519097
0.01 5.228100624414671
0.01 5.492876959668451
0.01 5.767720727597648
0.01 6.052627163437416
0.01 6.347593459445363
0.01 6.512447194349699
0.01 6.217476507029095
0.01 5.932557742171577
0.01 5.657693175219451
0.01 5.392886663661991
0.01 5.138143561338183
0.01 4.893470730925637
0.01 4.658876499569625
0.01 4.434370589410472
0.01 4.219963973788115
0.01 4.015668645990193
0.01 3.8214972559888674
0.01 3.637462582770525
0.01 3.4635767955949857
0.01 3.2998504688098635
0.01 3.146291319651028
0.01 3.00290266846576
0.01 2.869681661110756
0.01 2.7466173650002514
0.01 2.6336889412343103
0.01 2.53086420736944
0.01 2.438099006211801
0.01 2.3553378496000525
0.01 2.2825162488337867
0.01 2.219564925853252
0.01 2.166415620342382
0.01 2.1230073442605146
0.01 2.0892910048048785
0.01 2.0652309112135963
0.01 2.050803613386207
0.01 2.045995931744758
0.01 2.050803613386207
0.01 2.065230911213596
0.01 2.089291004804877
0.01 2.1230073442605133
0.01 2.1664156203423808
0.01 2.2195649258532515
0.01 2.2825162488337853
0.01 2.355337849600052
0.01 2.4380990062118006
0.01 2.530864207369439
0.01 2.633688941234311
0.01 2.7466173650002514
0.01 2.8696816611107563
0.01 3.00290266846576
0.01 3.146291319651028
0.01 3.299850468809864
0.01 3.4635767955949865
0.01 3.6374625827705254
0.01 3.8214972559888682
0.01 4.015668645990193
0.01 4.219963973788114
0.01 4.434370589410471
0.01 4.658876499569626
0.01 4.8934707309256344
0.01 5.1381435613381825
0.01 5.392886663661989
0.01 5.657693175219448
0.01 5.932557742171572
0.01 6.217476507029091
0.01 6.512447194349694
0.01 6.687311439378934
0.01 6.392336789285809
0.01 6.107406919963989
0.01 5.832523656316516
0.01 5.567690089723515
0.01 5.312910488626089
0.01 5.068190289173555
0.01 4.833536031645162
0.01 4.608955271447396
0.01 4.394456424061152
0.01 4.190048536064924
0.01 3.9957409490239026
0.01 3.8115428361974018
0.01 3.637462582770525
0.01 3.4735069935191434
0.01 3.3196803188039716
0.01 3.175983116628094
0.01 3.0424109997458313
0.01 2.918953367591813
0.01 2.805592278986195
0.01 2.7023016835396483
0.01 2.6090472715015975
0.01 2.525787204216031
0.01 2.4524739143229874
0.01 2.3890569871749783
0.01 2.335486823374642
0.01 2.2917183636556846
0.01 2.257713977957705
0.01 2.233444864625937
0.01 2.218891109952206
0.01 2.2140411242339986
0.01 2.218891109952206
0.01 2.2334448646259366
0.01 2.2577139779577045
0.01 2.291718363655684
0.01 2.335486823374642
0.01 2.3890569871749774
0.01 2.4524739143229866
0.01 2.5257872042160305
0.01 2.6090472715015975
0.01 2.7023016835396483
0.01 2.805592278986194
0.01 2.918953367591814
0.01 3.0424109997458313
0.01 3.175983116628094
0.01 3.3196803188039716
0.01 3.4735069935191443
0.01 3.637462582770526
0.01 3.8115428361974018
0.01 3.9957409490239026
0.01 4.190048536064924
0.01 4.394456424061152
0.01 4.608955271447396
0.01 4.833536031645162
0.01 5.068190289173553
0.01 5.3129104886260885
0.01 5.567690089723515
0.01 5.832523656316513
0.01 6.107406919963985
0.01 6.392336789285802
0.01 6.687311439378926
0.01 6.8721868408155125
0.01 6.577208655764818
0.01 6.292268899615426
0.01 6.017369021294969
0.01 5.752511474267239
0.01 5.497699628385495
0.01 5.252937747454375
0.01 5.0182309170504125
0.01 4.793584948813764
0.01 4.579006228175704
0.01 4.374501501869112
0.01 4.180077581064443
0.01 3.9957409490239026
0.01 3.8214972559888665
0.01 3.6573506969869003
0.01 3.5033032749657087
0.01 3.3593539735478863
0.01 3.225497886030655
0.01 3.1017253814049086
0.01 2.988021420918777
0.01 2.8843651706158195
0.01 2.790730068312664
0.01 2.707084487183526
0.01 2.633393071365166
0.01 2.5696186971955135
0.01 2.515724836657728
0.01 2.471677938230663
0.01 2.43744933292868
0.01 2.413016400814088
0.01 2.398363028975616
0.01 2.3934796304272594
0.01 2.398363028975616
0.01 2.4130164008140875
0.01 2.4374493329286797
0.01 2.471677938230663
0.01 2.515724836657728
0.01 2.569618697195514
0.01 2.633393071365166
0.01 2.7070844871835265
0.01 2.7907300683126643
0.01 2.8843651706158195
0.01 2.9880214209187783
0.01 3.101725381404909
0.01 3.225497886030656
0.01 3.3593539735478872
0.01 3.5033032749657096
0.01 3.6573506969869007
0.01 3.8214972559888682
0.01 3.995740949023903
0.01 4.180077581064443
0.01 4.374501501869112
0.01 4.579006228175704
0.01 4.793584948813763
0.01 5.0182309170504125
0.01 5.252937747454372
0.01 5.497699628385493
0.01 5.752511474267237
0.01 6.017369021294967
0.01 6.292268899615422
0.01 6.577208655764816
0.01 6.872186840815513
0.01 7.067073774196938
0.01 6.772092471526515
0.01 6.487144011983668
0.01 6.212229534915328
0.01 5.947350969568475
0.01 5.692510951558431
0.01 5.447712793677914
0.01 5.212960412360369
0.01 4.988258233626079
0.01 4.773611051918515
0.01 4.5690238413158
0.01 4.374501501869112
0.01 4.190048536064924
0.01 4.015668645990192
0.01 3.8513642534638617
0.01 3.6971359507906434
0.01 3.5529819067178314
0.01 3.4188972671309874
0.01 3.2948736122313966
0.01 3.1808985498302564
0.01 3.0769555397196173
0.01 2.9830240433704582
0.01 2.8990800736965907
0.01 2.8250971705383923
0.01 2.761047749566226
0.01 2.7069046776148413
0.01 2.6626428344499953
0.01 2.6282404470913527
0.01 2.6036800229662944
0.01 2.5889488737880413
0.01 2.584039342793874
0.01 2.5889488737880413
0.01 2.603680022966295
0.01 2.6282404470913527
0.01 2.6626428344499957
0.01 2.7069046776148413
0.01 2.761047749566226
0.01 2.825097170538393
0.01 2.8990800736965916
0.01 2.9830240433704587
0.01 3.0769555397196178
0.01 3.1808985498302573
0.01 3.2948736122313975
0.01 3.418897267130989
0.01 3.552981906717833
0.01 3.6971359507906443
0.01 3.851364253463863
0.01 4.015668645990193
0.01 4.190048536064924
0.01 4.374501501869112
0.01 4.5690238413158
0.01 4.773611051918515
0.01 4.988258233626079
0.01 5.212960412360368
0.01 5.447712793677911
0.01 5.69251095155843
0.01 5.947350969568473
0.01 6.212229534915325
0.01 6.487144011983668
0.01 6.772092471526517
0.01 7.06707377419694
0.01 7.271972388270638
0.01 6.976988367668032
0.01 6.692032334145801
0.01 6.417105175391433
0.01 6.152208395266234
0.01 5.897344036886486
0.01 5.652514651023068
0.01 5.417723225795123
0.01 5.192973099231977
0.01 4.978267833425947
0.01 4.773611051918514
0.01 4.579006228175703
0.01 4.394456424061152
0.01 4.219963973788113
0.01 4.055530118804002
0.01 3.9011546029160993
0.01 3.7568352495941375
0.01 3.6225675528804238
0.01 3.498344327398999
0.01 3.3841554719992737
0.01 3.2799879079584535
0.01 3.1858257475243983
0.01 3.101650731279264
0.01 3.0274429375750946
0.01 2.9631817210908924
0.01 2.9088467834910654
0.01 2.8644192550782033
0.01 2.829882633004135
0.01 2.805223503006899
0.01 2.7904320226697785
0.01 2.7855021992792786
0.01 2.790432022669778
0.01 2.805223503006899
0.01 2.8298826330041353
0.01 2.864419255078204
0.01 2.908846783491066
0.01 2.963181721090893
0.01 3.027442937575096
0.01 3.1016507312792654
0.01 3.1858257475243987
0.01 3.279987907958455
0.01 3.384155471999275
0.01 3.4983443273990003
0.01 3.622567552880426
0.01 3.75683524959414
0.01 3.9011546029161015
0.01 4.055530118804004
0.01 4.219963973788115
0.01 4.394456424061153
0.01 4.579006228175704
0.01 4.773611051918515
0.01 4.978267833425948
0.01 5.192973099231978
0.01 5.417723225795123
0.01 5.652514651023068
0.01 5.8973440368864845
0.01 6.152208395266232
0.01 6.417105175391435
0.01 6.692032334145802
0.01 6.976988367668035
0.01 7.271972388270642
0.01 7.486882651459209
0.01 7.191896290208821
0.01 6.906933745226286
0.01 6.631995702191712
0.01 6.367083324026322
0.01 6.112198181531906
0.01 5.867342222168507
0.01 5.6325177055628295
0.01 5.407727125189783
0.01 5.192973099231977
0.01 4.988258233626079
0.01 4.793584948813761
0.01 4.608955271447394
0.01 4.43437058941047
0.01 4.269831376767778
0.01 4.11533689770981
0.01 3.9708849077997104
0.01 3.8364713765004494
0.01 3.7120902637420694
0.01 3.5977333872722816
0.01 3.4933904196841463
0.01 3.3990490474391217
0.01 3.3146953112131823
0.01 3.240314124062862
0.01 3.175889934992221
0.01 3.1214074786318773
0.01 3.07685252313689
0.01 3.0422125554551496
0.01 3.0174773351274577
0.01 3.0026392951826777
0.01 2.997693801708289
0.01 3.0026392951826777
0.01 3.0174773351274577
0.01 3.04221255545515
0.01 3.076852523136891
0.01 3.121407478631878
0.01 3.175889934992222
0.01 3.240314124062863
0.01 3.3146953112131845
0.01 3.3990490474391244
0.01 3.493390419684147
0.01 3.597733387272284
0.01 3.712090263742072
0.01 3.8364713765004512
0.01 3.9708849077997126
0.01 4.1153368977098115
0.01 4.26983137676778
0.01 4.434370589410472
0.01 4.608955271447396
0.01 4.793584948813764
0.01 4.988258233626079
0.01 5.192973099231978
0.01 5.4077271251897825
0.01 5.63251770556283
0.01 5.867342222168508
0.01 6.112198181531904
0.01 6.3670833240263205
0.01 6.631995702191712
0.01 6.9069337452262864
0.01 7.191896290208827
0.01 7.486882651459211
0.01 7.711804397632251
0.01 7.416816048017196
0.01 7.131847980450157
0.01 6.8569007205490085
0.01 6.591975161427295
0.01 6.337072502055042
0.01 6.092194218034425
0.01 5.857342004066552
0.01 5.6325177055628295
0.01 5.417723225795123
0.01 5.212960412360368
0.01 5.018230917050412
0.01 4.83353603164516
0.01 4.658876499569624
0.01 4.494252310057506
0.01 4.339662482805253
0.01 4.195104857791318
0.01 4.060575908081825
0.01 3.9360705988704776
0.01 3.8215823172738648
0.01 3.7171028975247755
0.01 3.622622760546817
0.01 3.5381311772635264
0.01 3.463616649310581
0.01 3.3990673847009987
0.01 3.344471827566479
0.01 3.299819201054853
0.01 3.265100000954262
0.01 3.2403064140127276
0.01 3.2254326406915945
0.01 3.22047511682313
0.01 3.225432640691595
0.01 3.2403064140127285
0.01 3.2651000009542623
0.01 3.299819201054854
0.01 3.3444718275664798
0.01 3.3990673847010004
0.01 3.463616649310583
0.01 3.5381311772635295
0.01 3.62262276054682
0.01 3.7171028975247786
0.01 3.8215823172738683
0.01 3.9360705988704803
0.01 4.060575908081828
0.01 4.19510485779132
0.01 4.339662482805258
0.01 4.494252310057509
0.01 4.658876499569627
0.01 4.833536031645162
0.01 5.0182309170504125
0.01 5.212960412360369
0.01 5.417723225795123
0.01 5.63251770556283
0.01 5.857342004066553
0.01 6.092194218034425
0.01 6.337072502055042
0.01 6.591975161427298
0.01 6.856900720549007
0.01 7.13184798045016
0.01 7.416816048017195
0.01 7.711804397632252
0.01 7.946737370272156
0.01 7.651747358839123
0.01 7.366774682422356
0.01 7.091819741607785
0.01 6.826883218959531
0.01 6.571966024710719
0.01 6.327069270317001
0.01 6.092194218034424
0.01 5.8673422221685065
0.01 5.6525146510230675
0.01 5.44771279367791
0.01 5.2529377474543715
0.01 5.068190289173553
0.01 4.8934707309256344
0.01 4.728778766475556
0.01 4.574113314950959
0.01 4.429472373307977
0.01 4.294852890597888
0.01 4.170250680428838
0.01 4.055660387902096
0.01 3.951075526745189
0.01 3.8564885974118517
0.01 3.771891290471154
0.01 3.6972747697712762
0.01 3.6326300189348215
0.01 3.577948226804727
0.01 3.5332211745131894
0.01 3.4984416046126143
0.01 3.4736035387361444
0.01 3.45870252825282
0.01 3.453735833135555
0.01 3.45870252825282
0.01 3.473603538736145
0.01 3.4984416046126148
0.01 3.533221174513191
0.01 3.5779482268047293
0.01 3.6326300189348233
0.01 3.6972747697712776
0.01 3.7718912904711566
0.01 3.8564885974118543
0.01 3.951075526745193
0.01 4.055660387902099
0.01 4.170250680428842
0.01 4.294852890597894
0.01 4.429472373307981
0.01 4.574113314950964
0.01 4.728778766475561
0.01 4.893470730925637
0.01 5.068190289173555
0.01 5.252937747454373
0.01 5.447712793677911
0.01 5.652514651023068
0.01 5.867342222168507
0.01 6.092194218034426
0.01 6.327069270317001
0.01 6.571966024710718
0.01 6.826883218959532
0.01 7.091819741607785
0.01 7.366774682422356
0.01 7.651747358839123
0.01 7.946737370272157
0.01 8.191681262204414
0.01 7.896689890557061
0.01 7.611713446657333
0.01 7.33675223509357
0.01 7.071806776893278
0.01 6.816877761781704
0.01 6.571966024710718
0.01 6.337072502055041
0.01 6.1121981815319035
0.01 5.897344036886484
0.01 5.692510951558428
0.01 5.497699628385489
0.01 5.312910488626087
0.01 5.13814356133818
0.01 4.973398368519094
0.01 4.818673811371328
0.01 4.673968066602093
0.01 4.539278502205819
0.01 4.414601624291217
0.01 4.299933065765753
0.01 4.1952676268915
0.01 4.1005993740415185
0.01 4.015921798337002
0.01 3.941228028878051
0.01 3.8765110895762316
0.01 3.821764180963106
0.01 3.776980971726203
0.01 3.7421558699153445
0.01 3.717284263058379
0.01 3.7023627138928843
0.01 3.697389102847192
0.01 3.7023627138928847
0.01 3.71728426305838
0.01 3.7421558699153454
0.01 3.7769809717262044
0.01 3.821764180963108
0.01 3.876511089576234
0.01 3.941228028878054
0.01 4.015921798337007
0.01 4.100599374041524
0.01 4.195267626891504
0.01 4.299933065765758
0.01 4.414601624291222
0.01 4.539278502205825
0.01 4.6739680666020975
0.01 4.818673811371331
0.01 4.9733983685190974
0.01 5.138143561338184
0.01 5.312910488626089
0.01 5.497699628385494
0.01 5.692510951558429
0.01 5.8973440368864845
0.01 6.112198181531905
0.01 6.337072502055042
0.01 6.571966024710718
0.01 6.816877761781705
0.01 7.071806776893277
0.01 7.33675223509357
0.01 7.611713446657332
0.01 7.896689890557059
0.01 8.191681262204412
0.01 8.44663575199068
0.01 8.151643298832532
0.01 7.866663862683038
0.01 7.5916976761429265
0.01 7.326745139167024
0.01 7.071806776893277
0.01 6.826883218959529
0.01 6.591975161427295
0.01 6.3670833240263205
0.01 6.15220839526623
0.01 5.947350969568473
0.01 5.752511474267235
0.01 5.567690089723511
0.01 5.3928866636619865
0.01 5.228100624414668
0.01 5.07333089734573
0.01 4.928575831378812
0.01 4.793833142498291
0.01 4.669099882466474
0.01 4.554372439990625
0.01 4.449646580857716
0.01 4.354917530487689
0.01 4.27018009935946
0.01 4.195428847333683
0.01 4.130658278383523
0.01 4.0758630546839765
0.01 4.031038211956935
0.01 3.9961793687751794
0.01 3.9712829118010933
0.01 3.956346147245996
0.01 3.951367412989878
0.01 3.956346147245996
0.01 3.971282911801093
0.01 3.9961793687751803
0.01 4.031038211956936
0.01 4.075863054683977
0.01 4.130658278383526
0.01 4.195428847333686
0.01 4.2701800993594645
0.01 4.354917530487693
0.01 4.4496465808577215
0.01 4.554372439990632
0.01 4.66909988246648
0.01 4.7938331424983005
0.01 4.928575831378819
0.01 5.073330897345737
0.01 5.228100624414672
0.01 5.39288666366199
0.01 5.567690089723514
0.01 5.752511474267236
0.01 5.947350969568474
0.01 6.152208395266232
0.01 6.367083324026321
0.01 6.591975161427295
0.01 6.826883218959532
0.01 7.071806776893276
0.01 7.3267451391670235
0.01 7.591697676142927
0.01 7.866663862683039
0.01 8.151643298832536
0.01 8.446635751990689
0.01 8.711600533222407
0.01 8.416607257331323
0.01 8.131625546822596
0.01 7.8566555822677016
0.01 7.591697676142926
0.01 7.336752235093569
0.01 7.091819741607784
0.01 6.856900720549007
0.01 6.631995702191708
0.01 6.417105175391433
0.01 6.212229534915323
0.01 6.017369021294964
0.01 5.832523656316511
0.01 5.657693175219444
0.01 5.492876959668447
0.01 5.338073974927739
0.01 5.193282716708299
0.01 5.0585011727802165
0.01 4.933726805367336
0.01 4.818956559268818
0.01 4.71418690001068
0.01 4.619413884050443
0.01 4.534633260799728
0.01 4.459840602843952
0.01 4.395031458525482
0.01 4.340201517261366
0.01 4.295346780772376
0.01 4.260463724051669
0.01 4.235549440528514
0.01 4.220601763151827
0.01 4.21561935467974
0.01 4.220601763151827
0.01 4.235549440528515
0.01 4.260463724051669
0.01 4.295346780772378
0.01 4.34020151726137
0.01 4.395031458525486
0.01 4.459840602843958
0.01 4.534633260799733
0.01 4.61941388405045
0.01 4.71418690001069
0.01 4.818956559268827
0.01 4.9337268053673435
0.01 5.058501172780224
0.01 5.193282716708309
0.01 5.338073974927746
0.01 5.492876959668453
0.01 5.6576931752194515
0.01 5.832523656316515
0.01 6.017369021294968
0.01 6.212229534915326
0.01 6.417105175391432
0.01 6.631995702191713
0.01 6.856900720549008
0.01 7.091819741607785
0.01 7.336752235093569
0.01 7.5916976761429265
0.01 7.856655582267701
0.01 8.1316255468226
0.01 8.416607257331334
0.01 8.711600533222414
0.01 8.986575341777503
0.01 8.691581485742331
0.01 8.406598172291059
0.01 8.131625546822596
0.01 7.866663862683038
0.01 7.6117134466573315
0.01 7.3667746824223554
0.01 7.131847980450155
0.01 6.906933745226285
0.01 6.692032334145796
0.01 6.4871440119836645
0.01 6.292268899615419
0.01 6.107406919963981
0.01 5.932557742171567
0.01 5.767720727597642
0.01 5.612894880472464
0.01 5.468078807700232
0.01 5.333270691742609
0.01 5.2084682811955965
0.01 5.0936689026017365
0.01 4.9888694965318505
0.01 4.8940666789827585
0.01 4.809256827583646
0.01 4.734436189763915
0.01 4.669601008034905
0.01 4.614747655817451
0.01 4.569872774714287
0.01 4.53497340791651
0.01 4.510047119639573
0.01 4.495092094510519
0.01 4.490107212350202
0.01 4.49509209451052
0.01 4.510047119639576
0.01 4.534973407916511
0.01 4.56987277471429
0.01 4.614747655817455
0.01 4.66960100803491
0.01 4.734436189763919
0.01 4.809256827583648
0.01 4.894066678982767
0.01 4.988869496531861
0.01 5.093668902601745
0.01 5.208468281195608
0.01 5.3332706917426185
0.01 5.468078807700242
0.01 5.612894880472475
0.01 5.767720727597653
0.01 5.932557742171576
0.01 6.107406919963988
0.01 6.292268899615424
0.01 6.487144011983668
0.01 6.6920323341458
0.01 6.906933745226283
0.01 7.131847980450156
0.01 7.366774682422355
0.01 7.6117134466573315
0.01 7.866663862683037
0.01 8.131625546822598
0.01 8.406598172291055
0.01 8.69158148574234
0.01 8.986575341777506
0.01 9.271559970831746
0.01 8.976565765204754
0.01 8.691581485742333
0.01 8.416607257331325
0.01 8.15164329883253
0.01 7.896689890557057
0.01 7.651747358839119
0.01 7.416816048017194
0.01 7.191896290208821
0.01 6.9769883676680315
0.01 6.7720924715265145
0.01 6.577208655764812
0.01 6.392336789285797
0.01 6.217476507029087
0.01 6.052627163437407
0.01 5.897787790746782
0.01 5.752957066023661
0.01 5.618133290224578
0.01 5.493314383106885
0.01 5.3784978967731805
0.01 5.27368105019034
0.01 5.178860785379589
0.01 5.094033844537628
0.01 5.019196865244593
0.01 4.954346490812671
0.01 4.899479487162002
0.01 4.854592865581707
0.01 4.8196839976069175
0.01 4.794750718641737
0.01 4.779791415646633
0.01 4.774805093428698
0.01 4.779791415646631
0.01 4.794750718641736
0.01 4.819683997606921
0.01 4.854592865581714
0.01 4.89947948716201
0.01 4.954346490812674
0.01 5.019196865244597
0.01 5.094033844537636
0.01 5.178860785379601
0.01 5.273681050190354
0.01 5.378497896773193
0.01 5.493314383106894
0.01 5.618133290224589
0.01 5.752957066023674
0.01 5.897787790746795
0.01 6.0526271634374185
0.01 6.217476507029095
0.01 6.392336789285804
0.01 6.577208655764816
0.01 6.772092471526514
0.01 6.976988367668031
0.01 7.191896290208822
0.01 7.416816048017193
0.01 7.65174735883912
0.01 7.896689890557058
0.01 8.151643298832528
0.01 8.416607257331322
0.01 8.691581485742331
0.01 8.97656576520476
0.01 9.271559970831756
0.01 9.566554302674254
0.01 9.271559970831747
0.01 8.986575341777504
0.01 8.711600533222407
0.01 8.446635751990677
0.01 8.191681262204408
0.01 7.946737370272151
0.01 7.71180439763225
0.01 7.486882651459206
0.01 7.27197238827064
0.01 7.067073774196936
0.01 6.872186840815508
0.01 6.687311439378921
0.01 6.512447194349687
0.01 6.347593459445353
0.01 6.192749278537266
0.01 6.047913355126131
0.01 5.91308403344421
0.01 5.7882592947478235
0.01 5.67343677133083
0.01 5.568613780391459
0.01 5.473787378300324
0.01 5.3889544344659575
0.01 5.314111722061238
0.01 5.2492560233289955
0.01 5.194384240364369
0.01 5.149493511675506
0.01 5.114581321789286
0.01 5.089645599640134
0.01 5.074684801984942
0.01 5.069697976698581
0.01 5.074684801984939
0.01 5.089645599640133
0.01 5.114581321789289
0.01 5.149493511675513
0.01 5.194384240364373
0.01 5.249256023329002
0.01 5.314111722061242
0.01 5.388954434465967
0.01 5.473787378300335
0.01 5.568613780391472
0.01 5.673436771330844
0.01 5.788259294747836
0.01 5.913084033444223
0.01 6.047913355126142
0.01 6.192749278537282
0.01 6.347593459445368
0.01 6.512447194349698
0.01 6.687311439378929
0.01 6.872186840815511
0.01 7.0670737741969365
0.01 7.271972388270636
0.01 7.48688265145921
0.01 7.711804397632247
0.01 7.946737370272152
0.01 8.19168126220441
0.01 8.446635751990677
0.01 8.711600533222406
0.01 8.986575341777499
0.01 9.271559970831753
0.01 9.56655430267426
