1e-05 7.527181294883495
1e-05 7.282663228739966
1e-05 7.049070990135506
1e-05 6.826382549685497
1e-05 6.614561955799075
1e-05 6.413557547265911
1e-05 6.22330096344809
1e-05 6.043706067724287
1e-05 5.874668469214249
1e-05 5.716065810272743
1e-05 5.56775929468639
1e-05 5.4295967424638505
1e-05 5.301417630303292
1e-05 5.183060757755262
1e-05 5.074374498049737
1e-05 4.9752275475463525
1e-05 4.885517428831818
1e-05 4.8051759555547955
1e-05 4.73417112821457
1e-05 4.672505118640089
1e-05 4.6202094131294285
1e-05 4.5773350122047605
1e-05 4.543937828902782
1e-05 4.520062541135532
1e-05 4.505733031386225
1e-05 4.500956319194283
1e-05 4.505733031386231
1e-05 4.520062541135548
1e-05 4.543937828902807
1e-05 4.577335012204794
1e-05 4.620209413129468
1e-05 4.672505118640139
1e-05 4.734171128214627
1e-05 4.805175955554863
1e-05 4.8855174288318945
1e-05 4.975227547546436
1e-05 5.074374498049821
1e-05 5.18306075775535
1e-05 5.301417630303383
1e-05 5.429596742463945
1e-05 5.567759294686484
1e-05 5.716065810272837
1e-05 5.87466846921434
1e-05 6.043706067724372
1e-05 6.223300963448165
1e-05 6.413557547265989
1e-05 6.6145619557991475
1e-05 6.826382549685576
1e-05 7.049070990135576
1e-05 7.282663228740023
1e-05 7.5271812948835475
1e-05 7.282663228739967
1e-05 7.038152466896986
1e-05 6.80458187623977
1e-05 6.581929586807107
1e-05 6.3701598570795985
1e-05 6.169221203669005
1e-05 5.97904529640049
1e-05 5.799545726616275
1e-05 5.630617343531188
1e-05 5.472136334874504
1e-05 5.323961541488278
1e-05 5.185937286653996
1e-05 5.057898139713648
1e-05 4.939676346824596
1e-05 4.831112152096771
1e-05 4.732064885732872
1e-05 4.642422002981477
1e-05 4.562106102751548
1e-05 4.491080261123395
1e-05 4.429350335640832
1e-05 4.3769623304291105
1e-05 4.3339890160384344
1e-05 4.300507169157796
1e-05 4.276573394302548
1e-05 4.26221229814997
1e-05 4.257425983948749
1e-05 4.262212298149974
1e-05 4.276573394302566
1e-05 4.300507169157816
1e-05 4.33398901603846
1e-05 4.37696233042915
1e-05 4.42935033564088
1e-05 4.491080261123451
1e-05 4.562106102751614
1e-05 4.6424220029815535
1e-05 4.732064885732954
1e-05 4.8311121520968525
1e-05 4.939676346824686
1e-05 5.05789813971374
1e-05 5.185937286654094
1e-05 5.323961541488375
1e-05 5.4721363348746
1e-05 5.630617343531278
1e-05 5.799545726616362
1e-05 5.979045296400569
1e-05 6.169221203669082
1e-05 6.370159857079672
1e-05 6.581929586807185
1e-05 6.8045818762398405
1e-05 7.038152466897047
1e-05 7.282663228740022
1e-05 7.049070990135509
1e-05 6.804581876239772
1e-05 6.571075534147999
1e-05 6.348530585199712
1e-05 6.136912007308594
1e-05 5.936168991544498
1e-05 5.746233494015965
1e-05 5.567018543230233
1e-05 5.398417017042666
1e-05 5.240301094408767
1e-05 5.092522960959146
1e-05 4.954917166859049
1e-05 4.827305154239731
1e-05 4.709502176932675
1e-05 4.601326624486362
1e-05 4.502610458220678
1e-05 4.413207384857785
1e-05 4.332999476702557
1e-05 4.2619144486532585
1e-05 4.199958101569487
1e-05 4.147232820506214
1e-05 4.103906152217655
1e-05 4.070138634253982
1e-05 4.046021739920107
1e-05 4.031569153602289
1e-05 4.026756548337246
1e-05 4.031569153602294
1e-05 4.0460217399201195
1e-05 4.070138634253999
1e-05 4.103906152217679
1e-05 4.14723282050624
1e-05 4.199958101569524
1e-05 4.261914448653305
1e-05 4.33299947670262
1e-05 4.413207384857857
1e-05 4.502610458220759
1e-05 4.601326624486447
1e-05 4.709502176932767
1e-05 4.827305154239831
1e-05 4.954917166859148
1e-05 5.092522960959246
1e-05 5.240301094408864
1e-05 5.398417017042759
1e-05 5.567018543230323
1e-05 5.746233494016049
1e-05 5.936168991544579
1e-05 6.1369120073086725
1e-05 6.348530585199784
1e-05 6.571075534148069
1e-05 6.804581876239839
1e-05 7.049070990135576
1e-05 6.826382549685506
1e-05 6.581929586807115
1e-05 6.348530585199715
1e-05 6.126165156635552
1e-05 5.914799769088016
1e-05 5.714385154991041
1e-05 5.5248542926800965
1e-05 5.346119933691722
1e-05 5.1780724054642455
1e-05 5.020577909514547
1e-05 4.8734779665725405
1e-05 4.736590530335723
1e-05 4.609713343073762
1e-05 4.492629510397211
1e-05 4.385115241497448
1e-05 4.2869533728641
1e-05 4.197945263714647
1e-05 4.117904046355997
1e-05 4.046673716135831
1e-05 3.9842310298593397
1e-05 3.9307820309217383
1.0000000000444085e-05 3.886706844447839
1.0000000001998382e-05 3.852358784096557
1.0000000007105357e-05 3.82789473971894
1.0000000016209094e-05 3.813282685778074
1.0000000021982196e-05 3.8084272126487133
1.0000000016209094e-05 3.813282685778078
1.0000000007105357e-05 3.8278947397189476
1.0000000001998382e-05 3.8523587840965683
1.0000000000444085e-05 3.8867068444478527
1e-05 3.9307820309217543
1e-05 3.9842310298593655
1e-05 4.0466737161358735
1e-05 4.117904046356054
1e-05 4.19794526371472
1e-05 4.286953372864185
1e-05 4.38511524149754
1e-05 4.49262951039731
1e-05 4.60971334307386
1e-05 4.736590530335829
1e-05 4.8734779665726435
1e-05 5.020577909514648
1e-05 5.1780724054643406
1e-05 5.346119933691815
1e-05 5.524854292680185
1e-05 5.714385154991122
1e-05 5.914799769088097
1e-05 6.126165156635629
1e-05 6.3485305851997875
1e-05 6.581929586807185
1e-05 6.826382549685576
1e-05 6.6145619557990845
1e-05 6.370159857079607
1e-05 6.136912007308599
1e-05 5.914799769088019
1e-05 5.703792313994656
1e-05 5.5038434194065475
1e-05 5.314888661032754
1e-05 5.136841836719302
1e-05 4.96959134687092
1e-05 4.812996721674634
1e-05 4.6668859016492625
1e-05 4.531053425764959
1e-05 4.405259446846192
1e-05 4.289227907720153
1e-05 4.182640484828422
1e-05 4.085155460391537
1.0000000051291791e-05 3.996474127884194
1.000000838720699e-05 3.9163380576438667
1.0000275654740254e-05 3.844500093763647
1.0002242354971105e-05 3.780896491035547
1.0006271052471548e-05 3.7258884369398513
1.001032396302789e-05 3.6802307789904765
1.0016890479862044e-05 3.6446522627310323
1.003045289765018e-05 3.6194296493315514
1.0049069900046842e-05 3.6044404139466626
1.0058744825302396e-05 3.5994742472003542
1.0049069900046842e-05 3.6044404139466653
1.003045289765018e-05 3.6194296493315545
1.0016890479862044e-05 3.6446522627310367
1.001032396302789e-05 3.680230778990481
1.0006271052471548e-05 3.725888436939858
1.0002242354971105e-05 3.7808964910355622
1.0000275654740254e-05 3.844500093763682
1.000000838720699e-05 3.916338057643923
1.0000000051291791e-05 3.996474127884271
1e-05 4.085155460391628
1e-05 4.182640484828521
1e-05 4.289227907720262
1e-05 4.405259446846301
1e-05 4.531053425765071
1e-05 4.666885901649371
1e-05 4.812996721674743
1e-05 4.969591346871026
1e-05 5.136841836719399
1e-05 5.314888661032853
1e-05 5.503843419406644
1e-05 5.703792313994747
1e-05 5.9147997690881
1e-05 6.136912007308679
1e-05 6.370159857079681
1e-05 6.614561955799156
1e-05 6.413557547265919
1e-05 6.169221203669012
1e-05 5.936168991544504
1e-05 5.714385154991046
1e-05 5.50384341940655
1e-05 5.3045030423281965
1e-05 5.116305026596264
1e-05 4.939167135642067
1e-05 4.77297837004081
1e-05 4.617592753285178
1e-05 4.4728215310599655
1e-05 4.338418151187151
1e-05 4.214046085897263
1.0000000002442468e-05 4.099242738789964
1.0000015014061955e-05 3.9934098300084897
1.0006035142429947e-05 3.8959090047086478
1.0281118842294928e-05 3.806368259185655
1.3208914806513876e-05 3.724778142613592
2.6677164576154864e-05 3.65119381263499
6.272436217542172e-05 3.585641312460797
0.00011669258727402355 3.5284760166580558
0.00016653905255037806 3.4806500257745596
0.00021933925594874176 3.4432984225030006
0.00029358812652117766 3.4169179707582225
0.00036879041474920647 3.401316394078331
0.00040141210802206755 3.3961620120815765
0.0003687904147480963 3.4013163940783304
0.00029358812652162175 3.416917970758225
0.0002193392559474095 3.443298422503001
0.00016653905254948988 3.480650025774556
0.00011669258727357946 3.5284760166580567
6.272436217453356e-05 3.585641312460809
2.6677164576154864e-05 3.6511938126350243
1.3208914806291833e-05 3.724778142613647
1.0281118842294928e-05 3.8063682591857364
1.0006035142429947e-05 3.895909004708745
1.0000015014061955e-05 3.9934098300086025
1.0000000002442468e-05 4.099242738790081
1e-05 4.214046085897384
1e-05 4.33841815118727
1e-05 4.472821531060087
1e-05 4.617592753285295
1e-05 4.772978370040925
1e-05 4.93916713564218
1e-05 5.116305026596369
1e-05 5.3045030423283
1e-05 5.503843419406649
1e-05 5.714385154991131
1e-05 5.936168991544591
1e-05 6.169221203669096
1e-05 6.413557547266002
1e-05 6.223300963448097
1e-05 5.979045296400497
1e-05 5.746233494015968
1e-05 5.524854292680099
1e-05 5.314888661032756
1e-05 5.1163050265962635
1e-05 4.929054380854865
1e-05 4.753063592598498
1e-05 4.588226960157967
1e-05 4.43439207437849
1e-05 4.291323206596271
1.0000000000222044e-05 4.158607123105528
1.0000014950557833e-05 4.03550965076206
1.0033757896292632e-05 3.9210136540321785
1.3243217347573823e-05 3.8142727533282113
5.528229820515e-05 3.714900447679141
0.00024225314094939246 3.622907712592819
0.0007031048022129761 3.538624163487797
0.0016545576264732447 3.4624649263285034
0.0038549897114701893 3.394617955158861
0.008398091483534589 3.335308387020188
0.014787506794168076 3.2854032691410895
0.020701919996023325 3.2462277160874513
0.024608097970317946 3.2185400548824505
0.026539398689389326 3.2021970549867196
0.027094011630193243 3.196806029184202
0.02653939868940398 3.2021970549867214
0.024608097970322942 3.2185400548824545
0.020701919996047306 3.2462277160874486
0.014787506794213484 3.2854032691410886
0.008398091483551797 3.3353083870201927
0.0038549897114704113 3.394617955158872
0.001654557626464252 3.4624649263285434
0.0007031048022138643 3.5386241634878624
0.0002422531409480602 3.6229077125929043
5.528229820515e-05 3.714900447679247
1.3243217347573823e-05 3.8142727533283303
1.0033757896292632e-05 3.9210136540323113
1.0000014950557833e-05 4.035509650762194
1.0000000000222044e-05 4.158607123105659
1e-05 4.291323206596406
1e-05 4.434392074378625
1e-05 4.588226960158092
1e-05 4.753063592598622
1e-05 4.929054380854978
1e-05 5.116305026596375
1e-05 5.314888661032864
1e-05 5.5248542926802
1e-05 5.7462334940160655
1e-05 5.9790452964005905
1e-05 6.223300963448187
1e-05 6.043706067724295
1e-05 5.799545726616282
1e-05 5.567018543230241
1e-05 5.346119933691727
1e-05 5.136841836719303
1e-05 4.939167135642068
1e-05 4.753063592598498
1e-05 4.578474553432944
1e-05 4.415300236628887
1e-05 4.263334593850205
1.000000003241819e-05 4.122071880328544
1.0002705267824056e-05 3.9904225037301972
1.2024140417479915e-05 3.866920678658126
7.43607129793687e-05 3.750544758938686
0.0004467935040090842 3.6410406967586275
0.0014715866361261565 3.5385658712089225
0.003563823573828886 3.443402749491023
0.007277348997573124 3.3559548586930537
0.012811841469219988 3.276816098151322
0.020991176123585656 3.2064857869964696
0.03352446501522698 3.145273565282035
0.049843526009359665 3.093861116695563
0.06551922985923182 3.053419974024702
0.07621866798661715 3.0247324709541403
0.08158918021739649 3.0077532859413063
0.08313609342791047 3.00214539896097
0.08158918021741114 3.0077532859413094
0.07621866798664025 3.024732470954144
0.06551922985929622 3.0534199740247074
0.049843526009433606 3.0938611166955683
0.033524465015270614 3.145273565282044
0.02099117612363595 3.206485786996492
0.012811841469204778 3.2768160981513703
0.00727734899756613 3.355954858693127
0.003563823573832217 3.4434027494911197
0.0014715866361197174 3.5385658712090375
0.0004467935040106385 3.641040696758757
7.436071297959074e-05 3.750544758938827
1.2024140417479915e-05 3.866920678658272
1.0002705267824056e-05 3.990422503730341
1.000000003241819e-05 4.122071880328689
1e-05 4.263334593850349
1e-05 4.415300236629022
1e-05 4.578474553433075
1e-05 4.753063592598628
1e-05 4.939167135642192
1e-05 5.136841836719414
1e-05 5.346119933691836
1e-05 5.567018543230347
1e-05 5.799545726616391
1e-05 6.043706067724402
1e-05 5.874668469214263
1e-05 5.630617343531199
1e-05 5.398417017042675
1e-05 5.178072405464251
1e-05 4.969591346870923
1e-05 4.772978370040812
1e-05 4.588226960157967
1e-05 4.415300236628886
1e-05 4.254050015978452
1.0000000415885387e-05 4.10391747165364
1.0036846343769793e-05 3.9634661467456875
2.4661022795709845e-05 3.830776385668681
0.0002736009212344919 3.7047082578534645
0.001288659619275377 3.5850362316838056
0.003455258866978969 3.4719320918985503
0.007182074862262386 3.3657825582910954
0.013310202717381314 3.2670967490271106
0.02293888286005237 3.1764350474875753
0.03689153397229929 3.094452494704864
0.05581546412369267 3.0218652442769494
0.08021835480697792 2.9592650962961784
0.10790999511016212 2.9072454772317404
0.13296119869171083 2.8665307409379897
0.1504085376478852 2.8375684420850606
0.1597875255102408 2.8203326786006917
0.16265335269780312 2.8146198973005694
0.15978752551027411 2.820332678600697
0.15040853764792572 2.8375684420850704
0.13296119869178377 2.866530740938
0.10790999511023906 2.907245477231755
0.0802183548071006 2.9592650962961984
0.05581546412376128 3.021865244276985
0.03689153397229884 3.094452494704923
0.02293888286005215 3.176435047487661
0.01331020271737654 3.267096749027218
0.0071820748622513945 3.365782558291217
0.00345525886697364 3.471932091898689
0.0012886596192782636 3.5850362316839535
0.000273600921234936 3.7047082578536186
2.466102279593189e-05 3.83077638566884
1.0036846343769793e-05 3.9634661467458407
1.0000000415885387e-05 4.103917471653795
1e-05 4.254050015978597
1e-05 4.415300236629031
1e-05 4.588226960158107
1e-05 4.772978370040945
1e-05 4.9695913468710495
1e-05 5.178072405464368
1e-05 5.398417017042791
1e-05 5.63061734353131
1e-05 5.874668469214375
1e-05 5.716065810272761
1e-05 5.472136334874522
1e-05 5.240301094408769
1e-05 5.020577909514553
1e-05 4.812996721674636
1e-05 4.617592753285178
1e-05 4.434392074378487
1e-05 4.263334593850206
1.0000000415885387e-05 4.103917471653639
1.0080626867705021e-05 3.9544880255656913
4.255879819628547e-05 3.812651713464931
0.000514007901748877 3.6770217097482734
0.0021452722965310234 3.5473081128768085
0.005218519631470188 3.423687410945855
0.010492558151700998 3.3065867363257526
0.01925907751264832 3.196600392033378
0.0333318622537354 3.0944303713148833
0.05530843645566244 3.0008764755534267
0.08569464400442924 2.916824652368295
0.12127951094409534 2.843089439374536
0.1579040986023789 2.7802274513259615
0.1919949580781143 2.72854703881915
0.2199776158842792 2.688283837726668
0.2395671749375888 2.659576728678432
0.25069532791071736 2.6424113961654476
0.2542536101713721 2.6367037786537395
0.2506953279107228 2.6424113961654574
0.23956717493760668 2.659576728678444
0.21997761588433792 2.6882838377266887
0.19199495807818434 2.7285470388191757
0.15790409860247404 2.780227451326
0.12127951094416406 2.843089439374588
0.08569464400442224 2.9168246523683647
0.05530843645562014 3.000876475553522
0.03333186225372474 3.0944303713149974
0.019259077512625893 3.1966003920335098
0.01049255815168157 3.3065867363258974
0.005218519631461973 3.4236874109460085
0.0021452722965359084 3.547308112876968
0.000514007901749099 3.6770217097484323
4.255879819672956e-05 3.8126517134650917
1.0080626867705021e-05 3.954488025565857
1.0000000415885387e-05 4.103917471653805
1e-05 4.2633345938503675
1e-05 4.43439207437865
1e-05 4.617592753285323
1e-05 4.812996721674776
1e-05 5.020577909514684
1e-05 5.240301094408902
1e-05 5.4721363348746435
1e-05 5.716065810272879
1e-05 5.567759294686401
1e-05 5.32396154148829
1e-05 5.0925229609591485
1e-05 4.87347796657254
1e-05 4.666885901649262
1e-05 4.472821531059965
1e-05 4.291323206596271
1.000000003241819e-05 4.12207188032854
1.0036846343769793e-05 3.963466146745684
4.255879819628547e-05 3.8126517134649296
0.0006188471711462576 3.6677572185118734
0.002640870812970425 3.5283080086169267
0.006414047730340339 3.394434876978514
0.0130383168152353 3.266591520854203
0.02449935929839297 3.1454421059266187
0.044381156226112176 3.03183805795441
0.07624475613502725 2.926858728972198
0.1185443935251813 2.831659456895874
0.16521092631761217 2.747088417499128
0.21037917894325697 2.6735524293058477
0.2506216200113542 2.611213062154043
0.28446701968054655 2.5601476152843796
0.3110749562582879 2.5204157423546953
0.3299251814301762 2.492054397612263
0.34101967107170916 2.4750580806159705
0.34466233847496813 2.4693977694737437
0.3410196710716972 2.4750580806159777
0.3299251814301882 2.4920543976122786
0.3110749562582866 2.5204157423547215
0.28446701968055754 2.5601476152844147
0.2506216200113744 2.611213062154091
0.2103791789432694 2.673552429305909
0.1652109263175995 2.747088417499206
0.11854439352511124 2.8316594568959736
0.07624475613498462 2.9268587289723214
0.04438115622605967 3.0318380579545448
0.024499359298338567 3.145442105926767
0.013038316815216094 3.266591520854359
0.006414047730353329 3.394434876978677
0.002640870812981527 3.528308008617089
0.0006188471711493661 3.6677572185120453
4.255879819672956e-05 3.812651713465103
1.0036846343769793e-05 3.963466146745863
1.000000003241819e-05 4.122071880328718
1e-05 4.291323206596445
1e-05 4.472821531060127
1e-05 4.6668859016494135
1e-05 4.873477966572691
1e-05 5.092522960959294
1e-05 5.323961541488421
1e-05 5.567759294686532
1e-05 5.429596742463854
1e-05 5.185937286653996
1e-05 4.954917166859046
1e-05 4.736590530335717
1e-05 4.531053425764951
1e-05 4.338418151187143
1.0000000000222044e-05 4.158607123105518
1.0002705267824056e-05 3.9904225037301915
2.4661022795709845e-05 3.8307763856686767
0.0005140079017473227 3.677021709748269
0.0026408708129619877 3.5283080086169205
0.006834780263094935 3.384629165863108
0.014464330687165022 3.246415832533254
0.028331991352484757 3.1143918624282887
0.054060985204649706 2.9895840315565967
0.09583944630617464 2.873413777163258
0.14895997725729687 2.767296478148782
0.20434192023751374 2.672035593417365
0.2559574961916373 2.5879022634551534
0.301579532472498 2.51496139744975
0.3405788643571024 2.453227194055716
0.37271142339112134 2.402709319911329
0.3977879087012403 2.3634195305892542
0.41566704304625846 2.3353645585328002
0.4263356170516994 2.318539524219663
0.4298753056134813 2.312933104909396
0.426335617051704 2.3185395242196725
0.4156670430462661 2.3353645585328175
0.3977879087012433 2.363419530589281
0.37271142339110236 2.402709319911365
0.3405788643570613 2.45322719405577
0.30157953247247427 2.5149613974498175
0.25595749619159347 2.5879022634552378
0.20434192023742304 2.6720355934174704
0.1489599772572014 2.767296478148905
0.09583944630608937 2.8734137771633934
0.05406098520456566 2.9895840315567455
0.028331991352442572 3.1143918624284495
0.014464330687152365 3.2464158325334234
0.0068347802631411195 3.384629165863283
0.0026408708129830815 3.5283080086171013
0.0005140079017502093 3.677021709748457
2.466102279593189e-05 3.830776385668875
1.0002705267824056e-05 3.9904225037303864
1.0000000000222044e-05 4.158607123105708
1e-05 4.338418151187325
1e-05 4.531053425765122
1e-05 4.736590530335884
1e-05 4.954917166859209
1e-05 5.185937286654151
1e-05 5.429596742464002
1e-05 5.301417630303282
1e-05 5.057898139713638
1e-05 4.827305154239722
1e-05 4.609713343073743
1e-05 4.4052594468461805
1e-05 4.214046085897247
1.0000014950557833e-05 4.035509650762048
1.2024140417479915e-05 3.8669206786581145
0.00027360092123426984 3.704708257853455
0.0021452722965201432 3.5473081128768027
0.006414047730332346 3.394434876978505
0.01446433068717668 3.2464158325332484
0.029765019841309172 3.1039792017205423
0.05982239742877274 2.968297869758494
0.10965249819212855 2.8411491096379495
0.17154634757816647 2.7242120132787933
0.2339695152110608 2.6182738468642657
0.2912978927587891 2.5235262053908234
0.34216710172234727 2.439978888534651
0.38637139951444044 2.3676092305490055
0.4238785069953147 2.3063971693335525
0.4546428118034316 2.2563301819672668
0.4786020645007457 2.2174009339594294
0.4957088350265799 2.1896032198413584
0.5059562425868261 2.1729295375233972
0.5093671637971958 2.1673726672160485
0.505956242586825 2.1729295375234066
0.49570883502657415 2.189603219841378
0.47860206450074705 2.21740093395946
0.4546428118034389 2.2563301819673067
0.42387850699526464 2.306397169333604
0.3863713995143794 2.3676092305490744
0.3421671017222729 2.439978888534737
0.29129789275866064 2.5235262053909224
0.23396951521094844 2.6182738468643856
0.17154634757809675 2.7242120132789243
0.10965249819204217 2.841149109638099
0.0598223974287109 2.9682978697586555
0.02976501984126321 3.1039792017207155
0.01446433068715614 3.2464158325334362
0.006414047730358658 3.3944348769787034
0.0021452722965370186 3.547308112877006
0.00027360092123538006 3.7047082578536665
1.2024140417479915e-05 3.866920678658329
1.0000014950557833e-05 4.035509650762257
1e-05 4.214046085897452
1e-05 4.405259446846374
1e-05 4.609713343073932
1e-05 4.827305154239902
1e-05 5.057898139713814
1e-05 5.301417630303457
1e-05 5.183060757755241
1e-05 4.939676346824578
1e-05 4.709502176932654
1e-05 4.492629510397196
1e-05 4.289227907720128
1.0000000002442468e-05 4.09924273878994
1.0033757896292632e-05 3.9210136540321563
7.436071297914666e-05 3.7505447589386676
0.001288659619269382 3.585036231683791
0.005218519631454201 3.4236874109458406
0.013038316815238853 3.2665915208541945
0.028331991352454563 3.114391862428282
0.05982239742877074 2.9682978697584876
0.11461091470095833 2.830364710710095
0.18340853296700793 2.7026239128040777
0.2521931737461684 2.5859630637407753
0.3152341864155605 2.4805495271322577
0.3715650362522597 2.3863610827669137
0.42116924527382216 2.3033501630307804
0.46411452981268675 2.231474971541659
0.5004416351653947 2.1707031996948523
0.5301627060269648 2.121010925419104
0.553274190802057 2.0823804887348554
0.5697724413049544 2.0547983283430264
0.579663150307447 2.0382538793688636
0.5829580434944727 2.0327399327268503
0.5796631503074426 2.038253879368874
0.5697724413049381 2.054798328343046
0.5532741908020303 2.0823804887348856
0.5301627060269408 2.1210109254191467
0.5004416351653592 2.170703199694905
0.46411452981262646 2.231474971541727
0.42116924527376043 2.303350163030862
0.3715650362521572 2.3863610827670074
0.3152341864154233 2.480549527132373
0.25219317374603706 2.5859630637409103
0.18340853296690846 2.7026239128042295
0.11461091470088439 2.8303647107102616
0.059822397428693025 2.96829786975867
0.028331991352426363 3.114391862428479
0.013038316815222977 3.266591520854401
0.005218519631465525 3.42368741094606
0.0012886596192771534 3.585036231684015
7.436071297981279e-05 3.7505447589389
1.0033757896292632e-05 3.9210136540323894
1.0000000002442468e-05 4.099242738790167
1e-05 4.289227907720347
1e-05 4.492629510397392
1e-05 4.709502176932851
1e-05 4.939676346824773
1e-05 5.18306075775544
1e-05 5.074374498049706
1e-05 4.831112152096738
1e-05 4.601326624486331
1e-05 4.385115241497419
1e-05 4.182640484828388
1.0000015014061955e-05 3.993409830008456
1.3243217347573823e-05 3.8142727533281775
0.000446793504007752 3.6410406967585978
0.0034552588669680894 3.4719320918985255
0.01049255815169467 3.3065867363257326
0.02449935929834434 3.145442105926601
0.054060985204633275 2.989584031556581
0.10965249819214931 2.8411491096379407
0.18340853296701304 2.7026239128040737
0.2583297298487637 2.575184153726036
0.32730668016352743 2.4590436065741623
0.3893611572333133 2.3541671463081357
0.44457455428799597 2.2604889936059167
0.493084201349523 2.177950029471907
0.5349933348852512 2.1065015770443365
0.5703732206465005 2.046104615141078
0.5992704386849438 1.9967284326304813
0.6217149349640442 1.9583491845334933
0.637728139494838 1.9309487081552255
0.6473273495073605 1.9145138553025791
0.6505254563220869 1.909036497318104
0.6473273495073492 1.9145138553025889
0.637728139494822 1.9309487081552437
0.6217149349640184 1.9583491845335226
0.5992704386849103 1.9967284326305217
0.5703732206464504 2.046104615141129
0.5349933348851824 2.1065015770444027
0.4930842013494591 2.177950029471988
0.4445745542879216 2.260488993606008
0.3893611572332022 2.354167146308247
0.32730668016338577 2.459043606574285
0.2583297298485653 2.575184153726182
0.18340853296687715 2.702623912804243
0.10965249819200454 2.8411491096381263
0.05406098520453324 2.989584031556787
0.024499359298323913 3.1454421059268216
0.010492558151675463 3.306586736325964
0.003455258866972974 3.471932091898768
0.0004467935040119708 3.6410406967588465
1.3243217347573823e-05 3.8142727533284284
1.0000015014061955e-05 3.993409830008701
1e-05 4.182640484828627
1e-05 4.385115241497642
1e-05 4.601326624486546
1e-05 4.83111215209696
1e-05 5.074374498049923
1e-05 4.975227547546311
1e-05 4.7320648857328305
1e-05 4.502610458220635
1e-05 4.28695337286406
1e-05 4.085155460391497
1.0006035142429947e-05 3.8959090047085994
5.528229820492796e-05 3.7149004476790988
0.0014715866361194954 3.5385658712088817
0.007182074862265494 3.3657825582910594
0.01925907751263533 3.19660039203335
0.044381156226099186 3.0318380579543844
0.09583944630620994 2.8734137771632375
0.17154634757818712 2.724212013278779
0.25219317374617506 2.5859630637407687
0.32730668016351533 2.4590436065741574
0.3953200383864053 2.3434319015828824
0.45633950275522794 2.239051689922805
0.5105570648861587 2.145830808011753
0.5581267270029411 2.063707386840001
0.5991673934867396 1.9926296260989227
0.633769149056019 1.9325547649796104
0.6619990353252163 1.8834481044132527
0.6839066389226098 1.8452821020819743
0.6995284584541355 1.818035697124003
0.7088906745563923 1.8016938870260837
0.7120095378666724 1.7962476286405615
0.7088906745563849 1.8016938870260926
0.6995284584541219 1.8180356971240212
0.6839066389225843 1.8452821020820027
0.6619990353251797 1.8834481044132918
0.6337691490559775 1.932554764979659
0.5991673934866718 1.9926296260989849
0.558126727002857 2.0637073868400764
0.5105570648860754 2.145830808011844
0.45633950275511903 2.2390516899229094
0.39532003838629837 2.3434319015830036
0.3273066801633751 2.459043606574296
0.25219317374600053 2.5859630637409308
0.17154634757801215 2.724212013278961
0.09583944630602853 2.873413777163447
0.04438115622603058 3.031838057954614
0.019259077512606908 3.1966003920335937
0.007182074862248064 3.3657825582913152
0.0014715866361246022 3.5385658712091472
5.5282298205594085e-05 3.7149004476793652
1.0006035142429947e-05 3.895909004708867
1e-05 4.085155460391747
1e-05 4.286953372864297
1e-05 4.502610458220867
1e-05 4.7320648857330605
1e-05 4.975227547546543
1e-05 4.885517428831769
1e-05 4.642422002981427
1e-05 4.413207384857731
1e-05 4.197945263714593
1.0000000051291791e-05 3.996474127884135
1.0281118842294928e-05 3.806368259185597
0.00024225314094783814 3.6229077125927605
0.0035638235738357695 3.443402749490974
0.013310202717371877 3.267096749027066
0.033331862253747166 3.0944303713148433
0.07624475613507788 2.9268587289721664
0.14895997725731774 2.7672964781487606
0.23396951521106757 2.6182738468642457
0.3152341864155697 2.480549527132246
0.38936115723331144 2.354167146308126
0.4563395027552418 2.239051689922801
0.5163966501302383 2.1351236166779106
0.5697236016929441 2.0423119966673187
0.6164756600677087 1.9605553339414652
0.6567777252766795 1.8898009575440324
0.6907294372853179 1.830004430890396
0.7184091866884982 1.7811289797554657
0.7398775980199785 1.7431450324288635
0.7551801314182235 1.7160298232978466
0.7643488250707736 1.6997671705835788
0.7674029053934487 1.6943473645936868
0.7643488250707684 1.6997671705835873
0.7551801314182102 1.716029823297864
0.7398775980199577 1.7431450324288902
0.7184091866884649 1.781128979755501
0.6907294372852786 1.8300044308904428
0.6567777252766253 1.8898009575440906
0.6164756600676383 1.960555333941536
0.5697236016928588 2.042311996667403
0.5163966501301441 2.13512361667801
0.4563395027551004 2.2390516899229174
0.3893611572331681 2.3541671463082654
0.3152341864153874 2.4805495271324043
0.23396951521087062 2.6182738468644313
0.1489599772570937 2.7672964781489715
0.07624475613491334 2.926858728972408
0.03333186225368499 3.094430371315101
0.013310202717352448 3.2670967490273366
0.003563823573827332 3.443402749491252
0.00024225314094983655 3.622907712593048
1.0281118842294928e-05 3.8063682591858807
1.0000000051291791e-05 3.9964741278844076
1e-05 4.197945263714846
1e-05 4.413207384857976
1e-05 4.642422002981665
1e-05 4.885517428832005
1e-05 4.805175955554738
1e-05 4.562106102751485
1e-05 4.332999476702492
1e-05 4.117904046355925
1.000000838720699e-05 3.916338057643789
1.3208914806291833e-05 3.7247781426135087
0.0007031048022134202 3.538624163487722
0.007277348997563909 3.355954858692986
0.022938882860072132 3.176435047487518
0.05530843645567243 3.0008764755533797
0.11854439352520717 2.8316594568958324
0.20434192023753772 2.6720355934173354
0.2912978927588265 2.5235262053907994
0.3715650362522601 2.386361082766898
0.44457455428800785 2.2604889936059025
0.5105570648861658 2.1458308080117465
0.569723601692941 2.0423119966673142
0.6222506381027443 1.9498655842819488
0.6682862513383274 1.8684321946485898
0.7079543305349608 1.7979598960116614
0.741357298287443 1.7384040639575096
0.7685784805024426 1.6897272269408465
0.7896838854500086 1.6518989133062913
0.8047237758716922 1.6248955170670787
0.8137335891427763 1.6087002087973223
0.8167345151956562 1.6033028943796637
0.8137335891427699 1.6087002087973306
0.8047237758716786 1.6248955170670956
0.789683885449987 1.6518989133063169
0.7685784805024181 1.689727226940881
0.7413572982874015 1.7384040639575546
0.7079543305349102 1.7979598960117171
0.6682862513382634 1.8684321946486568
0.6222506381026666 1.9498655842820303
0.5697236016928517 2.0423119966674097
0.5105570648860496 2.1458308080118575
0.4445745542878662 2.260488993606034
0.37156503625208503 2.3863610827670465
0.29129789275856294 2.523526205390978
0.2043419202372696 2.672035593417546
0.11854439352496791 2.8316594568960745
0.05530843645551267 3.0008764755536452
0.022938882859993195 3.1764350474878
0.007277348997552585 3.35595485869328
0.0007031048022158627 3.5386241634880222
1.3208914806513876e-05 3.724778142613811
1.000000838720699e-05 3.9163380576440785
1e-05 4.117904046356196
1e-05 4.332999476702741
1e-05 4.562106102751731
1e-05 4.805175955554977
1e-05 4.734171128214495
1e-05 4.491080261123324
1e-05 4.261914448653179
1e-05 4.046673716135738
1.0000275654740254e-05 3.8445000937635463
2.6677164575932826e-05 3.6511938126348866
0.0016545576264670276 3.4624649263284035
0.012811841469234976 3.2768160981512318
0.03689153397234724 3.094452494704786
0.0856946440044943 2.9168246523682297
0.16521092631768067 2.7470884174990777
0.2559574961917207 2.5879022634551134
0.342167101722385 2.4399788885346254
0.4211692452738234 2.3033501630307573
0.4930842013495468 2.1779500294718903
0.5581267270029424 2.0637073868399884
0.6164756600677131 1.9605553339414568
0.6682862513383286 1.8684321946485853
0.7136941149137854 1.7872818855140042
0.7528168999884871 1.7170543246094674
0.7857550253699481 1.6577057317626813
0.8125922651878503 1.609198865856566
0.8333963120442128 1.5715031398865313
0.8482193287277476 1.5445947042345631
0.8570983628941551 1.5284564829988678
0.8600555798815323 1.5230782176511402
0.8570983628941482 1.5284564829988756
0.8482193287277342 1.5445947042345782
0.8333963120441928 1.5715031398865547
0.8125922651878205 1.609198865856599
0.7857550253699087 1.6577057317627224
0.7528168999884357 1.7170543246095182
0.713694114913718 1.787281885514068
0.6682862513382563 1.868432194648662
0.6164756600676184 1.9605553339415471
0.5581267270028257 2.0637073868400955
0.49308420134940334 2.177950029472017
0.42116924527367117 2.3033501630309043
0.3421671017221614 2.4399788885347955
0.25595749619139274 2.5879022634553155
0.16521092631737858 2.747088417499316
0.08569464400425238 2.9168246523684953
0.03689153397216684 3.0944524947050773
0.012811841469149822 3.27681609815154
0.0016545576264668056 3.462464926328723
2.667716457637691e-05 3.6511938126352037
1.0000275654740254e-05 3.8445000937638523
1e-05 4.046673716136021
1e-05 4.261914448653438
1e-05 4.491080261123569
1e-05 4.734171128214742
1e-05 4.6725051186399975
1e-05 4.42935033564074
1e-05 4.199958101569395
1e-05 3.9842310298592314
1.0002242354971105e-05 3.780896491035431
6.27243621747556e-05 3.5856413124606745
0.00385498971148329 3.3946179551587417
0.020991176123657265 3.2064857869963603
0.05581546412380058 3.0218652442768557
0.12127951094422146 2.843089439374461
0.2103791789433872 2.67355242930579
0.30157953247257774 2.5149613974497105
0.38637139951444155 2.367609230548972
0.46411452981271417 2.2314749715416315
0.5349933348852661 2.1065015770443165
0.5991673934867447 1.992629626098906
0.6567777252766854 1.8898009575440202
0.7079543305349681 1.7979598960116527
0.7528168999884911 1.7170543246094634
0.7914735833048376 1.6470366642615368
0.8240196509479557 1.58786463641302
0.850536460171023 1.5395018109487466
0.8710909575290398 1.5019179902744644
0.8857353526474027 1.4750894672594965
0.894507025411077 1.4589992000512138
0.897428417214866 1.4536369205715836
0.8945070254110719 1.4589992000512206
0.8857353526473911 1.4750894672595107
0.8710909575290229 1.5019179902744868
0.8505364601709984 1.539501810948776
0.8240196509479222 1.5878646364130575
0.7914735833047934 1.647036664261585
0.752816899988429 1.7170543246095213
0.707954330534888 1.797959896011725
0.6567777252765984 1.8898009575441048
0.5991673934866291 1.992629626099007
0.5349933348851219 2.106501577044435
0.4641145298125481 2.231474971541772
0.3863713995142686 2.367609230549134
0.3015795324723043 2.5149613974498957
0.21037917894302183 2.6735524293060138
0.12127951094389239 2.8430894393747224
0.055815464123550124 3.021865244277149
0.02099117612353492 3.2064857869966756
0.003854989711469745 3.3946179551590645
6.272436217542172e-05 3.5856413124609987
1.0002242354971105e-05 3.780896491035742
1e-05 3.984231029859522
1e-05 4.1999581015696545
1e-05 4.429350335640997
1e-05 4.672505118640254
1e-05 4.620209413129331
1e-05 4.37696233042901
1e-05 4.147232820506109
1e-05 3.9307820309216255
1.0006271052471548e-05 3.725888436939727
0.00011669258727357946 3.5284760166579257
0.008398091483560235 3.33530838702006
0.03352446501530525 3.145273565281915
0.08021835480713124 2.9592650962960723
0.15790409860255897 2.7802274513258767
0.2506216200114844 2.611213062153979
0.3405788643571471 2.453227194055667
0.423878506995343 2.3063971693335095
0.5004416351654318 2.1707031996948185
0.5703732206465214 2.0461046151410502
0.6337691490560388 1.9325547649795893
0.6907294372853295 1.8300044308903798
0.7413572982874486 1.7384040639574978
0.7857550253699516 1.6577057317626727
0.8240196509479593 1.5878646364130162
0.8562396081042865 1.5288403012585787
0.8824923006053594 1.4805974130520616
0.9028425209044043 1.4431064428832159
0.9173414244992806 1.4163440565715062
0.9260259147405704 1.400293411395767
0.9289182627531508 1.3949443298036432
0.9260259147405638 1.4002934113957737
0.9173414244992701 1.416344056571519
0.9028425209043862 1.443106442883236
0.8824923006053396 1.480597413052089
0.8562396081042581 1.5288403012586145
0.8240196509479173 1.5878646364130593
0.7857550253699025 1.6577057317627275
0.7413572982873837 1.7384040639575626
0.6907294372852436 1.830004430890458
0.6337691490559301 1.9325547649796824
0.5703732206463797 2.046104615141162
0.5004416351652717 2.1707031996949513
0.42387850699515695 2.3063971693336645
0.3405788643568868 2.453227194055848
0.25062162001115756 2.611213062154196
0.15790409860218915 2.7802274513261303
0.08021835480681572 2.9592650962963636
0.0335244650151224 3.14527356528223
0.008398091483519934 3.3353083870203877
0.0001166925872753558 3.5284760166582503
1.0006271052471548e-05 3.725888436940037
1e-05 3.93078203092191
1e-05 4.147232820506373
1e-05 4.376962330429258
1e-05 4.620209413129571
1e-05 4.577335012204657
1e-05 4.333989016038328
1e-05 4.103906152217549
1.0000000000444085e-05 3.8867068444477244
1.001032396302789e-05 3.68023077899035
0.000166539052550156 3.480650025774427
0.01478750679421082 3.28540326914096
0.049843526009467246 3.093861116695438
0.10790999511036307 2.907245477231633
0.19199495807828137 2.728547038819065
0.2844670196806508 2.5601476152843103
0.37271142339118996 2.4027093199112715
0.45464281180349864 2.2563301819672197
0.5301627060270093 2.1210109254190668
0.5992704386849744 1.9967284326304506
0.6619990353252379 1.8834481044132276
0.71840918668851 1.781128979755445
0.768578480502449 1.6897272269408299
0.8125922651878589 1.6091988658565537
0.8505364601710276 1.5395018109487393
0.8824923006053607 1.4805974130520576
0.9085326725959256 1.4324515604687629
0.9287196286359919 1.3950354893631882
0.943102740444033 1.3683263383209963
0.9517180360917539 1.3523075399160853
0.9545873625056382 1.3469690595403143
0.9517180360917491 1.3523075399160904
0.9431027404440248 1.3683263383210078
0.9287196286359758 1.3950354893632058
0.9085326725959049 1.432451560468789
0.8824923006053371 1.4805974130520894
0.8505364601709916 1.5395018109487788
0.8125922651878079 1.6091988658566043
0.7685784805023935 1.689727226940891
0.7184091866884333 1.7811289797555176
0.6619990353251402 1.883448104413315
0.5992704386848442 1.9967284326305532
0.5301627060268423 2.12101092541919
0.4546428118033202 2.2563301819673645
0.37271142339094504 2.4027093199114407
0.2844670196803223 2.560147615284512
0.19199495807789613 2.7285470388193023
0.1079099951099816 2.907245477231911
0.049843526009242536 3.0938611166957446
0.014787506794131882 3.2854032691412764
0.0001665390525512662 3.480650025774742
1.001032396302789e-05 3.68023077899065
1.0000000000444085e-05 3.8867068444479935
1e-05 4.103906152217799
1e-05 4.333989016038568
1e-05 4.577335012204891
1e-05 4.543937828902675
1e-05 4.3005071691576875
1e-05 4.070138634253875
1.0000000001998382e-05 3.852358784096441
1.0016890479862044e-05 3.64465226273091
0.00021933925594807562 3.4432984225028753
0.020701919996073508 3.246227716087325
0.06551922985934795 3.0534199740245858
0.13296119869185705 2.8665307409378853
0.2199776158844506 2.6882838377265816
0.31107495625837794 2.5204157423546283
0.3977879087012856 2.363419530589193
0.478602064500817 2.2174009339593783
0.5532741908021062 2.082380488734814
0.6217149349640708 1.9583491845334595
0.6839066389226243 1.8452821020819457
0.7398775980199893 1.7431450324288387
0.7896838854500212 1.651898913306271
0.8333963120442226 1.5715031398865147
0.8710909575290481 1.5019179902744522
0.902842520904408 1.4431064428832074
0.9287196286359941 1.3950354893631838
0.9487816256811159 1.3576770961503069
0.9630764126165628 1.3310088699655054
0.9716390462034018 1.3150145265060056
0.9744908693421881 1.3096841821465215
0.9716390462033995 1.315014526506011
0.9630764126165556 1.3310088699655165
0.9487816256811052 1.3576770961503233
0.9287196286359746 1.3950354893632058
0.9028425209043821 1.4431064428832372
0.8710909575290161 1.5019179902744897
0.8333963120441817 1.5715031398865602
0.7896838854499659 1.6518989133063258
0.7398775980199235 1.7431450324289048
0.6839066389225433 1.8452821020820238
0.6217149349639718 1.9583491845335512
0.5532741908019425 2.0823804887349224
0.4786020645006225 2.2174009339595133
0.39778790870111386 2.3634195305893493
0.31107495625809395 2.520415742354807
0.21997761588407858 2.6882838377267992
0.13296119869153097 2.8665307409381375
0.06551922985910814 3.0534199740248633
0.020701919995980582 3.2462277160876156
0.0002193392559496299 3.443298422503162
1.0016890479862044e-05 3.644652262731186
1.0000000001998382e-05 3.8523587840966993
1e-05 4.070138634254114
1e-05 4.300507169157915
1e-05 4.543937828902898
1e-05 4.520062541135426
1e-05 4.276573394302441
1e-05 4.046021739919994
1.0000000007105357e-05 3.8278947397188237
1.003045289765018e-05 3.6194296493314293
0.0002935881265213997 3.4169179707581003
0.024608097970340928 3.218540054882329
0.07621866798670342 3.024732470954023
0.15040853764803497 2.8375684420849576
0.2395671749377025 2.6595767286783447
0.32992518143024924 2.4920543976121863
0.41566704304633917 2.335364558532733
0.495708835026651 2.1896032198413033
0.5697724413049946 2.054798328342981
0.6377281394948594 1.930948708155185
0.6995284584541563 1.8180356971239677
0.7551801314182495 1.7160298232978166
0.8047237758717093 1.6248955170670554
0.8482193287277568 1.544594704234543
0.8857353526474108 1.475089467259481
0.9173414244992848 1.4163440565714942
0.9431027404440379 1.368326338320988
0.9630764126165644 1.3310088699655014
0.9773089282242219 1.3043696432963017
0.9858344964470409 1.2883926140963022
0.9886740108074711 1.2830680272497106
0.9858344964470377 1.2883926140963073
0.9773089282242151 1.3043696432963117
0.963076412616555 1.3310088699655163
0.9431027404440236 1.3683263383210078
0.9173414244992657 1.4163440565715197
0.8857353526473833 1.4750894672595134
0.8482193287277228 1.5445947042345831
0.804723775871664 1.6248955170671036
0.755180131418182 1.7160298232978757
0.6995284584540769 1.8180356971240406
0.6377281394947778 1.9309487081552703
0.569772441304868 2.0547983283430797
0.4957088350264657 2.1896032198414246
0.41566704304615976 2.335364558532879
0.3299251814300241 2.4920543976123524
0.23956717493740787 2.6595767286785414
0.15040853764774564 2.8375684420851828
0.07621866798648481 3.0247324709542744
0.024608097970266432 3.2185400548825918
0.00029358812652206584 3.4169179707583615
1.003045289765018e-05 3.6194296493316847
1.0000000007105357e-05 3.827894739719062
1e-05 4.04602173992022
1e-05 4.276573394302657
1e-05 4.5200625411356405
1e-05 4.505733031386108
1e-05 4.262212298149852
1e-05 4.031569153602172
1.0000000016209094e-05 3.8132826857779527
1.0049069900046842e-05 3.6044404139465414
0.0003687904147480963 3.401316394078207
0.02653939868942874 3.202197054986597
0.08158918021749241 3.0077532859411913
0.15978752551036293 2.8203326786005882
0.250695327910821 2.6424113961653575
0.34101967107179776 2.475058080615891
0.42633561705175627 2.3185395242195956
0.505956242586875 2.172929537523334
0.5796631503075091 2.0382538793688116
0.6473273495073939 1.9145138553025352
0.7088906745564112 1.8016938870260446
0.764348825070793 1.6997671705835438
0.8137335891427926 1.6087002087972921
0.8570983628941677 1.528456482998842
0.894507025411087 1.458999200051192
0.9260259147405812 1.4002934113957497
0.9517180360917594 1.3523075399160729
0.9716390462034058 1.315014526505996
0.9858344964470439 1.288392614096298
0.9943380262874755 1.2724259170926948
0.9971702264580304 1.2671047648817166
0.9943380262874728 1.272425917092699
0.9858344964470378 1.2883926140963065
0.9716390462033986 1.3150145265060098
0.9517180360917477 1.3523075399160895
0.9260259147405606 1.4002934113957735
0.8945070254110661 1.458999200051222
0.8570983628941361 1.5284564829988787
0.8137335891427553 1.6087002087973374
0.7643488250707514 1.6997671705835964
0.7088906745563506 1.8016938870261066
0.6473273495073079 1.9145138553026095
0.579663150307379 2.0382538793689013
0.5059562425867421 2.172929537523446
0.4263356170516148 2.3185395242197218
0.341019671071611 2.47505808061604
0.25069532791058513 2.642411396165528
0.1597875255100897 2.820332678600787
0.08158918021730345 3.0077532859414142
0.02653939868936712 3.202197054986831
0.0003687904147487624 3.401316394078442
1.0049069900046842e-05 3.604440413946771
1.0000000016209094e-05 3.813282685778175
1e-05 4.0315691536023825
1e-05 4.262212298150059
1e-05 4.505733031386316
1e-05 4.500956319194161
1e-05 4.257425983948629
1e-05 4.026756548337127
1.0000000021982196e-05 3.80842721264859
1.0058744825302396e-05 3.599474247200228
0.00040141210802473203 3.39616201208145
0.027094011630249975 3.196806029184082
0.08313609342799218 3.0021453989608546
0.16265335269788517 2.814619897300466
0.2542536101714398 2.6367037786536414
0.34466233847507827 2.469397769473657
0.42987530561356213 2.312933104909323
0.5093671637972456 2.167372667215983
0.5829580434945094 2.032739932726792
0.6505254563221189 1.9090364973180507
0.7120095378667047 1.7962476286405145
0.7674029053934744 1.6943473645936453
0.8167345151956813 1.6033028943796275
0.8600555798815515 1.52307821765111
0.89742841721488 1.4536369205715576
0.9289182627531609 1.3949443298036222
0.9545873625056459 1.346969059540296
0.9744908693421963 1.3096841821465077
0.9886740108074756 1.283068027249702
0.9971702264580327 1.267104764881712
1.0 1.2617847541852465
0.997170226458031 1.2671047648817153
0.9886740108074716 1.2830680272497086
0.9744908693421892 1.309684182146519
0.9545873625056377 1.3469690595403114
0.9289182627531467 1.3949443298036412
0.897428417214861 1.4536369205715831
0.8600555798815274 1.5230782176511413
0.8167345151956454 1.6033028943796663
0.7674029053934276 1.6943473645936933
0.7120095378666453 1.7962476286405726
0.6505254563220518 1.9090364973181202
0.5829580434944216 2.0327399327268734
0.5093671637971408 2.16737266721608
0.42987530561341025 2.312933104909435
0.3446623384748867 2.469397769473794
0.2542536101712896 2.636703778653799
0.16265335269769576 2.8146198973006396
0.0831360934278191 3.002145398961052
0.02709401163018225 3.196806029184289
0.0004014121080231778 3.396162012081662
1.0058744825302396e-05 3.5994742472004395
1.0000000021982196e-05 3.8084272126487937
1e-05 4.026756548337318
1e-05 4.25742598394882
1e-05 4.500956319194354
1e-05 4.505733031386106
1e-05 4.26221229814985
1e-05 4.031569153602173
1.0000000016209094e-05 3.8132826857779527
1.0049069900046842e-05 3.6044404139465427
0.00036879041474676403 3.401316394078207
0.026539398689425852 3.202197054986596
0.08158918021748963 3.00775328594119
0.15978752551036005 2.8203326786005865
0.25069532791081467 2.642411396165356
0.3410196710717964 2.475058080615888
0.42633561705176737 2.318539524219593
0.5059562425868763 2.1729295375233324
0.5796631503075028 2.0382538793688085
0.6473273495073938 1.9145138553025314
0.7088906745564139 1.8016938870260408
0.7643488250707938 1.6997671705835398
0.8137335891427958 1.6087002087972881
0.8570983628941704 1.5284564829988385
0.8945070254110874 1.4589992000511882
0.9260259147405819 1.4002934113957453
0.9517180360917611 1.3523075399160682
0.9716390462034075 1.315014526505991
0.9858344964470468 1.2883926140962927
0.994338026287478 1.2724259170926893
0.9971702264580338 1.2671047648817104
0.9943380262874768 1.2724259170926917
0.9858344964470429 1.2883926140962985
0.9716390462034034 1.3150145265060007
0.9517180360917545 1.3523075399160809
0.9260259147405698 1.4002934113957628
0.8945070254110747 1.4589992000512106
0.8570983628941483 1.528456482998866
0.8137335891427698 1.6087002087973232
0.7643488250707673 1.6997671705835806
0.7088906745563699 1.801693887026089
0.6473273495073305 1.9145138553025902
0.5796631503074099 2.03825387936888
0.5059562425867826 2.1729295375234208
0.426335617051653 2.3185395242196933
0.3410196710716582 2.4750580806160083
0.25069532791063953 2.6424113961654925
0.15978752551016298 2.8203326786007477
0.08158918021736174 3.0077532859413685
0.026539398689373116 3.2021970549867858
0.0003687904147480963 3.4013163940783984
1.0049069900046842e-05 3.604440413946731
1.0000000016209094e-05 3.8132826857781366
1e-05 4.031569153602351
1e-05 4.262212298150029
1e-05 4.505733031386287
1e-05 4.520062541135423
1e-05 4.2765733943024395
1e-05 4.046021739919995
1.0000000007105357e-05 3.827894739718824
1.003045289765018e-05 3.6194296493314306
0.00029358812652206584 3.4169179707581026
0.024608097970334378 3.218540054882332
0.07621866798666833 3.024732470954025
0.15040853764800843 2.837568442084954
0.23956717493769616 2.6595767286783403
0.32992518143024946 2.4920543976121796
0.4156670430463315 2.3353645585327283
0.4957088350266493 2.1896032198412945
0.5697724413050057 2.0547983283429745
0.6377281394948626 1.9309487081551775
0.6995284584541621 1.8180356971239608
0.7551801314182508 1.7160298232978095
0.8047237758717128 1.624895517067048
0.8482193287277591 1.5445947042345356
0.8857353526474144 1.4750894672594732
0.9173414244992857 1.416344056571486
0.9431027404440417 1.3683263383209787
0.9630764126165686 1.3310088699654923
0.9773089282242253 1.304369643296291
0.9858344964470476 1.288392614096291
0.9886740108074781 1.283068027249698
0.9858344964470463 1.2883926140962936
0.977308928224225 1.3043696432962961
0.9630764126165662 1.331008869965499
0.9431027404440367 1.3683263383209894
0.9173414244992825 1.416344056571499
0.8857353526474022 1.4750894672594903
0.8482193287277461 1.5445947042345582
0.8047237758716922 1.6248955170670754
0.7551801314182166 1.716029823297845
0.6995284584541221 1.8180356971240041
0.6377281394948158 1.9309487081552308
0.5697724413049279 2.0547983283430367
0.4957088350265524 2.189603219841374
0.41566704304623303 2.335364558532821
0.32992518143012456 2.492054397612289
0.23956717493753518 2.6595767286784673
0.15040853764785778 2.8375684420851015
0.07621866798658429 3.024732470954186
0.02460809797029752 3.218540054882501
0.00029358812652117766 3.416917970758276
1.003045289765018e-05 3.6194296493316047
1.0000000007105357e-05 3.8278947397189906
1e-05 4.046021739920154
1e-05 4.276573394302599
1e-05 4.520062541135584
1e-05 4.543937828902675
1e-05 4.3005071691576875
1e-05 4.070138634253873
1.0000000001998382e-05 3.8523587840964404
1.0016890479862044e-05 3.6446522627309115
0.0002193392559485197 3.4432984225028735
0.02070191999606385 3.246227716087327
0.06551922985932197 3.0534199740245818
0.13296119869183773 2.8665307409378804
0.21997761588444117 2.688283837726571
0.31107495625838993 2.5204157423546185
0.39778790870130026 2.3634195305891823
0.4786020645008231 2.21740093395937
0.5532741908021004 2.0823804887348043
0.6217149349640736 1.9583491845334486
0.6839066389226298 1.8452821020819352
0.7398775980199968 1.7431450324288278
0.7896838854500293 1.651898913306261
0.8333963120442235 1.5715031398865045
0.8710909575290506 1.5019179902744402
0.9028425209044145 1.4431064428831955
0.9287196286359974 1.3950354893631705
0.9487816256811239 1.3576770961502918
0.9630764126165698 1.3310088699654905
0.9716390462034094 1.3150145265059872
0.9744908693421993 1.309684182146502
0.9716390462034104 1.315014526505989
0.9630764126165696 1.3310088699654936
0.9487816256811219 1.3576770961502977
0.9287196286359972 1.3950354893631787
0.90284252090441 1.4431064428832059
0.8710909575290443 1.5019179902744548
0.8333963120442168 1.5715031398865225
0.7896838854500096 1.6518989133062836
0.7398775980199778 1.7431450324288575
0.6839066389226025 1.8452821020819703
0.6217149349640321 1.958349184533493
0.5532741908020439 2.082380488734858
0.47860206450073983 2.2174009339594365
0.397787908701215 2.3634195305892645
0.3110749562582517 2.5204157423547136
0.21997761588427786 2.68828383772669
0.13296119869170583 2.8665307409380145
0.06551922985923615 3.053419974024732
0.020701919996019884 3.246227716087483
0.0002193392559489638 3.4432984225030365
1.0016890479862044e-05 3.6446522627310682
1.0000000001998382e-05 3.852358784096595
1e-05 4.070138634254016
1e-05 4.300507169157827
1e-05 4.543937828902813
1e-05 4.577335012204658
1e-05 4.33398901603833
1e-05 4.103906152217546
1.0000000000444085e-05 3.8867068444477195
1.001032396302789e-05 3.6802307789903463
0.00016653905255060007 3.4806500257744273
0.014787506794197386 3.2854032691409567
0.049843526009433606 3.0938611166954333
0.10790999511032655 2.90724547723162
0.19199495807827982 2.72854703881905
0.284467019680657 2.560147615284293
0.3727114233912249 2.402709319911255
0.45464281180352584 2.2563301819672064
0.53016270602702 2.121010925419054
0.5992704386849774 1.9967284326304378
0.6619990353252425 1.8834481044132136
0.7184091866885192 1.7811289797554308
0.7685784805024585 1.6897272269408161
0.8125922651878663 1.6091988658565393
0.8505364601710288 1.5395018109487242
0.8824923006053643 1.4805974130520403
0.9085326725959353 1.4324515604687442
0.9287196286359991 1.3950354893631685
0.9431027404440449 1.3683263383209747
0.951718036091765 1.3523075399160625
0.9545873625056505 1.3469690595402881
0.9517180360917661 1.3523075399160631
0.943102740444046 1.3683263383209772
0.9287196286360029 1.3950354893631718
0.9085326725959367 1.4324515604687498
0.8824923006053687 1.4805974130520478
0.850536460171031 1.539501810948733
0.8125922651878591 1.6091988658565526
0.7685784805024513 1.6897272269408339
0.7184091866885066 1.7811289797554537
0.6619990353252175 1.8834481044132427
0.5992704386849411 1.9967284326304737
0.5301627060269667 2.1210109254191005
0.4546428118034418 2.256330181967264
0.3727114233911158 2.402709319911329
0.28446701968056876 2.5601476152843827
0.19199495807813993 2.728547038819154
0.10790999511018955 2.9072454772317466
0.049843526009374764 3.09386111669557
0.014787506794164745 3.2854032691411033
0.00016653905255060007 3.4806500257745765
1.001032396302789e-05 3.680230778990497
1.0000000000444085e-05 3.886706844447859
1e-05 4.10390615221768
1e-05 4.333989016038455
1e-05 4.577335012204783
1e-05 4.620209413129332
1e-05 4.376962330429011
1e-05 4.147232820506098
1e-05 3.930782030921619
1.0006271052471548e-05 3.7258884369397194
0.00011669258727402355 3.5284760166579163
0.008398091483548689 3.3353083870200493
0.03352446501530725 3.145273565281897
0.08021835480714257 2.9592650962960536
0.15790409860258528 2.780227451325854
0.2506216200115026 2.6112130621539587
0.34057886435716955 2.453227194055644
0.4238785069953843 2.306397169333491
0.5004416351654432 2.1707031996948007
0.5703732206465263 2.0461046151410325
0.633769149056045 1.9325547649795702
0.6907294372853415 1.8300044308903616
0.7413572982874566 1.7384040639574796
0.7857550253699623 1.657705731762654
0.8240196509479689 1.5878646364129976
0.856239608104288 1.5288403012585579
0.8824923006053654 1.480597413052038
0.9028425209044181 1.443106442883191
0.9173414244992906 1.4163440565714795
0.9260259147405877 1.400293411395737
0.9289182627531675 1.3949443298036117
0.9260259147405897 1.400293411395737
0.9173414244992951 1.41634405657148
0.9028425209044211 1.443106442883192
0.8824923006053716 1.4805974130520403
0.8562396081042988 1.528840301258561
0.824019650947972 1.587864636413002
0.7857550253699641 1.6577057317626622
0.7413572982874596 1.7384040639574907
0.6907294372853245 1.8300044308903778
0.6337691490560357 1.9325547649795949
0.5703732206465116 2.046104615141062
0.5004416351653952 2.1707031996948394
0.42387850699531715 2.3063971693335414
0.3405788643571298 2.453227194055708
0.25062162001141824 2.611213062154031
0.1579040986024303 2.780227451325947
0.08021835480702078 2.959265096296164
0.0335244650152503 3.145273565282023
0.008398091483558237 3.3353083870201794
0.00011669258727468967 3.5284760166580504
1.0006271052471548e-05 3.7258884369398513
1e-05 3.9307820309217445
1e-05 4.147232820506225
1e-05 4.376962330429123
1e-05 4.620209413129443
1e-05 4.6725051186399895
1e-05 4.429350335640731
1e-05 4.199958101569377
1e-05 3.9842310298592154
1.0002242354971105e-05 3.7808964910354117
6.27243621747556e-05 3.5856413124606545
0.003854989711473964 3.3946179551587154
0.020991176123653157 3.2064857869963275
0.05581546412384477 3.0218652442768215
0.12127951094427664 2.8430894393744257
0.21037917894344804 2.673552429305759
0.3015795324726136 2.514961397449682
0.3863713995144883 2.3676092305489487
0.4641145298127377 2.231474971541611
0.5349933348852743 2.1065015770442965
0.599167393486747 1.9926296260988867
0.6567777252766912 1.8898009575439991
0.7079543305349736 1.7979598960116316
0.7528168999884994 1.7170543246094405
0.7914735833048525 1.6470366642615129
0.8240196509479679 1.5878646364129954
0.8505364601710306 1.5395018109487197
0.8710909575290545 1.5019179902744333
0.8857353526474201 1.475089467259464
0.8945070254110956 1.4589992000511773
0.89742841721489 1.4536369205715445
0.8945070254110977 1.4589992000511767
0.8857353526474241 1.4750894672594632
0.8710909575290618 1.5019179902744326
0.8505364601710437 1.5395018109487186
0.8240196509479802 1.5878646364129938
0.7914735833048587 1.6470366642615129
0.7528168999885098 1.7170543246094434
0.7079543305349786 1.7979598960116359
0.6567777252766983 1.8898009575440085
0.5991673934867587 1.9926296260988983
0.5349933348852594 2.1065015770443147
0.4641145298127065 2.2314749715416395
0.38637139951444865 2.367609230548987
0.3015795324725531 2.5149613974497336
0.21037917894333458 2.6735524293058237
0.12127951094415407 2.8430894393745105
0.05581546412375351 3.0218652442769214
0.020991176123636615 3.20648578699644
0.003854989711479515 3.3946179551588322
6.272436217497765e-05 3.5856413124607744
1.0002242354971105e-05 3.7808964910355316
1e-05 3.9842310298593353
1e-05 4.199958101569487
1e-05 4.429350335640839
1e-05 4.672505118640096
1e-05 4.734171128214474
1e-05 4.491080261123303
1e-05 4.261914448653156
1e-05 4.046673716135715
1.0000275654740254e-05 3.8445000937635188
2.6677164575932826e-05 3.6511938126348533
0.0016545576264710242 3.4624649263283653
0.012811841469249742 3.27681609815119
0.036891533972369446 3.094452494704741
0.08569464400455691 2.9168246523681853
0.16521092631778259 2.7470884174990404
0.2559574961917598 2.587902263455087
0.34216710172238923 2.4399788885345983
0.4211692452738657 2.3033501630307316
0.4930842013495642 2.177950029471868
0.558126727002953 2.063707386839965
0.6164756600677193 1.9605553339414326
0.6682862513383407 1.8684321946485605
0.7136941149137916 1.7872818855139765
0.7528168999885025 1.7170543246094383
0.7857550253699649 1.6577057317626505
0.812592265187868 1.6091988658565326
0.8333963120442276 1.5715031398864951
0.8482193287277655 1.5445947042345243
0.8570983628941793 1.5284564829988245
0.8600555798815634 1.5230782176510937
0.8570983628941816 1.5284564829988234
0.8482193287277742 1.5445947042345216
0.8333963120442434 1.5715031398864914
0.8125922651878847 1.609198865856528
0.7857550253699791 1.6577057317626451
0.752816899988518 1.7170543246094339
0.7136941149138121 1.7872818855139736
0.6682862513383585 1.8684321946485587
0.616475660067734 1.960555333941433
0.5581267270029636 2.063707386839971
0.4930842013495642 2.177950029471876
0.4211692452738396 2.30335016303075
0.3421671017223778 2.439978888534625
0.25595749619171915 2.587902263455124
0.16521092631769432 2.747088417499093
0.08569464400448452 2.916824652368257
0.03689153397232915 3.0944524947048246
0.01281184146922443 3.2768160981512846
0.001654557626468804 3.4624649263284675
2.6677164576154864e-05 3.65119381263496
1.0000275654740254e-05 3.844500093763623
1e-05 4.0466737161358175
1e-05 4.261914448653252
1e-05 4.491080261123397
1e-05 4.73417112821457
1e-05 4.8051759555547084
1e-05 4.562106102751456
1e-05 4.332999476702467
1e-05 4.117904046355891
1.000000838720699e-05 3.916338057643746
1.3208914806291833e-05 3.724778142613461
0.0007031048022127541 3.538624163487668
0.007277348997594663 3.3559548586929298
0.02293888286011976 3.176435047487463
0.055308436455748594 3.0008764755533317
0.11854439352527722 2.831659456895796
0.20434192023757813 2.672035593417307
0.2912978927588095 2.5235262053907728
0.3715650362522648 2.3863610827668684
0.4445745542880265 2.2604889936058767
0.5105570648861836 2.1458308080117185
0.5697236016929519 2.0423119966672885
0.6222506381027461 1.9498655842819181
0.6682862513383411 1.8684321946485587
0.7079543305349715 1.7979598960116274
0.7413572982874606 1.7384040639574734
0.7685784805024587 1.6897272269408075
0.7896838854500311 1.6518989133062498
0.8047237758717195 1.6248955170670345
0.8137335891428061 1.608700208797272
0.816734515195694 1.6033028943796082
0.8137335891428124 1.60870020879727
0.8047237758717317 1.6248955170670298
0.7896838854500501 1.6518989133062423
0.7685784805024821 1.6897272269407984
0.7413572982874848 1.7384040639574634
0.7079543305350031 1.7979598960116165
0.6682862513383706 1.868432194648548
0.6222506381027851 1.9498655842819088
0.5697236016929763 2.0423119966672796
0.510557064886202 2.1458308080117146
0.44457455428802817 2.260488993605876
0.37156503625228854 2.386361082766876
0.2912978927588203 2.5235262053907825
0.20434192023755204 2.672035593417328
0.11854439352523903 2.8316594568958315
0.05530843645570763 3.000876475553383
0.02293888286008823 3.17643504748753
0.007277348997566352 3.3559548586930092
0.0007031048022129761 3.538624163487757
1.3208914806513876e-05 3.724778142613554
1.000000838720699e-05 3.9163380576438382
1e-05 4.117904046355977
1e-05 4.332999476702548
1e-05 4.56210610275154
1e-05 4.805175955554794
1e-05 4.885517428831736
1e-05 4.642422002981392
1e-05 4.413207384857695
1e-05 4.197945263714555
1.0000000051291791e-05 3.99647412788409
1.0281118842294928e-05 3.8063682591855423
0.0002422531409465059 3.622907712592703
0.0035638235738410986 3.443402749490914
0.01331020271741351 3.267096749027016
0.033331862253789354 3.0944303713148007
0.07624475613511607 2.9268587289721366
0.14895997725729476 2.7672964781487357
0.2339695152110577 2.6182738468642204
0.3152341864155633 2.4805495271322213
0.38936115723330555 2.3541671463080984
0.45633950275524315 2.239051689922769
0.5163966501302774 2.135123616677878
0.5697236016929521 2.042311996667287
0.616475660067724 1.9605553339414286
0.656777725276693 1.8898009575439945
0.6907294372853389 1.8300044308903538
0.7184091866885248 1.781128979755421
0.739877598020003 1.7431450324288151
0.7551801314182603 1.7160298232977935
0.7643488250708073 1.6997671705835204
0.7674029053934882 1.6943473645936231
0.7643488250708166 1.699767170583517
0.7551801314182756 1.7160298232977864
0.7398775980200256 1.7431450324288043
0.7184091866885508 1.781128979755407
0.6907294372853708 1.8300044308903383
0.6567777252767338 1.8898009575439758
0.6164756600677631 1.9605553339414108
0.5697236016929926 2.042311996667267
0.5163966501302953 2.1351236166778613
0.4563395027552799 2.239051689922756
0.3893611572333536 2.3541671463080873
0.3152341864155859 2.4805495271322138
0.23396951521109732 2.6182738468642217
0.14895997725736793 2.7672964781487375
0.07624475613511607 2.9268587289721495
0.0333318622537908 3.0944303713148296
0.013310202717376318 3.2670967490270577
0.003563823573824001 3.4434027494909754
0.0002422531409480602 3.6229077125927738
1.0281118842294928e-05 3.8063682591856183
1.0000000051291791e-05 3.9964741278841642
1e-05 4.197945263714623
1e-05 4.413207384857767
1e-05 4.642422002981466
1e-05 4.885517428831806
1e-05 4.975227547546275
1e-05 4.732064885732792
1e-05 4.502610458220597
1e-05 4.286953372864013
1e-05 4.085155460391446
1.0006035142429947e-05 3.8959090047085474
5.528229820492796e-05 3.7149004476790446
0.0014715866361183852 3.538565871208833
0.007182074862286921 3.365782558291018
0.01925907751265043 3.1966003920333192
0.044381156226092525 3.031838057954363
0.09583944630614466 2.873413777163221
0.1715463475780982 2.7242120132787564
0.25219317374611944 2.585963063740741
0.3273066801635068 2.4590436065741255
0.39532003838640906 2.3434319015828478
0.4563395027552428 2.239051689922767
0.5105570648861876 2.145830808011715
0.5581267270029531 2.063707386839959
0.5991673934867581 1.9926296260988792
0.6337691490560413 1.9325547649795622
0.6619990353252407 1.883448104413201
0.6839066389226364 1.8452821020819195
0.699528458454165 1.8180356971239424
0.7088906745564232 1.8016938870260188
0.712009537866725 1.7962476286404891
0.7088906745564345 1.8016938870260137
0.6995284584541859 1.818035697123933
0.6839066389226631 1.8452821020819052
0.6619990353252774 1.8834481044131826
0.6337691490560978 1.932554764979541
0.5991673934868096 1.992629626098853
0.5581267270030115 2.063707386839933
0.510557064886246 2.145830808011688
0.4563395027553073 2.23905168992274
0.39532003838648133 2.343431901582822
0.32730668016356096 2.459043606574102
0.25219317374619604 2.585963063740719
0.17154634757822654 2.724212013278736
0.0958394463062277 2.8734137771632007
0.04438115622613782 3.031838057954353
0.0192590775126602 3.196600392033321
0.0071820748622726 3.365782558291039
0.0014715866361243802 3.538565871208868
5.528229820515e-05 3.714900447679091
1.0006035142429947e-05 3.8959090047086002
1e-05 4.085155460391503
1e-05 4.28695337286407
1e-05 4.502610458220656
1e-05 4.732064885732853
1e-05 4.975227547546336
1e-05 5.074374498049671
1e-05 4.831112152096701
1e-05 4.601326624486293
1e-05 4.385115241497378
1e-05 4.182640484828345
1.0000015014061955e-05 3.99340983000841
1.3243217347573823e-05 3.8142727533281313
0.0004467935040090842 3.64104069675856
0.003455258866977193 3.4719320918984975
0.01049255815170344 3.3065867363257166
0.02449935929833468 3.1454421059265947
0.05406098520456111 2.989584031556574
0.10965249819208603 2.841149109637927
0.18340853296694254 2.7026239128040563
0.2583297298486611 2.575184153726005
0.32730668016352954 2.4590436065741224
0.3893611572333201 2.354167146308095
0.44457455428802684 2.260488993605872
0.493084201349555 2.1779500294718614
0.5349933348852739 2.1065015770442876
0.5703732206465204 2.0461046151410236
0.5992704386849668 1.9967284326304258
0.6217149349640682 1.9583491845334324
0.6377281394948655 1.9309487081551588
0.6473273495074042 1.9145138553025072
0.650525456322135 1.9090364973180216
0.647327349507415 1.9145138553025005
0.6377281394948919 1.9309487081551457
0.6217149349641035 1.9583491845334142
0.5992704386850249 1.9967284326304005
0.5703732206465856 2.046104615140992
0.5349933348853394 2.106501577044253
0.49308420134964126 2.177950029471823
0.4445745542880979 2.26048899360583
0.3893611572333959 2.354167146308054
0.32730668016358627 2.459043606574083
0.2583297298487671 2.5751841537259677
0.18340853296703324 2.7026239128040155
0.10965249819215242 2.841149109637888
0.0540609852046335 2.989584031556536
0.02449935929839297 3.1454421059265587
0.010492558151727976 3.3065867363256913
0.0034552588669798574 3.4719320918984886
0.00044679350400708587 3.6410406967585685
1.3243217347573823e-05 3.8142727533281557
1.0000015014061955e-05 3.993409830008444
1e-05 4.182640484828382
1e-05 4.385115241497421
1e-05 4.601326624486336
1e-05 4.8311121520967495
1e-05 5.074374498049718
1e-05 5.183060757755207
1e-05 4.939676346824543
1e-05 4.709502176932615
1e-05 4.492629510397158
1e-05 4.289227907720092
1.0000000002442468e-05 4.099242738789902
1.0033757896292632e-05 3.9210136540321243
7.43607129793687e-05 3.7505447589386405
0.001288659619280262 3.5850362316837767
0.005218519631459086 3.423687410945838
0.013038316815218536 3.2665915208541896
0.028331991352411042 3.114391862428277
0.05982239742871112 2.9682978697584717
0.11461091470099341 2.8303647107100702
0.18340853296697462 2.7026239128040497
0.25219317374615086 2.5859630637407314
0.3152341864155846 2.4805495271322133
0.3715650362522869 2.3863610827668618
0.4211692452738621 2.303350163030726
0.4641145298127183 2.231474971541603
0.5004416351654282 2.1707031996947936
0.5301627060269997 2.121010925419042
0.5532741908020918 2.0823804887347883
0.5697724413049966 2.0547983283429536
0.5796631503075071 2.0382538793687823
0.5829580434945209 2.0327399327267615
0.5796631503075275 2.0382538793687743
0.5697724413050296 2.0547983283429376
0.5532741908021533 2.082380488734765
0.5301627060270684 2.1210109254190095
0.500441635165496 2.170703199694755
0.4641145298128102 2.2314749715415587
0.42116924527394517 2.303350163030676
0.3715650362523686 2.3863610827668125
0.3152341864156681 2.4805495271321605
0.2521931737462579 2.5859630637406807
0.18340853296706433 2.7026239128039937
0.11461091470098975 2.830364710710021
0.05982239742874987 2.9682978697584246
0.028331991352470772 3.1143918624282283
0.013038316815273048 3.266591520854141
0.005218519631465969 3.4236874109457913
0.0012886596192651632 3.5850362316837447
7.436071297914666e-05 3.750544758938631
1.0033757896292632e-05 3.921013654032124
1.0000000002442468e-05 4.099242738789914
1e-05 4.2892279077201145
1e-05 4.492629510397181
1e-05 4.709502176932643
1e-05 4.939676346824571
1e-05 5.183060757755238
1e-05 5.3014176303032405
1e-05 5.057898139713597
1e-05 4.827305154239685
1e-05 4.609713343073711
1e-05 4.4052594468461415
1e-05 4.214046085897218
1.0000014950557833e-05 4.035509650762014
1.2024140417479915e-05 3.8669206786580954
0.0002736009212360462 3.7047082578534476
0.0021452722965363525 3.547308112876797
0.006414047730357104 3.3944348769785027
0.014464330687161025 3.246415832533241
0.029765019841235675 3.103979201720521
0.05982239742872733 2.96829786975846
0.10965249819216352 2.8411491096379082
0.1715463475781799 2.724212013278742
0.23396951521110265 2.618273846864212
0.2912978927588123 2.523526205390764
0.3421671017223829 2.4399788885345925
0.3863713995144532 2.367609230548945
0.42387850699533913 2.3063971693334855
0.45464281180347876 2.256330181967198
0.47860206450079823 2.2174009339593543
0.49570883502663565 2.1896032198412763
0.505956242586873 2.172929537523306
0.5093671637972623 2.1673726672159503
0.5059562425868994 2.1729295375232947
0.4957088350266876 2.1896032198412554
0.4786020645008868 2.217400933959322
0.45464281180357047 2.256330181967156
0.42387850699545493 2.306397169333436
0.38637139951458577 2.3676092305488874
0.3421671017225098 2.4399788885345295
0.29129789275894064 2.523526205390698
0.23396951521123222 2.6182738468641444
0.17154634757829648 2.7242120132786747
0.10965249819216541 2.8411491096378443
0.059822397428778956 2.9682978697584033
0.029765019841293185 3.1039792017204677
0.014464330687193666 3.2464158325331867
0.006414047730347667 3.3944348769784476
0.002145272296519699 3.547308112876747
0.00027360092123471393 3.704708257853405
1.2024140417479915e-05 3.866920678658064
1.0000014950557833e-05 4.035509650762009
1e-05 4.21404608589722
1e-05 4.40525944684615
1e-05 4.6097133430737225
1e-05 4.827305154239704
1e-05 5.057898139713621
1e-05 5.301417630303265
1e-05 5.429596742463807
1e-05 5.185937286653949
1e-05 4.9549171668590075
1e-05 4.736590530335679
1e-05 4.53105342576492
1e-05 4.338418151187111
1.0000000000222044e-05 4.1586071231054955
1.0002705267824056e-05 3.9904225037301706
2.466102279593189e-05 3.830776385668666
0.000514007901749099 3.6770217097482574
0.002640870812975088 3.528308008616906
0.0068347802631379 3.3846291658630876
0.014464330687179122 3.2464158325332284
0.028331991352440352 3.114391862428254
0.05406098520463083 2.9895840315565456
0.09583944630624203 2.873413777163199
0.14895997725735438 2.7672964781487197
0.20434192023758213 2.6720355934173012
0.25595749619172514 2.587902263455087
0.30157953247256086 2.5149613974496843
0.3405788643571427 2.453227194055646
0.3727114233911671 2.402709319911252
0.39778790870128306 2.3634195305891708
0.4156670430463184 2.335364558532709
0.4263356170517463 2.3185395242195668
0.4298753056135608 2.3129331049092885
0.4263356170517667 2.3185395242195534
0.41566704304638413 2.3353645585326817
0.3977879087013479 2.3634195305891286
0.3727114233912802 2.4027093199111986
0.34057886435729046 2.4532271940555814
0.30157953247272573 2.5149613974496097
0.25595749619187447 2.5879022634550055
0.20434192023773545 2.6720355934172195
0.14895997725748517 2.7672964781486336
0.09583944630628632 2.8734137771631163
0.05406098520470322 2.989584031556473
0.02833199135250663 3.1143918624281817
0.014464330687175791 3.246415832533166
0.006834780263104704 3.3846291658630325
0.0026408708129619877 3.528308008616855
0.0005140079017464345 3.6770217097482094
2.4661022795709845e-05 3.830776385668622
1.0002705267824056e-05 3.990422503730136
1.0000000000222044e-05 4.15860712310547
1e-05 4.338418151187099
1e-05 4.531053425764921
1e-05 4.736590530335687
1e-05 4.954917166859017
1e-05 5.185937286653965
1e-05 5.429596742463824
1e-05 5.567759294686357
1e-05 5.323961541488246
1e-05 5.092522960959111
1e-05 4.873477966572504
1e-05 4.666885901649228
1e-05 4.472821531059935
1e-05 4.29132320659624
1.000000003241819e-05 4.122071880328519
1.0036846343769793e-05 3.9634661467456667
4.2558798196507515e-05 3.812651713464911
0.0006188471711467017 3.667757218511853
0.002640870812971313 3.5283080086168943
0.006414047730351553 3.3944348769784773
0.013038316815253841 3.266591520854156
0.02449935929836255 3.1454421059265596
0.04438115622615625 3.0318380579543365
0.07624475613512417 2.9268587289721255
0.11854439352523181 2.831659456895796
0.16521092631769488 2.747088417499049
0.21037917894331637 2.673552429305771
0.250621620011415 2.611213062153961
0.2844670196806032 2.560147615284295
0.31107495625832543 2.520415742354606
0.3299251814302186 2.4920543976121636
0.34101967107176 2.4750580806158657
0.3446623384750532 2.4693977694736247
0.3410196710717891 2.47505808061585
0.3299251814302943 2.4920543976121303
0.3110749562584327 2.5204157423545603
0.2844670196807346 2.56014761528423
0.2506216200115809 2.611213062153882
0.21037917894352376 2.673552429305678
0.1652109263179006 2.7470884174989494
0.11854439352540445 2.831659456895694
0.07624475613521699 2.9268587289720265
0.04438115622621365 3.031838057954244
0.02449935929843005 3.1454421059264703
0.013038316815258282 3.266591520854077
0.006414047730339007 3.3944348769784067
0.0026408708129599893 3.5283080086168375
0.0006188471711460356 3.667757218511801
4.255879819628547e-05 3.8126517134648634
1.0036846343769793e-05 3.9634661467456263
1.000000003241819e-05 4.122071880328487
1e-05 4.2913232065962195
1e-05 4.472821531059919
1e-05 4.66688590164922
1e-05 4.873477966572506
1e-05 5.092522960959113
1e-05 5.323961541488253
1e-05 5.567759294686364
1e-05 5.716065810272718
1e-05 5.472136334874481
1e-05 5.240301094408735
1e-05 5.020577909514516
1e-05 4.8129967216746
1e-05 4.617592753285146
1e-05 4.4343920743784615
1e-05 4.263334593850172
1.0000000415885387e-05 4.1039174716536095
1.0080626867705021e-05 3.9544880255656683
4.2558798196507515e-05 3.8126517134649007
0.0005140079017471006 3.677021709748237
0.002145272296529247 3.5473081128767663
0.00521851963145731 3.4236874109457998
0.010492558151710546 3.306586736325686
0.01925907751265509 3.1966003920332997
0.03333186225379546 3.094430371314799
0.055308436455678206 3.000876475553347
0.085694644004445 2.9168246523682115
0.12127951094414219 2.8430894393744546
0.1579040986024133 2.7802274513258736
0.1919949580781415 2.728547038819058
0.21997761588432416 2.688283837726571
0.23956717493761445 2.6595767286783287
0.25069532791080035 2.6424113961653357
0.2542536101714415 2.6367037786536116
0.25069532791084265 2.6424113961653175
0.23956717493771448 2.659576728678287
0.21997761588449047 2.688283837726509
0.1919949580783411 2.7285470388189803
0.15790409860265622 2.780227451325777
0.12127951094438899 2.843089439374339
0.08569464400463628 2.9168246523680867
0.05530843645578745 3.0008764755532247
0.03333186225386185 3.094430371314684
0.019259077512694726 3.1966003920331953
0.010492558151726866 3.3065867363255883
0.005218519631475406 3.4236874109457083
0.0021452722965208094 3.5473081128766863
0.0005140079017475447 3.677021709748171
4.255879819628547e-05 3.8126517134648457
1.0080626867705021e-05 3.9544880255656203
1.0000000415885387e-05 4.103917471653568
1e-05 4.263334593850146
1e-05 4.434392074378438
1e-05 4.617592753285129
1e-05 4.81299672167459
1e-05 5.0205779095145076
1e-05 5.2403010944087285
1e-05 5.472136334874475
1e-05 5.716065810272713
1e-05 5.874668469214228
1e-05 5.6306173435311635
1e-05 5.398417017042637
1e-05 5.178072405464214
1e-05 4.969591346870889
1e-05 4.772978370040777
1e-05 4.588226960157935
1e-05 4.4153002366288545
1e-05 4.2540500159784145
1.0000000415885387e-05 4.103917471653604
1.0036846343769793e-05 3.9634661467456507
2.4661022795709845e-05 3.8307763856686416
0.00027360092123471393 3.704708257853413
0.0012886596192760431 3.5850362316837434
0.003455258866977193 3.471932091898474
0.007182074862277706 3.3657825582910084
0.013310202717383535 3.2670967490270257
0.02293888286007302 3.1764350474874927
0.036891533972301285 3.0944524947047793
0.05581546412373308 3.0218652442768605
0.08021835480701844 2.9592650962960843
0.10790999511019488 2.9072454772316454
0.13296119869174203 2.8665307409378875
0.1504085376479568 2.8375684420849523
0.15978752551032097 2.8203326786005674
0.16265335269788195 2.814619897300434
0.15978752551037526 2.8203326786005447
0.15040853764803874 2.8375684420849026
0.1329611986918928 2.866530740937813
0.10790999511041315 2.9072454772315455
0.08021835480724859 2.9592650962959643
0.055815464123896395 3.0218652442767255
0.0368915339723952 3.094452494704641
0.022938882860115653 3.176435047487361
0.013310202717404518 3.2670967490269005
0.0071820748622902515 3.3657825582908942
0.0034552588669860746 3.471932091898369
0.0012886596192698261 3.585036231683645
0.00027360092123404785 3.7047082578533264
2.46610227954878e-05 3.830776385668564
1.0036846343769793e-05 3.963466146745591
1.0000000415885387e-05 4.103917471653552
1e-05 4.254050015978379
1e-05 4.415300236628819
1e-05 4.588226960157908
1e-05 4.772978370040759
1e-05 4.9695913468708754
1e-05 5.178072405464203
1e-05 5.398417017042626
1e-05 5.630617343531153
1e-05 5.874668469214214
1e-05 6.0437060677242584
1e-05 5.7995457266162465
1e-05 5.567018543230201
1e-05 5.346119933691693
1e-05 5.136841836719267
1e-05 4.939167135642033
1e-05 4.753063592598471
1e-05 4.578474553432908
1e-05 4.415300236628849
1e-05 4.263334593850168
1.000000003241819e-05 4.122071880328501
1.0002705267824056e-05 3.990422503730142
1.2024140417479915e-05 3.8669206786580648
7.436071297914666e-05 3.7505447589386143
0.0004467935040086401 3.6410406967585445
0.0014715866361190513 3.5385658712088355
0.003563823573827554 3.4434027494909407
0.007277348997566796 3.3559548586929693
0.012811841469214104 3.276816098151235
0.02099117612360675 3.206485786996376
0.03352446501522698 3.145273565281938
0.04984352600939497 3.0938611166954613
0.06551922985926935 3.053419974024596
0.07621866798667266 3.0247324709540204
0.0815891802174369 3.0077532859411766
0.08313609342798751 3.0021453989608253
0.0815891802174692 3.0077532859411504
0.0762186679867264 3.0247324709539676
0.06551922985937071 3.0534199740245116
0.0498435260095222 3.09386111669535
0.03352446501535022 3.1452735652818054
0.020991176123675473 3.2064857869962324
0.012811841469247189 3.2768160981510874
0.007277348997585115 3.3559548586928294
0.003563823573834215 3.443402749490809
0.0014715866361188293 3.5385658712087142
0.00044679350400708587 3.641040696758433
7.436071297892461e-05 3.750544758938515
1.2024140417479915e-05 3.866920678657973
1.0002705267824056e-05 3.9904225037300667
1.000000003241819e-05 4.122071880328435
1e-05 4.263334593850117
1e-05 4.415300236628806
1e-05 4.578474553432872
1e-05 4.753063592598438
1e-05 4.939167135642009
1e-05 5.136841836719247
1e-05 5.346119933691677
1e-05 5.567018543230193
1e-05 5.799545726616236
1e-05 6.043706067724245
1e-05 6.223300963448056
1e-05 5.979045296400457
1e-05 5.7462334940159305
1e-05 5.524854292680061
1e-05 5.314888661032719
1e-05 5.11630502659623
1e-05 4.929054380854825
1e-05 4.753063592598469
1e-05 4.588226960157929
1e-05 4.434392074378449
1e-05 4.291323206596224
1.0000000000222044e-05 4.158607123105472
1.0000014950557833e-05 4.035509650761995
1.0033757896292632e-05 3.921013654032106
1.3243217347573823e-05 3.8142727533281278
5.528229820492796e-05 3.714900447679059
0.00024225314094872632 3.6229077125927374
0.0007031048022147525 3.538624163487713
0.001654557626469026 3.4624649263284155
0.003854989711469967 3.3946179551587643
0.008398091483547357 3.3353083870200897
0.014787506794170296 3.285403269140986
0.02070191999602821 3.246227716087339
0.024608097970320722 3.218540054882328
0.02653939868941819 3.2021970549865855
0.027094011630227992 3.1968060291840517
0.02653939868942352 3.2021970549865593
0.024608097970349255 3.2185400548822742
0.0207019199960392 3.2462277160872546
0.014787506794225141 3.285403269140871
0.008398091483575667 3.3353083870199542
0.0038549897114764065 3.3946179551586186
0.001654557626463586 3.4624649263282663
0.0007031048022116439 3.538624163487569
0.0002422531409476161 3.6229077125925997
5.528229820470592e-05 3.714900447678933
1.324321734735178e-05 3.814272753328013
1.0033757896292632e-05 3.921013654032
1.0000014950557833e-05 4.035509650761903
1.0000000000222044e-05 4.158607123105396
1e-05 4.2913232065961635
1e-05 4.434392074378401
1e-05 4.588226960157885
1e-05 4.753063592598427
1e-05 4.929054380854799
1e-05 5.116305026596206
1e-05 5.314888661032699
1e-05 5.524854292680049
1e-05 5.746233494015918
1e-05 5.979045296400442
1e-05 6.223300963448045
1e-05 6.413557547265876
1e-05 6.169221203668971
1e-05 5.936168991544465
1e-05 5.714385154991005
1e-05 5.503843419406514
1e-05 5.304503042328158
1e-05 5.116305026596227
1e-05 4.939167135642028
1e-05 4.772978370040767
1e-05 4.617592753285133
1e-05 4.4728215310599175
1e-05 4.338418151187096
1e-05 4.2140460858972
1.0000000002442468e-05 4.0992427387898935
1.0000015014061955e-05 3.993409830008413
1.0006035142429947e-05 3.8959090047085674
1.0281118842294928e-05 3.8063682591855748
1.3208914806513876e-05 3.7247781426135047
2.6677164576154864e-05 3.6511938126349013
6.272436217497765e-05 3.5856413124607007
0.00011669258727446764 3.528476016657954
0.00016653905255037806 3.480650025774454
0.00021933925594829767 3.4432984225028895
0.0002935881265205116 3.4169179707580986
0.0003687904147485404 3.401316394078194
0.0004014121080211794 3.3961620120814255
0.0003687904147489844 3.4013163940781688
0.00029358812652028953 3.4169179707580466
0.00021933925594785358 3.443298422502811
0.00016653905254971192 3.4806500257743433
0.00011669258727335741 3.5284760166578226
6.272436217453356e-05 3.585641312460559
2.6677164575932826e-05 3.651193812634756
1.3208914806291833e-05 3.7247781426133657
1.0281118842294928e-05 3.8063682591854406
1.0006035142429947e-05 3.8959090047084426
1.0000015014061955e-05 3.993409830008301
1.0000000002442468e-05 4.099242738789791
1e-05 4.214046085897115
1e-05 4.338418151187023
1e-05 4.47282153105986
1e-05 4.61759275328508
1e-05 4.772978370040727
1e-05 4.939167135641991
1e-05 5.116305026596198
1e-05 5.304503042328135
1e-05 5.503843419406492
1e-05 5.714385154990991
1e-05 5.93616899154445
1e-05 6.169221203668959
1e-05 6.413557547265867
1e-05 6.6145619557990365
1e-05 6.370159857079565
1e-05 6.136912007308556
1e-05 5.914799769087977
1e-05 5.703792313994616
1e-05 5.503843419406512
1e-05 5.3148886610327155
1e-05 5.136841836719258
1e-05 4.969591346870879
1e-05 4.8129967216745895
1e-05 4.666885901649211
1e-05 4.531053425764903
1e-05 4.405259446846128
1e-05 4.289227907720087
1e-05 4.182640484828353
1e-05 4.085155460391462
1.0000000051291791e-05 3.9964741278841185
1.000000838720699e-05 3.9163380576437827
1.0000275654740254e-05 3.844500093763558
1.0002242354971105e-05 3.7808964910354526
1.0006271052471548e-05 3.7258884369397496
1.001032396302789e-05 3.680230778990371
1.0016890479862044e-05 3.6446522627309195
1.003045289765018e-05 3.619429649331428
1.0049069900046842e-05 3.6044404139465267
1.0058744825302396e-05 3.5994742472002055
1.0049069900046842e-05 3.6044404139465027
1.003045289765018e-05 3.61942964933138
1.0016890479862044e-05 3.6446522627308453
1.001032396302789e-05 3.680230778990271
1.0006271052471548e-05 3.72588843693963
1.0002242354971105e-05 3.7808964910353193
1.0000275654740254e-05 3.844500093763422
1.000000838720699e-05 3.916338057643655
1.0000000051291791e-05 3.9964741278839933
1e-05 4.085155460391347
1e-05 4.182640484828249
1e-05 4.289227907719996
1e-05 4.405259446846051
1e-05 4.531053425764836
1e-05 4.666885901649154
1e-05 4.812996721674541
1e-05 4.969591346870836
1e-05 5.136841836719222
1e-05 5.314888661032685
1e-05 5.5038434194064845
1e-05 5.703792313994599
1e-05 5.914799769087964
1e-05 6.1369120073085455
1e-05 6.370159857079552
1e-05 6.614561955799029
1e-05 6.8263825496854675
1e-05 6.581929586807075
1e-05 6.348530585199675
1e-05 6.126165156635511
1e-05 5.914799769087974
1e-05 5.7143851549910005
1e-05 5.524854292680055
1e-05 5.34611993369168
1e-05 5.178072405464201
1e-05 5.020577909514503
1e-05 4.873477966572491
1e-05 4.736590530335663
1e-05 4.609713343073698
1e-05 4.4926295103971405
1e-05 4.385115241497371
1e-05 4.286953372864021
1e-05 4.197945263714568
1e-05 4.117904046355916
1e-05 4.046673716135741
1e-05 3.9842310298592443
1e-05 3.9307820309216397
1.0000000000444085e-05 3.886706844447736
1.0000000001998382e-05 3.8523587840964444
1.0000000007105357e-05 3.8278947397188197
1.0000000016209094e-05 3.8132826857779363
1.0000000021982196e-05 3.8084272126485654
1.0000000016209094e-05 3.813282685777916
1.0000000007105357e-05 3.827894739718777
1.0000000001998382e-05 3.852358784096378
1.0000000000444085e-05 3.886706844447648
1e-05 3.9307820309215353
1e-05 3.98423102985913
1e-05 4.046673716135626
1e-05 4.117904046355802
1e-05 4.197945263714461
1e-05 4.286953372863926
1e-05 4.385115241497285
1e-05 4.492629510397065
1e-05 4.6097133430736275
1e-05 4.736590530335604
1e-05 4.873477966572444
1e-05 5.020577909514456
1e-05 5.178072405464164
1e-05 5.346119933691647
1e-05 5.524854292680028
1e-05 5.714385154990979
1e-05 5.914799769087958
1e-05 6.126165156635497
1e-05 6.348530585199664
1e-05 6.581929586807067
1e-05 6.82638254968546
1e-05 7.049070990135475
1e-05 6.804581876239736
1e-05 6.571075534147961
1e-05 6.348530585199673
1e-05 6.136912007308554
1e-05 5.936168991544458
1e-05 5.746233494015922
1e-05 5.567018543230191
1e-05 5.3984170170426236
1e-05 5.240301094408721
1e-05 5.092522960959095
1e-05 4.954917166858992
1e-05 4.827305154239667
1e-05 4.709502176932602
1e-05 4.601326624486289
1e-05 4.502610458220597
1e-05 4.413207384857705
1e-05 4.3329994767024775
1e-05 4.261914448653172
1e-05 4.199958101569394
1e-05 4.147232820506114
1e-05 4.103906152217553
1e-05 4.0701386342538735
1e-05 4.046021739919988
1e-05 4.031569153602158
1e-05 4.026756548337102
1e-05 4.031569153602139
1e-05 4.046021739919949
1e-05 4.070138634253816
1e-05 4.103906152217478
1e-05 4.147232820506026
1e-05 4.199958101569298
1e-05 4.26191444865307
1e-05 4.332999476702378
1e-05 4.4132073848576105
1e-05 4.502610458220511
1e-05 4.601326624486206
1e-05 4.709502176932528
1e-05 4.827305154239609
1e-05 4.9549171668589365
1e-05 5.092522960959049
1e-05 5.240301094408677
1e-05 5.398417017042585
1e-05 5.567018543230159
1e-05 5.746233494015895
1e-05 5.936168991544435
1e-05 6.136912007308537
1e-05 6.348530585199658
1e-05 6.571075534147948
1e-05 6.804581876239726
1e-05 7.049070990135468
1e-05 7.282663228739935
1e-05 7.038152466896953
1e-05 6.804581876239734
1e-05 6.581929586807071
1e-05 6.37015985707956
1e-05 6.169221203668961
1e-05 5.979045296400445
1e-05 5.799545726616229
1e-05 5.630617343531145
1e-05 5.472136334874464
1e-05 5.32396154148823
1e-05 5.1859372866539335
1e-05 5.057898139713579
1e-05 4.939676346824522
1e-05 4.831112152096688
1e-05 4.732064885732789
1e-05 4.642422002981399
1e-05 4.562106102751469
1e-05 4.4910802611233125
1e-05 4.429350335640744
1e-05 4.376962330429021
1e-05 4.333989016038333
1e-05 4.300507169157688
1e-05 4.276573394302437
1e-05 4.26221229814984
1e-05 4.2574259839486155
1e-05 4.262212298149821
1e-05 4.2765733943024005
1e-05 4.300507169157636
1e-05 4.33398901603826
1e-05 4.376962330428931
1e-05 4.429350335640646
1e-05 4.491080261123215
1e-05 4.562106102751372
1e-05 4.642422002981311
1e-05 4.732064885732711
1e-05 4.831112152096615
1e-05 4.939676346824463
1e-05 5.057898139713525
1e-05 5.185937286653887
1e-05 5.323961541488187
1e-05 5.472136334874425
1e-05 5.630617343531113
1e-05 5.7995457266162
1e-05 5.979045296400409
1e-05 6.169221203668938
1e-05 6.37015985707954
1e-05 6.58192958680706
1e-05 6.804581876239725
1e-05 7.0381524668969435
1e-05 7.282663228739924
1e-05 7.527181294883462
1e-05 7.282663228739934
1e-05 7.049070990135474
1e-05 6.826382549685463
1e-05 6.614561955799032
1e-05 6.413557547265867
1e-05 6.223300963448041
1e-05 6.043706067724239
1e-05 5.874668469214209
1e-05 5.7160658102727
1e-05 5.56775929468634
1e-05 5.429596742463788
1e-05 5.301417630303222
1e-05 5.183060757755186
1e-05 5.074374498049656
1e-05 4.975227547546271
1e-05 4.8855174288317365
1e-05 4.805175955554716
1e-05 4.734171128214484
1e-05 4.672505118640005
1e-05 4.62020941312934
1e-05 4.577335012204664
1e-05 4.543937828902677
1e-05 4.520062541135422
1e-05 4.5057330313860975
1e-05 4.500956319194148
1e-05 4.5057330313860815
1e-05 4.5200625411353865
1e-05 4.5439378289026235
1e-05 4.577335012204591
1e-05 4.620209413129252
1e-05 4.672505118639905
1e-05 4.734171128214391
1e-05 4.805175955554625
1e-05 4.885517428831652
1e-05 4.975227547546195
1e-05 5.074374498049586
1e-05 5.18306075775513
1e-05 5.3014176303031695
1e-05 5.429596742463744
1e-05 5.567759294686298
1e-05 5.716065810272664
1e-05 5.874668469214175
1e-05 6.043706067724211
1e-05 6.22330096344801
1e-05 6.413557547265844
1e-05 6.614561955799015
1e-05 6.826382549685452
1e-05 7.0490709901354665
1e-05 7.282663228739924
1e-05 7.527181294883452
