0.01 9.2768051743199
0.01 8.981806780228588
0.01 8.696810888421
0.01 8.42181755779715
0.01 8.156826887213525
0.01 7.901839006210277
0.01 7.6568540707741874
0.01 7.421872255104104
0.01 7.196893742438133
0.01 6.981918713152463
0.01 6.776947331095123
0.01 6.581979727606261
0.01 6.397015983938074
0.01 6.222056112249183
0.01 6.057100036162759
0.01 5.902147571733652
0.01 5.757198410264173
0.01 5.622252104366944
0.01 5.497308059018637
0.01 5.382365529158755
0.01 5.2774236253513935
0.01 5.182481328439117
0.01 5.09753751382938
0.01 5.022590985431592
0.01 4.957640518015054
0.01 4.902684903421183
0.01 4.857723002263625
0.01 4.822753797017825
0.01 4.79777643878792
0.01 4.782790288687594
0.01 4.777794950129034
0.01 4.782790288687592
0.01 4.797776438787916
0.01 4.822753797017819
0.01 4.857723002263619
0.01 4.902684903421175
0.01 4.957640518015047
0.01 5.022590985431586
0.01 5.0975375138293755
0.01 5.182481328439111
0.01 5.277423625351387
0.01 5.3823655291587515
0.01 5.497308059018632
0.01 5.622252104366938
0.01 5.7571984102641665
0.01 5.902147571733642
0.01 6.057100036162755
0.01 6.222056112249181
0.01 6.397015983938079
0.01 6.581979727606267
0.01 6.7769473310951325
0.01 6.981918713152473
0.01 7.196893742438143
0.01 7.4218722551041205
0.01 7.656854070774207
0.01 7.901839006210295
0.01 8.156826887213557
0.01 8.421817557797189
0.01 8.696810888421039
0.01 8.981806780228661
0.01 9.27680517431999
0.01 8.981806780228588
0.01 8.686808434927205
0.01 8.401812670809882
0.01 8.126819550481706
0.01 7.861829178946113
0.01 7.6068416940830685
0.01 7.361857262315606
0.01 7.126876070134449
0.01 6.9018983146147335
0.01 6.686924191053648
0.01 6.481953878696128
0.01 6.286987523956079
0.01 6.1020252218457705
0.01 5.9270669957785005
0.01 5.762112776763076
0.01 5.607162382878179
0.01 5.462215500553152
0.01 5.327271669163767
0.01 5.202330270836648
0.01 5.0873905271762
0.01 4.9824515046130085
0.01 4.8875121294956525
0.01 4.802571213782298
0.01 4.7276274900852435
0.01 4.6626796585557395
0.01 4.607726434639471
0.01 4.562766606174006
0.01 4.527799089502496
0.01 4.5028229799954635
0.01 4.4878375966472985
0.01 4.482842516649715
0.01 4.487837596647298
0.01 4.502822979995462
0.01 4.527799089502489
0.01 4.562766606174001
0.01 4.607726434639466
0.01 4.662679658555732
0.01 4.727627490085237
0.01 4.8025712137822945
0.01 4.887512129495646
0.01 4.982451504613002
0.01 5.087390527176194
0.01 5.202330270836644
0.01 5.327271669163761
0.01 5.462215500553145
0.01 5.60716238287817
0.01 5.762112776763071
0.01 5.9270669957785005
0.01 6.102025221845774
0.01 6.286987523956085
0.01 6.48195387869614
0.01 6.686924191053664
0.01 6.901898314614745
0.01 7.126876070134466
0.01 7.361857262315623
0.01 7.606841694083086
0.01 7.861829178946137
0.01 8.12681955048174
0.01 8.40181267080991
0.01 8.686808434927276
0.01 8.981806780228657
0.01 8.696810888421
0.01 8.40181267080988
0.01 8.116817239487196
0.01 7.841824667012096
0.01 7.57683507489239
0.01 7.321848623434009
0.01 7.076865507182283
0.01 6.841885945851608
0.01 6.616910174062132
0.01 6.401938427800468
0.01 6.196970928569749
0.01 6.002007864517396
0.01 5.817049369237711
0.01 5.642095498383647
0.01 5.47714620516694
0.01 5.322201315748535
0.01 5.177260506259843
0.01 5.042323283271353
0.01 4.917388969995061
0.01 4.802456700417211
0.01 4.697525423533019
0.01 4.602593919274084
0.01 4.51766082692665
0.01 4.4427246875397985
0.01 4.377783993612503
0.01 4.322837253159427
0.01 4.277883053119619
0.01 4.242920126317871
0.01 4.217947413702364
0.01 4.2029641173608
0.01 4.197969741320171
0.01 4.202964117360799
0.01 4.217947413702362
0.01 4.242920126317868
0.01 4.2778830531196155
0.01 4.322837253159427
0.01 4.377783993612499
0.01 4.442724687539793
0.01 4.5176608269266465
0.01 4.60259391927408
0.01 4.6975254235330155
0.01 4.802456700417207
0.01 4.917388969995056
0.01 5.042323283271351
0.01 5.177260506259839
0.01 5.322201315748533
0.01 5.47714620516694
0.01 5.642095498383648
0.01 5.817049369237714
0.01 6.0020078645174
0.01 6.196970928569755
0.01 6.401938427800477
0.01 6.616910174062139
0.01 6.841885945851616
0.01 7.076865507182296
0.01 7.3218486234340245
0.01 7.5768350748924025
0.01 7.84182466701212
0.01 8.116817239487222
0.01 8.401812670809905
0.01 8.696810888421034
0.01 8.421817557797148
0.01 8.126819550481704
0.01 7.841824667012095
0.01 7.566832996841893
0.01 7.301844689495593
0.01 7.046859943428882
0.01 6.801879001156786
0.01 6.566902139267925
0.01 6.341929656941784
0.01 6.126961860522115
0.01 5.921999045100278
0.01 5.727041472175189
0.01 5.542089344050089
0.01 5.367142775016595
0.01 5.202201760500705
0.01 5.047266145328
0.01 4.9023355932222925
0.01 4.7674095598516395
0.01 4.642487272430496
0.01 4.527567718874642
0.01 4.422649649623421
0.01 4.327731594600179
0.01 4.242811897220163
0.01 4.167888763163945
0.01 4.102960330129578
0.01 4.048024740429136
0.01 4.003080229296077
0.01 3.968125209863868
0.01 3.943158352688157
0.01 3.9281786548523865
0.01 3.9231854927766823
0.01 3.928178654852386
0.01 3.943158352688155
0.01 3.9681252098638664
0.01 4.003080229296073
0.01 4.048024740429134
0.01 4.102960330129575
0.01 4.167888763163941
0.01 4.242811897220159
0.01 4.327731594600174
0.01 4.422649649623415
0.01 4.52756771887464
0.01 4.642487272430494
0.01 4.767409559851637
0.01 4.902335593222292
0.01 5.047266145327997
0.01 5.202201760500704
0.01 5.367142775016596
0.01 5.5420893440500905
0.01 5.727041472175196
0.01 5.921999045100284
0.01 6.126961860522119
0.01 6.341929656941793
0.01 6.566902139267935
0.01 6.801879001156799
0.01 7.046859943428894
0.01 7.301844689495609
0.01 7.566832996841914
0.01 7.841824667012119
0.01 8.126819550481738
0.01 8.421817557797185
0.01 8.156826887213526
0.01 7.861829178946112
0.01 7.57683507489239
0.01 7.301844689495593
0.01 7.036858213745143
0.01 6.781875902722801
0.01 6.536898070403266
0.01 6.301925078500533
0.01 6.076957323384471
0.01 5.861995218085431
0.01 5.657039170288912
0.01 5.4620895550446225
0.01 5.277146682743487
0.01 5.102210762262237
0.01 4.937281860525826
0.01 4.782359859855726
0.01 4.637444415717388
0.01 4.5025349179481235
0.01 4.377630459545462
0.01 4.2627298173634
0.01 4.157831449279959
0.01 4.062933511695646
0.01 3.9780338997792186
0.01 3.9031303143164595
0.01 3.8382203431786963
0.01 3.7833015721750987
0.01 3.7383716949979418
0.01 3.703428630472996
0.01 3.678470632285466
0.01 3.6634963816120516
0.01 3.658505057578908
0.01 3.663496381612051
0.01 3.678470632285465
0.01 3.7034286304729944
0.01 3.7383716949979395
0.01 3.7833015721750964
0.01 3.8382203431786936
0.01 3.9031303143164564
0.01 3.978033899779217
0.01 4.062933511695644
0.01 4.157831449279957
0.01 4.2627298173633985
0.01 4.3776304595454585
0.01 4.50253491794812
0.01 4.637444415717386
0.01 4.782359859855723
0.01 4.937281860525825
0.01 5.102210762262238
0.01 5.277146682743489
0.01 5.462089555044626
0.01 5.657039170288917
0.01 5.861995218085436
0.01 6.076957323384477
0.01 6.30192507850054
0.01 6.536898070403276
0.01 6.7818759027228115
0.01 7.0368582137451545
0.01 7.301844689495608
0.01 7.576835074892401
0.01 7.861829178946133
0.01 8.156826887213551
0.01 7.901839006210278
0.01 7.60684169408307
0.01 7.321848623434009
0.01 7.046859943428883
0.01 6.781875902722801
0.01 6.526896835430722
0.01 6.281923155706831
0.01 6.046955345288488
0.01 5.821993938546464
0.01 5.607039501308777
0.01 5.402092604249721
0.01 5.207153789039684
0.01 5.022223527604533
0.01 4.847302174092182
0.01 4.682389910832538
0.01 4.52748668984693
0.01 4.382592173183933
0.01 4.2477056761809635
0.01 4.122826119328482
0.01 4.007951995025246
0.01 3.9030813561781192
0.01 3.808211832923132
0.01 3.7233406827725957
0.01 3.648464872053009
0.01 3.5835811997831133
0.01 3.528686432980029
0.01 3.483777472604374
0.01 3.44885151526925
0.01 3.423906203999641
0.01 3.4089397575053084
0.01 3.403951067408194
0.01 3.4089397575053084
0.01 3.4239062039996404
0.01 3.448851515269249
0.01 3.483777472604373
0.01 3.528686432980028
0.01 3.583581199783112
0.01 3.648464872053007
0.01 3.723340682772593
0.01 3.80821183292313
0.01 3.903081356178116
0.01 4.007951995025243
0.01 4.122826119328481
0.01 4.247705676180963
0.01 4.382592173183931
0.01 4.52748668984693
0.01 4.682389910832538
0.01 4.8473021740921824
0.01 5.022223527604534
0.01 5.207153789039688
0.01 5.402092604249728
0.01 5.607039501308783
0.01 5.821993938546468
0.01 6.046955345288494
0.01 6.281923155706838
0.01 6.5268968354307315
0.01 6.781875902722811
0.01 7.046859943428893
0.01 7.321848623434023
0.01 7.60684169408308
0.01 7.901839006210289
0.01 7.65685407077419
0.01 7.361857262315608
0.01 7.076865507182283
0.01 6.801879001156786
0.01 6.536898070403267
0.01 6.281923155706831
0.01 6.0369548071246495
0.01 5.801993670290933
0.01 5.57704046953294
0.01 5.3620959830640755
0.01 5.157161010816807
0.01 4.96223633234849
0.01 4.777322654763755
0.01 4.602420549738195
0.01 4.437530380798859
0.01 4.282652222551411
0.01 4.1377857758631755
0.01 4.002930284468111
0.01 3.878084460829951
0.01 3.7632464305249997
0.01 3.6584137056171135
0.01 3.5635831970325347
0.01 3.4787512736575987
0.01 3.403913877312626
0.01 3.3390666759315204
0.01 3.284205276558585
0.01 3.2393254456929155
0.01 3.2044233429302995
0.01 3.179495737719923
0.01 3.164540188952899
0.01 3.1595551777757387
0.01 3.164540188952899
0.01 3.179495737719923
0.01 3.2044233429302986
0.01 3.2393254456929155
0.01 3.284205276558584
0.01 3.3390666759315186
0.01 3.4039138773126254
0.01 3.4787512736575983
0.01 3.5635831970325333
0.01 3.6584137056171118
0.01 3.763246430524999
0.01 3.8780844608299496
0.01 4.002930284468111
0.01 4.1377857758631755
0.01 4.282652222551411
0.01 4.437530380798859
0.01 4.602420549738194
0.01 4.777322654763756
0.01 4.962236332348492
0.01 5.157161010816811
0.01 5.36209598306408
0.01 5.577040469532943
0.01 5.8019936702909405
0.01 6.036954807124654
0.01 6.281923155706838
0.01 6.536898070403274
0.01 6.801879001156798
0.01 7.076865507182293
0.01 7.3618572623156195
0.01 7.6568540707742025
0.01 7.4218722551041045
0.01 7.1268760701344505
0.01 6.841885945851608
0.01 6.566902139267926
0.01 6.301925078500534
0.01 6.046955345288488
0.01 5.801993670290933
0.01 5.567040918523369
0.01 5.342098070810146
0.01 5.127166195192551
0.01 4.922246408472303
0.01 4.72733982420701
0.01 4.542447486419001
0.01 4.367570287199553
0.01 4.20270886896848
0.01 4.047863512957643
0.01 3.9030340186990458
0.01 3.7682195815936077
0.01 3.6434186793604324
0.01 3.5286289807267734
0.01 3.4238472923163745
0.01 3.3290695599148834
0.01 3.244290939111562
0.01 3.16950593787003
0.01 3.104708650458816
0.01 3.0498930333374927
0.01 3.005053243516815
0.01 2.970183973418686
0.01 2.9452807575389617
0.01 2.930340225657797
0.01 2.92536028482875
0.01 2.9303402256577966
0.01 2.9452807575389617
0.01 2.9701839734186852
0.01 3.005053243516814
0.01 3.049893033337492
0.01 3.1047086504588157
0.01 3.16950593787003
0.01 3.244290939111562
0.01 3.3290695599148825
0.01 3.4238472923163736
0.01 3.5286289807267734
0.01 3.6434186793604315
0.01 3.7682195815936073
0.01 3.9030340186990453
0.01 4.047863512957644
0.01 4.20270886896848
0.01 4.367570287199553
0.01 4.542447486419002
0.01 4.727339824207013
0.01 4.922246408472304
0.01 5.127166195192553
0.01 5.342098070810148
0.01 5.567040918523371
0.01 5.8019936702909405
0.01 6.0469553452884925
0.01 6.301925078500539
0.01 6.56690213926793
0.01 6.8418859458516135
0.01 7.126876070134462
0.01 7.421872255104115
0.01 7.196893742438135
0.01 6.901898314614734
0.01 6.616910174062133
0.01 6.341929656941785
0.01 6.076957323384472
0.01 5.8219939385464645
0.01 5.577040469532941
0.01 5.342098070810146
0.01 5.117168064790549
0.01 4.902251909833084
0.01 4.697351155203124
0.01 4.502467377750709
0.01 4.317602098413521
0.01 4.142756675283151
0.01 3.9779321730380532
0.01 3.823129209761662
0.01 3.678347786432213
0.01 3.5435871080089147
0.01 3.418845410618623
0.01 3.3041198140938284
0.01 3.1994062237287597
0.01 3.1046993068903888
0.01 3.019992567912988
0.01 2.945278545654351
0.01 2.8805491137648027
0.01 2.8257959130358077
0.01 2.781010823744467
0.01 2.7461864617499554
0.01 2.721316626778453
0.01 2.7063966542979028
0.01 2.7014236557956615
0.01 2.7063966542979023
0.01 2.721316626778453
0.01 2.7461864617499545
0.01 2.781010823744466
0.01 2.825795913035807
0.01 2.8805491137648023
0.01 2.945278545654351
0.01 3.0199925679129875
0.01 3.1046993068903883
0.01 3.1994062237287593
0.01 3.3041198140938275
0.01 3.418845410618623
0.01 3.543587108008914
0.01 3.678347786432213
0.01 3.8231292097616625
0.01 3.9779321730380532
0.01 4.1427566752831515
0.01 4.317602098413523
0.01 4.50246737775071
0.01 4.697351155203126
0.01 4.902251909833087
0.01 5.117168064790551
0.01 5.342098070810148
0.01 5.577040469532942
0.01 5.821993938546466
0.01 6.076957323384476
0.01 6.341929656941789
0.01 6.616910174062134
0.01 6.9018983146147415
0.01 7.19689374243814
0.01 6.981918713152464
0.01 6.6869241910536505
0.01 6.401938427800471
0.01 6.126961860522115
0.01 5.861995218085432
0.01 5.607039501308778
0.01 5.3620959830640755
0.01 5.127166195192551
0.01 4.902251909833083
0.01 4.68735510524052
0.01 4.482477914701775
0.01 4.287622551118983
0.01 4.1027912035825835
0.01 3.9279859003420117
0.01 3.763208336178083
0.01 3.608459663715525
0.01 3.463740253903864
0.01 3.329049436227588
0.01 3.2043852376950213
0.01 3.089744147538548
0.01 2.985120943175186
0.01 2.890508618033003
0.01 2.805898453388197
0.01 2.7312802580015734
0.01 2.6666428180885506
0.01 2.611974485325082
0.01 2.567263910882983
0.01 2.5325007831803807
0.01 2.507676477184574
0.01 2.4927845429376427
0.01 2.487821010859594
0.01 2.4927845429376423
0.01 2.5076764771845736
0.01 2.5325007831803803
0.01 2.5672639108829824
0.01 2.6119744853250815
0.01 2.6666428180885506
0.01 2.7312802580015734
0.01 2.8058984533881968
0.01 2.890508618033003
0.01 2.9851209431751853
0.01 3.0897441475385476
0.01 3.2043852376950213
0.01 3.3290494362275873
0.01 3.463740253903864
0.01 3.6084596637155255
0.01 3.7632083361780833
0.01 3.927985900342012
0.01 4.1027912035825835
0.01 4.287622551118984
0.01 4.482477914701776
0.01 4.68735510524052
0.01 4.902251909833087
0.01 5.127166195192553
0.01 5.362095983064079
0.01 5.6070395013087815
0.01 5.8619952180854344
0.01 6.126961860522116
0.01 6.401938427800474
0.01 6.68692419105366
0.01 6.981918713152468
0.01 6.776947331095126
0.01 6.481953878696131
0.01 6.196970928569751
0.01 5.921999045100279
0.01 5.657039170288913
0.01 5.402092604249722
0.01 5.157161010816808
0.01 4.922246408472303
0.01 4.697351155203124
0.01 4.482477914701775
0.01 4.277629601154709
0.01 4.082809292242705
0.01 3.898020103948984
0.01 3.723265018044519
0.01 3.5585466570100803
0.01 3.4038670029743163
0.01 3.259227064421448
0.01 3.1246265021402295
0.01 3.0000632382297145
0.01 2.8855330851375736
0.01 2.7810294463640073
0.01 2.686543151665569
0.01 2.6020624937571775
0.01 2.5275735383114473
0.01 2.463060709213049
0.01 2.4085077032222695
0.01 2.3638985692702206
0.01 2.3292188442960207
0.01 2.3044565275354114
0.01 2.289602743432818
0.01 2.2846520855346553
0.01 2.2896027434328174
0.01 2.3044565275354105
0.01 2.32921884429602
0.01 2.3638985692702197
0.01 2.4085077032222686
0.01 2.4630607092130488
0.01 2.5275735383114473
0.01 2.6020624937571766
0.01 2.6865431516655685
0.01 2.7810294463640064
0.01 2.8855330851375727
0.01 3.0000632382297137
0.01 3.1246265021402304
0.01 3.259227064421448
0.01 3.4038670029743168
0.01 3.558546657010081
0.01 3.723265018044519
0.01 3.898020103948984
0.01 4.082809292242706
0.01 4.277629601154711
0.01 4.482477914701776
0.01 4.697351155203126
0.01 4.922246408472304
0.01 5.15716101081681
0.01 5.402092604249726
0.01 5.6570391702889165
0.01 5.921999045100281
0.01 6.196970928569751
0.01 6.481953878696136
0.01 6.77694733109513
0.01 6.581979727606264
0.01 6.286987523956083
0.01 6.002007864517396
0.01 5.727041472175191
0.01 5.462089555044622
0.01 5.207153789039685
0.01 4.962236332348489
0.01 4.72733982420701
0.01 4.502467377750709
0.01 4.287622551118983
0.01 4.082809292242704
0.01 3.8880318430033523
0.01 3.703294592454852
0.01 3.52860186465516
0.01 3.3639576305546157
0.01 3.2093651349755095
0.01 3.064826438499833
0.01 2.9303418844364777
0.01 2.805909518841866
0.01 2.69152451206465
0.01 2.587178655327953
0.01 2.4928600281588174
0.01 2.4085529496761886
0.01 2.334238311078919
0.01 2.269894416245078
0.01 2.2154982676789494
0.01 2.1710272861372335
0.01 2.136461105520299
0.01 2.1117830549614567
0.01 2.0969810400023734
0.01 2.092047832602168
0.01 2.096981040002373
0.01 2.1117830549614562
0.01 2.1364611055202984
0.01 2.171027286137233
0.01 2.2154982676789494
0.01 2.2698944162450774
0.01 2.334238311078918
0.01 2.408552949676188
0.01 2.492860028158817
0.01 2.5871786553279534
0.01 2.6915245120646496
0.01 2.805909518841866
0.01 2.930341884436477
0.01 3.064826438499833
0.01 3.2093651349755095
0.01 3.3639576305546166
0.01 3.52860186465516
0.01 3.703294592454852
0.01 3.8880318430033527
0.01 4.082809292242706
0.01 4.287622551118984
0.01 4.50246737775071
0.01 4.7273398242070135
0.01 4.96223633234849
0.01 5.207153789039686
0.01 5.462089555044623
0.01 5.727041472175194
0.01 6.002007864517399
0.01 6.286987523956082
0.01 6.581979727606261
0.01 6.3970159839380765
0.01 6.102025221845772
0.01 5.8170493692377105
0.01 5.542089344050089
0.01 5.277146682743488
0.01 5.022223527604532
0.01 4.777322654763755
0.01 4.542447486419001
0.01 4.317602098413521
0.01 4.1027912035825835
0.01 3.898020103948984
0.01 3.703294592454852
0.01 3.518620788441854
0.01 3.3440048848385944
0.01 3.179452788052968
0.01 3.024969632222067
0.01 2.880559159152144
0.01 2.746222968573054
0.01 2.621959667636348
0.01 2.5077639800996976
0.01 2.403625915925521
0.01 2.3095301428501127
0.01 2.2254557342787273
0.01 2.151376501178662
0.01 2.0872620337784227
0.01 2.0330796607235055
0.01 1.9887971191163425
0.01 1.954385534934248
0.01 1.929821822117382
0.01 1.915089801900021
0.01 1.9101801361916773
0.01 1.915089801900021
0.01 1.9298218221173815
0.01 1.9543855349342478
0.01 1.988797119116342
0.01 2.033079660723505
0.01 2.0872620337784227
0.01 2.151376501178661
0.01 2.2254557342787264
0.01 2.3095301428501127
0.01 2.403625915925521
0.01 2.5077639800996976
0.01 2.621959667636348
0.01 2.746222968573054
0.01 2.880559159152144
0.01 3.024969632222067
0.01 3.1794527880529686
0.01 3.3440048848385944
0.01 3.518620788441854
0.01 3.703294592454852
0.01 3.8980201039489835
0.01 4.1027912035825835
0.01 4.317602098413521
0.01 4.542447486419001
0.01 4.777322654763755
0.01 5.022223527604533
0.01 5.277146682743487
0.01 5.54208934405009
0.01 5.817049369237713
0.01 6.102025221845772
0.01 6.397015983938076
0.01 6.222056112249179
0.01 5.9270669957785005
0.01 5.6420954983836475
0.01 5.367142775016595
0.01 5.102210762262236
0.01 4.847302174092182
0.01 4.602420549738195
0.01 4.367570287199553
0.01 4.142756675283151
0.01 3.9279859003420117
0.01 3.723265018044519
0.01 3.52860186465516
0.01 3.3440048848385944
0.01 3.1694828433678386
0.01 3.0050443891740177
0.01 2.8506974381079826
0.01 2.7064483501428285
0.01 2.572300891788998
0.01 2.4482550064139157
0.01 2.33430546069365
0.01 2.2304404994810674
0.01 2.136640712623203
0.01 2.0528783867213045
0.01 1.9791176353332989
0.01 1.9153157050140845
0.01 1.8614256622896592
0.01 1.8174007551528741
0.01 1.7831996377327124
0.01 1.7587905201178717
0.01 1.744152494613302
0.01 1.7392743113691977
0.01 1.744152494613302
0.01 1.7587905201178715
0.01 1.7831996377327117
0.01 1.8174007551528735
0.01 1.8614256622896583
0.01 1.9153157050140839
0.01 1.9791176353332982
0.01 2.0528783867213036
0.01 2.136640712623203
0.01 2.230440499481067
0.01 2.3343054606936495
0.01 2.4482550064139152
0.01 2.572300891788997
0.01 2.706448350142828
0.01 2.8506974381079826
0.01 3.005044389174018
0.01 3.1694828433678386
0.01 3.344004884838595
0.01 3.5286018646551605
0.01 3.7232650180445184
0.01 3.9279859003420117
0.01 4.142756675283151
0.01 4.367570287199552
0.01 4.602420549738193
0.01 4.847302174092182
0.01 5.102210762262234
0.01 5.367142775016593
0.01 5.642095498383647
0.01 5.9270669957785
0.01 6.222056112249179
0.01 6.0571000361627565
0.01 5.762112776763072
0.01 5.47714620516694
0.01 5.202201760500705
0.01 4.937281860525826
0.01 4.682389910832539
0.01 4.43753038079886
0.01 4.20270886896848
0.01 3.977932173038053
0.01 3.7632083361780833
0.01 3.5585466570100803
0.01 3.3639576305546157
0.01 3.179452788052968
0.01 3.0050443891740177
0.01 2.8407449170244115
0.01 2.6865663191216336
0.01 2.5425189431766415
0.01 2.4086101308030767
0.01 2.2848424701705063
0.01 2.171211772028396
0.01 2.0677049309419013
0.01 1.9742979541572958
0.01 1.8909545570658728
0.01 1.817625830657802
0.01 1.7542514286701596
0.01 1.700763169052947
0.01 1.6570918948883684
0.01 1.623177265224074
0.01 1.5989758511375072
0.01 1.5844624991865273
0.01 1.579625750549608
0.01 1.5844624991865268
0.01 1.5989758511375065
0.01 1.623177265224073
0.01 1.6570918948883673
0.01 1.7007631690529463
0.01 1.7542514286701587
0.01 1.8176258306578015
0.01 1.890954557065872
0.01 1.9742979541572951
0.01 2.0677049309419004
0.01 2.1712117720283954
0.01 2.284842470170506
0.01 2.4086101308030763
0.01 2.5425189431766415
0.01 2.686566319121633
0.01 2.8407449170244115
0.01 3.0050443891740177
0.01 3.179452788052969
0.01 3.363957630554616
0.01 3.5585466570100803
0.01 3.763208336178083
0.01 3.9779321730380524
0.01 4.202708868968479
0.01 4.437530380798857
0.01 4.682389910832536
0.01 4.937281860525823
0.01 5.202201760500702
0.01 5.477146205166935
0.01 5.762112776763069
0.01 6.057100036162754
0.01 5.902147571733646
0.01 5.607162382878174
0.01 5.322201315748534
0.01 5.047266145327998
0.01 4.782359859855724
0.01 4.52748668984693
0.01 4.282652222551411
0.01 4.047863512957644
0.01 3.8231292097616625
0.01 3.608459663715526
0.01 3.4038670029743163
0.01 3.2093651349755095
0.01 3.024969632222067
0.01 2.8506974381079826
0.01 2.686566319121633
0.01 2.532593972893727
0.01 2.3887966983727535
0.01 2.255187540955401
0.01 2.131773863970246
0.01 2.01855437776425
0.01 1.9155158021944512
0.01 1.822629542864928
0.01 1.7398489855505106
0.01 1.6671080804582898
0.01 1.6043219225247574
0.01 1.5513901742669445
0.01 1.5082073200988753
0.01 1.4746822703586937
0.01 1.4507563665181542
0.01 1.4364043485873386
0.01 1.4316204291109285
0.01 1.4364043485873383
0.01 1.4507563665181535
0.01 1.474682270358693
0.01 1.5082073200988737
0.01 1.5513901742669436
0.01 1.6043219225247554
0.01 1.6671080804582876
0.01 1.73984898555051
0.01 1.822629542864927
0.01 1.9155158021944496
0.01 2.0185543777642496
0.01 2.1317738639702455
0.01 2.2551875409554007
0.01 2.388796698372753
0.01 2.5325939728937263
0.01 2.686566319121633
0.01 2.8506974381079826
0.01 3.024969632222067
0.01 3.2093651349755095
0.01 3.4038670029743168
0.01 3.608459663715525
0.01 3.823129209761662
0.01 4.047863512957644
0.01 4.282652222551411
0.01 4.527486689846929
0.01 4.782359859855722
0.01 5.047266145327995
0.01 5.322201315748531
0.01 5.607162382878165
0.01 5.902147571733637
0.01 5.75719841026417
0.01 5.462215500553149
0.01 5.17726050625984
0.01 4.9023355932222925
0.01 4.637444415717388
0.01 4.382592173183933
0.01 4.1377857758631755
0.01 3.9030340186990458
0.01 3.678347786432213
0.01 3.463740253903864
0.01 3.259227064421448
0.01 3.064826438499833
0.01 2.880559159152144
0.01 2.7064483501428285
0.01 2.542518943176641
0.01 2.3887966983727535
0.01 2.245306620834327
0.01 2.112070603400704
0.01 1.989104148297729
0.01 1.8764121058869645
0.01 1.773983565749686
0.01 1.6817863854574318
0.01 1.5997622888090004
0.01 1.5278237545698925
0.01 1.4658527333050113
0.01 1.413700589105682
0.01 1.3711987806183075
0.01 1.3382004316291123
0.01 1.3146273670951407
0.01 1.3004704172394765
0.01 1.295748135713523
0.01 1.3004704172394754
0.01 1.3146273670951396
0.01 1.3382004316291094
0.01 1.3711987806183046
0.01 1.4137005891056789
0.01 1.465852733305009
0.01 1.527823754569891
0.01 1.5997622888089982
0.01 1.6817863854574306
0.01 1.7739835657496852
0.01 1.8764121058869634
0.01 1.9891041482977285
0.01 2.1120706034007033
0.01 2.245306620834327
0.01 2.388796698372753
0.01 2.5425189431766415
0.01 2.706448350142828
0.01 2.880559159152144
0.01 3.0648264384998334
0.01 3.2592270644214474
0.01 3.4637402539038646
0.01 3.6783477864322127
0.01 3.9030340186990444
0.01 4.137785775863175
0.01 4.38259217318393
0.01 4.637444415717385
0.01 4.902335593222287
0.01 5.1772605062598345
0.01 5.46221550055314
0.01 5.757198410264159
0.01 5.622252104366944
0.01 5.327271669163767
0.01 5.042323283271354
0.01 4.76740955985164
0.01 4.502534917948123
0.01 4.2477056761809635
0.01 4.002930284468111
0.01 3.768219581593608
0.01 3.5435871080089143
0.01 3.329049436227588
0.01 3.1246265021402295
0.01 2.9303418844364773
0.01 2.746222968573054
0.01 2.572300891788998
0.01 2.4086101308030767
0.01 2.255187540955401
0.01 2.112070603400704
0.01 1.9792945854936927
0.01 1.8568882934298814
0.01 1.7448681445744236
0.01 1.643230503048659
0.01 1.5519427705788458
0.01 1.4709346553060696
0.01 1.4000920956135496
0.01 1.3392541646005791
0.01 1.2881997465651922
0.01 1.2466396582115127
0.01 1.214308699274633
0.01 1.1911074440544385
0.01 1.1771080167523151
0.01 1.172425450640857
0.01 1.1771080167523138
0.01 1.191107444054436
0.01 1.21430869927463
0.01 1.24663965821151
0.01 1.288199746565189
0.01 1.3392541646005758
0.01 1.4000920956135465
0.01 1.4709346553060667
0.01 1.5519427705788444
0.01 1.6432305030486574
0.01 1.744868144574423
0.01 1.85688829342988
0.01 1.979294585493692
0.01 2.1120706034007033
0.01 2.255187540955401
0.01 2.4086101308030763
0.01 2.572300891788997
0.01 2.746222968573055
0.01 2.930341884436477
0.01 3.124626502140229
0.01 3.329049436227587
0.01 3.543587108008914
0.01 3.7682195815936077
0.01 4.002930284468111
0.01 4.247705676180961
0.01 4.502534917948118
0.01 4.767409559851634
0.01 5.042323283271347
0.01 5.327271669163757
0.01 5.622252104366934
0.01 5.497308059018637
0.01 5.202330270836649
0.01 4.917388969995061
0.01 4.642487272430498
0.01 4.377630459545461
0.01 4.122826119328482
0.01 3.878084460829951
0.01 3.6434186793604324
0.01 3.4188454106186232
0.01 3.2043852376950213
0.01 3.0000632382297145
0.01 2.805909518841866
0.01 2.621959667636348
0.01 2.4482550064139157
0.01 2.2848424701705063
0.01 2.131773863970246
0.01 1.9891041482977287
0.01 1.8568882934298812
0.01 1.7351761105882477
0.01 1.6240043831227433
0.01 1.523385590227559
0.01 1.4332928567567973
0.01 1.3536414916122324
0.01 1.284269902542266
0.01 1.2249313805693207
0.01000000000000088 1.1752733642670483
0.010000000001349721 1.134779456732919
0.010000000232106175 1.1029685003678826
0.010000004242346873 1.0797726848175595
0.010000016145741544 1.0655588446761914
0.010000023373900175 1.0607626047796004
0.010000016145741544 1.0655588446761892
0.010000004242346873 1.0797726848175564
0.010000000232106175 1.1029685003678775
0.010000000001349721 1.1347794567329141
0.01000000000000088 1.1752733642670434
0.01 1.2249313805693174
0.01 1.2842699025422615
0.01 1.35364149161223
0.01 1.433292856756795
0.01 1.5233855902275577
0.01 1.6240043831227422
0.01 1.7351761105882466
0.01 1.85688829342988
0.01 1.9891041482977285
0.01 2.1317738639702455
0.01 2.284842470170506
0.01 2.4482550064139152
0.01 2.621959667636348
0.01 2.805909518841866
0.01 3.000063238229713
0.01 3.2043852376950204
0.01 3.4188454106186223
0.01 3.643418679360431
0.01 3.8780844608299483
0.01 4.1228261193284785
0.01 4.3776304595454585
0.01 4.642487272430491
0.01 4.917388969995054
0.01 5.202330270836638
0.01 5.497308059018626
0.01 5.382365529158756
0.01 5.0873905271762005
0.01 4.8024567004172125
0.01 4.527567718874642
0.01 4.2627298173634
0.01 4.007951995025246
0.01 3.763246430525
0.01 3.5286289807267734
0.01 3.3041198140938284
0.01 3.089744147538548
0.01 2.8855330851375736
0.01 2.69152451206465
0.01 2.5077639800996976
0.01 2.33430546069365
0.01 2.171211772028396
0.01 2.01855437776425
0.01 1.8764121058869643
0.01 1.7448681445744234
0.01 1.6240043831227433
0.01 1.5138916623812053
0.01 1.4145728517372231
0.01 1.3260300847068245
0.01 1.2481261684783211
0.01 1.1805234688726125
0.010000000023803439 1.1226455931081458
0.010000063316981698 1.0738459034488779
0.01000946217216268 1.0335168543646973
0.010202684360737764 1.0012390911297342
0.011110949551989515 0.9771621239785728
0.012360330578729345 0.9620869256110115
0.012851699126585556 0.9569348180617899
0.012360330578730223 0.9620869256110096
0.011110949551987756 0.9771621239785685
0.010202684360737764 1.001239091129729
0.01000946217216268 1.0335168543646913
0.010000063316981698 1.0738459034488723
0.010000000023803439 1.1226455931081423
0.01 1.180523468872608
0.01 1.2481261684783171
0.01 1.3260300847068212
0.01 1.4145728517372198
0.01 1.5138916623812042
0.01 1.6240043831227422
0.01 1.7448681445744225
0.01 1.8764121058869632
0.01 2.018554377764249
0.01 2.1712117720283954
0.01 2.3343054606936495
0.01 2.507763980099697
0.01 2.69152451206465
0.01 2.8855330851375727
0.01 3.0897441475385476
0.01 3.304119814093827
0.01 3.5286289807267734
0.01 3.7632464305249975
0.01 4.007951995025241
0.01 4.262729817363396
0.01 4.527567718874637
0.01 4.802456700417205
0.01 5.087390527176193
0.01 5.382365529158747
0.01 5.277423625351394
0.01 4.9824515046130085
0.01 4.69752542353302
0.01 4.42264964962342
0.01 4.15783144927996
0.01 3.903081356178119
0.01 3.6584137056171144
0.01 3.4238472923163745
0.01 3.19940622372876
0.01 2.9851209431751866
0.01 2.7810294463640073
0.01 2.587178655327953
0.01 2.403625915925521
0.01 2.230440499481067
0.01 2.067704930941901
0.01 1.9155158021944507
0.01 1.7739835657496859
0.01 1.6432305030486585
0.01 1.5233855902275588
0.01 1.4145728517372227
0.01 1.3168776227165424
0.01 1.2302427717463067
0.010000000000080016 1.154235409538506
0.01000001081114382 1.0879304420938882
0.010019294958578886 1.0302062993838415
0.01143143421392292 0.9803683918863949
0.024912294831288075 0.9384396205830695
0.06690766546658707 0.9046294017539017
0.12979962593671135 0.8792110601219645
0.18365130242603783 0.8630979249789982
0.20441529417116314 0.8575315433825144
0.1836513024260431 0.8630979249789956
0.12979962593671576 0.8792110601219593
0.06690766546654969 0.9046294017538956
0.024912294831300384 0.9384396205830627
0.01143143421392292 0.9803683918863889
0.010019294958578886 1.0302062993838348
0.01000001081114382 1.0879304420938827
0.010000000000080016 1.1542354095385006
0.01 1.230242771746302
0.01 1.3168776227165382
0.01 1.41457285173722
0.01 1.5233855902275577
0.01 1.6432305030486571
0.01 1.773983565749685
0.01 1.9155158021944496
0.01 2.0677049309419004
0.01 2.2304404994810665
0.01 2.4036259159255216
0.01 2.587178655327953
0.01 2.7810294463640064
0.01 2.9851209431751853
0.01 3.199406223728759
0.01 3.4238472923163727
0.01 3.6584137056171113
0.01 3.903081356178114
0.01 4.157831449279955
0.01 4.422649649623415
0.01 4.697525423533013
0.01 4.982451504612999
0.01 5.277423625351384
0.01 5.1824813284391205
0.01 4.887512129495657
0.01 4.602593919274088
0.01 4.327731594600181
0.01 4.062933511695647
0.01 3.8082118329231327
0.01 3.5635831970325356
0.01 3.329069559914884
0.01 3.1046993068903888
0.01 2.8905086180330035
0.01 2.686543151665569
0.01 2.492860028158817
0.01 2.3095301428501123
0.01 2.1366407126232025
0.01 1.9742979541572954
0.01 1.8226295428649275
0.01 1.681786385457431
0.01 1.5519427705788453
0.01 1.4332928567567966
0.01 1.3260300847068238
0.01 1.2302427717463063
0.010000000000494166 1.1455465553321038
0.010000154087486491 1.0706613718584912
0.010240422660360965 1.0038442482981207
0.021902046436216904 0.9442293078765472
0.08558493679264541 0.8918757158148011
0.176427266602892 0.8473020448959179
0.27458547761458124 0.8113894957234771
0.3876003936164515 0.7846782355641838
0.49281852428322614 0.7678680522722611
0.5377921431170978 0.7620698971163932
0.49281852428325035 0.7678680522722587
0.38760039361657284 0.7846782355641789
0.2745854776146485 0.8113894957234706
0.17642726660293687 0.8473020448959128
0.08558493679266564 0.8918757158147951
0.02190204643622482 0.9442293078765404
0.010240422660360965 1.0038442482981136
0.010000154087486491 1.0706613718584828
0.010000000000494166 1.1455465553320974
0.01 1.2302427717463016
0.01 1.326030084706821
0.01 1.4332928567567946
0.01 1.5519427705788436
0.01 1.6817863854574304
0.01 1.8226295428649264
0.01 1.9742979541572951
0.01 2.1366407126232025
0.01 2.3095301428501123
0.01 2.4928600281588165
0.01 2.6865431516655676
0.01 2.8905086180330026
0.01 3.104699306890388
0.01 3.3290695599148816
0.01 3.563583197032533
0.01 3.8082118329231287
0.01 4.0629335116956415
0.01 4.3277315946001735
0.01 4.602593919274077
0.01 4.8875121294956445
0.01 5.182481328439107
0.01 5.097537513829385
0.01 4.802571213782303
0.01 4.517660826926653
0.01 4.2428118972201645
0.01 3.9780338997792204
0.01 3.7233406827725966
0.01 3.4787512736575996
0.01 3.244290939111562
0.01 3.019992567912988
0.01 2.805898453388197
0.01 2.6020624937571775
0.01 2.4085529496761886
0.01 2.2254557342787264
0.01 2.0528783867213036
0.01 1.8909545570658721
0.01 1.7398489855505097
0.01 1.5997622888089995
0.01 1.470934655306068
0.01 1.3536414916122324
0.01 1.2481261684783196
0.010000000000080016 1.1542354095385052
0.010000154087486491 1.0706613718584903
0.010473305473976416 0.9950401764737213
0.0329502100075798 0.9258846091684987
0.13168953185114127 0.8631098006763003
0.272679151646295 0.8076530850687244
0.44580481380813175 0.7604591405598556
0.6380595511439549 0.722568154846067
0.8250918184041691 0.6948661120760377
0.973320106379184 0.6778603216115782
1.0322052821917047 0.6720937127656647
0.9733201063792266 0.6778603216115758
0.8250918184042673 0.6948661120760343
0.6380595511440863 0.7225681548460626
0.44580481380818715 0.7604591405598504
0.2726791516462471 0.8076530850687176
0.1316895318511553 0.8631098006762932
0.032950210007583317 0.92588460916849
0.010473305473976416 0.9950401764737128
0.010000154087486491 1.070661371858482
0.010000000000080016 1.1542354095385001
0.01 1.2481261684783167
0.01 1.3536414916122297
0.01 1.4709346553060654
0.01 1.5997622888089977
0.01 1.7398489855505088
0.01 1.8909545570658717
0.01 2.0528783867213027
0.01 2.225455734278727
0.01 2.4085529496761873
0.01 2.6020624937571757
0.01 2.8058984533881968
0.01 3.019992567912987
0.01 3.2442909391115613
0.01 3.478751273657597
0.01 3.723340682772592
0.01 3.9780338997792146
0.01 4.2428118972201565
0.01 4.517660826926643
0.01 4.80257121378229
0.01 5.097537513829372
0.01 5.022590985431598
0.01 4.727627490085247
0.01 4.4427246875398
0.01 4.167888763163947
0.01 3.903130314316461
0.01 3.6484648720530095
0.01 3.4039138773126267
0.01 3.1695059378700305
0.01 2.9452785456543515
0.01 2.731280258001574
0.01 2.5275735383114473
0.01 2.334238311078919
0.01 2.1513765011786616
0.01 1.9791176353332984
0.01 1.8176258306578015
0.01 1.6671080804582885
0.01 1.5278237545698914
0.01 1.4000920956135483
0.01 1.284269902542264
0.01 1.1805234688726107
0.01000001081114382 1.0879304420938873
0.010240422660360965 1.0038442482981194
0.03295021000759211 0.9258846091684976
0.14582195799377293 0.8533883000490837
0.3305955515752972 0.7872623729104931
0.5851109759904657 0.7289272496534175
0.892750602510818 0.6798460991752752
1.1971183842961395 0.6410637937515021
1.4435684134906872 0.613138624762294
1.6052507287884363 0.5962903535495717
1.6625786453134521 0.5906506803764756
1.605250728788493 0.5962903535495703
1.4435684134907567 0.6131386247622913
1.197118384296183 0.6410637937514984
0.8927506025109094 0.6798460991752707
0.5851109759906276 0.7289272496534097
0.33059555157529275 0.7872623729104852
0.14582195799381956 0.8533883000490753
0.03295021000759211 0.9258846091684894
0.010240422660360965 1.0038442482981127
0.01000001081114382 1.0879304420938818
0.01 1.1805234688726076
0.01 1.2842699025422608
0.01 1.4000920956135456
0.01 1.5278237545698898
0.01 1.6671080804582865
0.01 1.8176258306578015
0.01 1.9791176353332975
0.01 2.1513765011786603
0.01 2.3342383110789178
0.01 2.5275735383114464
0.01 2.731280258001573
0.01 2.9452785456543498
0.01 3.169505937870029
0.01 3.403913877312624
0.01 3.648464872053006
0.01 3.9031303143164546
0.01 4.16788876316394
0.01 4.442724687539792
0.01 4.727627490085232
0.01 5.02259098543158
0.01 4.957640518015055
0.01 4.66267965855574
0.01 4.377783993612506
0.01 4.10296033012958
0.01 3.8382203431786968
0.01 3.5835811997831146
0.01 3.339066675931521
0.01 3.104708650458816
0.01 2.8805491137648027
0.01 2.666642818088551
0.01 2.463060709213049
0.01 2.2698944162450774
0.01 2.0872620337784222
0.01 1.915315705014084
0.01 1.7542514286701592
0.01 1.6043219225247556
0.01 1.4658527333050093
0.01 1.3392541646005773
0.01 1.224931380569319
0.010000000023803439 1.1226455931081432
0.010019294958578886 1.0302062993838386
0.02190204643622394 0.944229307876545
0.1316895318511905 0.863109800676299
0.3305955515752844 0.7872623729104926
0.6414862967275725 0.7182326328503138
1.050855473660361 0.6581546683774034
1.4655883208252 0.6084685476370635
1.8152517936168469 0.5697108991428681
2.072119996874091 0.5420064386238044
2.228272029854572 0.5253746832506768
2.280811236015975 0.5198277573408026
2.22827202985459 0.5253746832506757
2.0721199968741364 0.5420064386238026
1.8152517936169366 0.5697108991428649
1.4655883208252514 0.6084685476370589
1.0508554736605118 0.6581546683773989
0.641486296727784 0.7182326328503067
0.33059555157529275 0.7872623729104846
0.13168953185115093 0.8631098006762926
0.02190204643622746 0.9442293078765394
0.010019294958578886 1.0302062993838332
0.010000000023803439 1.122645593108141
0.01 1.2249313805693156
0.01 1.3392541646005744
0.01 1.4658527333050078
0.01 1.6043219225247538
0.01 1.7542514286701574
0.01 1.9153157050140832
0.01 2.0872620337784222
0.01 2.2698944162450774
0.01 2.4630607092130483
0.01 2.6666428180885497
0.01 2.8805491137648014
0.01 3.1047086504588157
0.01 3.3390666759315177
0.01 3.5835811997831106
0.01 3.8382203431786928
0.01 4.102960330129573
0.01 4.377783993612497
0.01 4.662679658555731
0.01 4.957640518015046
0.01 4.902684903421185
0.01 4.607726434639472
0.01 4.3228372531594275
0.01 4.048024740429137
0.01 3.783301572175099
0.01 3.5286864329800305
0.01 3.2842052765585854
0.01 3.049893033337493
0.01 2.8257959130358072
0.01 2.611974485325082
0.01 2.408507703222269
0.01 2.2154982676789494
0.01 2.0330796607235047
0.01 1.861425662289658
0.01 1.7007631690529463
0.01 1.5513901742669436
0.01 1.4137005891056793
0.01 1.2881997465651893
0.01000000000000088 1.1752733642670457
0.010000063316981698 1.073845903448874
0.01143143421392292 0.9803683918863914
0.08558493679267838 0.8918757158147982
0.27267915164627704 0.8076530850687221
0.5851109759904741 0.7289272496534158
1.050855473660376 0.6581546683774029
1.5616823535001354 0.5975608325798839
2.008257578013726 0.5479702814628405
2.357626497880847 0.5094717731434782
2.606674648819024 0.4820144660796042
2.7559611587743365 0.4655539146449187
2.8057285300016193 0.4600688123548379
2.755961158774346 0.46555391464491785
2.6066746488190393 0.48201446607960236
2.357626497880883 0.5094717731434761
2.0082575780138145 0.5479702814628374
1.5616823535001745 0.5975608325798795
1.0508554736605014 0.6581546683773983
0.5851109759906047 0.728927249653409
0.27267915164626605 0.8076530850687161
0.08558493679263926 0.8918757158147931
0.01143143421392292 0.9803683918863869
0.010000063316981698 1.0738459034488697
0.01000000000000088 1.1752733642670414
0.01 1.2881997465651862
0.01 1.4137005891056762
0.01 1.5513901742669425
0.01 1.7007631690529452
0.01 1.8614256622896572
0.01 2.033079660723505
0.01 2.2154982676789485
0.01 2.4085077032222677
0.01 2.6119744853250815
0.01 2.825795913035806
0.01 3.049893033337491
0.01 3.2842052765585836
0.01 3.5286864329800274
0.01 3.783301572175096
0.01 4.048024740429132
0.01 4.322837253159423
0.01 4.607726434639464
0.01 4.902684903421174
0.01 4.857723002263627
0.01 4.562766606174008
0.01 4.27788305311962
0.01 4.003080229296078
0.01 3.7383716949979418
0.01 3.4837774726043746
0.01 3.2393254456929164
0.01 3.005053243516816
0.01 2.7810108237444666
0.01 2.567263910882983
0.01 2.36389856927022
0.01 2.171027286137233
0.01 1.988797119116342
0.01 1.817400755152873
0.01 1.6570918948883668
0.01 1.5082073200988733
0.01 1.3711987806183044
0.01 1.24663965821151
0.010000000001349721 1.1347794567329146
0.01000946217216268 1.0335168543646922
0.024912294831298625 0.9384396205830644
0.1764272666028973 0.8473020448959144
0.4458048138081392 0.7604591405598523
0.8927506025108676 0.6798460991752733
1.4655883208252154 0.6084685476370623
2.008257578013742 0.54797028146284
2.453111466755534 0.498633014255611
2.794890831763225 0.4603792464133121
3.036932226796019 0.4331148156890867
3.181479403645154 0.4167776647530303
3.2295683119814447 0.41133523539155814
3.181479403645165 0.41677766475302946
3.036932226796044 0.43311481568908533
2.7948908317632397 0.46037924641330974
2.453111466755542 0.4986330142556082
2.0082575780138123 0.5479702814628367
1.4655883208252696 0.6084685476370578
0.8927506025109001 0.6798460991752682
0.4458048138081357 0.7604591405598481
0.17642726660293423 0.84730204489591
0.024912294831299503 0.9384396205830593
0.01000946217216268 1.0335168543646875
0.010000000001349721 1.1347794567329104
0.01 1.246639658211507
0.01 1.3711987806183017
0.01 1.5082073200988715
0.01 1.657091894888365
0.01 1.8174007551528717
0.01 1.9887971191163412
0.01 2.1710272861372313
0.01 2.363898569270219
0.01 2.5672639108829824
0.01 2.7810108237444657
0.01 3.0050532435168136
0.01 3.239325445692915
0.01 3.4837774726043724
0.01 3.73837169499794
0.01 4.003080229296074
0.01 4.277883053119614
0.01 4.562766606173998
0.01 4.857723002263616
0.01 4.822753797017826
0.01 4.527799089502497
0.01 4.2429201263178715
0.01 3.9681252098638686
0.01 3.7034286304729966
0.01 3.44885151526925
0.01 3.2044233429303004
0.01 2.9701839734186866
0.01 2.7461864617499554
0.01 2.5325007831803803
0.01 2.3292188442960207
0.01 2.1364611055202984
0.01 1.9543855349342476
0.01 1.7831996377327117
0.01 1.6231772652240726
0.01 1.4746822703586917
0.01 1.338200431629108
0.01 1.2143086992746293
0.010000000232106175 1.1029685003678769
0.010202684360737764 1.0012390911297275
0.06690766546659674 0.9046294017538954
0.274585477614634 0.8113894957234715
0.6380595511440428 0.7225681548460632
1.1971183842961923 0.6410637937514994
1.8152517936168968 0.5697108991428664
2.357626497880876 0.5094717731434777
2.794890831763229 0.46037924641331196
3.130073348718438 0.4223202494967441
3.367141750088311 0.3951981584499648
3.5085460473396117 0.37894858093070105
3.55555270378753 0.3735358310629509
3.5085460473396184 0.37894858093070044
3.367141750088328 0.3951981584499636
3.130073348718478 0.4223202494967419
2.7948908317632415 0.46037924641330885
2.3576264978808936 0.5094717731434746
1.8152517936169366 0.5697108991428623
1.1971183842961974 0.6410637937514952
0.6380595511440854 0.7225681548460583
0.2745854776146085 0.8113894957234659
0.06690766546654353 0.9046294017538905
0.010202684360737764 1.0012390911297229
0.010000000232106175 1.1029685003678718
0.01 1.2143086992746248
0.01 1.3382004316291047
0.01 1.4746822703586895
0.01 1.6231772652240712
0.01 1.7831996377327106
0.01 1.9543855349342472
0.01 2.136461105520298
0.01 2.3292188442960198
0.01 2.5325007831803803
0.01 2.7461864617499545
0.01 2.9701839734186857
0.01 3.2044233429302986
0.01 3.448851515269249
0.01 3.7034286304729944
0.01 3.9681252098638655
0.01 4.24292012631787
0.01 4.5277990895024915
0.01 4.822753797017821
0.01 4.797776438787919
0.01 4.502822979995464
0.01 4.2179474137023645
0.01 3.943158352688157
0.01 3.678470632285466
0.01 3.4239062039996413
0.01 3.179495737719923
0.01 2.945280757538962
0.01 2.7213166267784534
0.01 2.507676477184573
0.01 2.304456527535411
0.01 2.1117830549614562
0.01 1.9298218221173808
0.01 1.7587905201178708
0.01 1.5989758511375052
0.01 1.4507563665181524
0.01 1.3146273670951378
0.01 1.1911074440544336
0.010000004242346873 1.0797726848175533
0.011110949551988636 0.977162123978566
0.12979962593671399 0.8792110601219572
0.3876003936165553 0.7846782355641773
0.8250918184042931 0.694866112076033
1.4435684134907694 0.6131386247622912
2.0721199968741404 0.5420064386238027
2.6066746488190504 0.48201446607960324
3.0369322267960293 0.4331148156890863
3.3671417500883156 0.3951981584499648
3.600784083299218 0.36817550373372543
3.7401312371326703 0.35198544565096546
3.786446338657839 0.3465925974329711
3.740131237132673 0.3519854456509647
3.6007840832992226 0.3681755037337242
3.36714175008834 0.3951981584499631
3.0369322267960657 0.4331148156890835
2.6066746488190615 0.48201446607959975
2.072119996874196 0.5420064386237987
1.44356841349082 0.6131386247622859
0.8250918184042892 0.6948661120760276
0.3876003936166014 0.7846782355641715
0.1297996259367272 0.8792110601219504
0.011110949551986878 0.9771621239785596
0.010000004242346873 1.0797726848175475
0.01 1.1911074440544287
0.01 1.3146273670951363
0.01 1.4507563665181504
0.01 1.598975851137503
0.01 1.7587905201178702
0.01 1.9298218221173797
0.01 2.111783054961455
0.01 2.3044565275354096
0.01 2.5076764771845728
0.01 2.721316626778452
0.01 2.9452807575389617
0.01 3.179495737719923
0.01 3.4239062039996395
0.01 3.678470632285465
0.01 3.943158352688155
0.01 4.217947413702363
0.01 4.502822979995462
0.01 4.797776438787915
0.01 4.782790288687595
0.01 4.4878375966472985
0.01 4.2029641173608
0.01 3.928178654852387
0.01 3.663496381612052
0.01 3.408939757505309
0.01 3.164540188952899
0.01 2.9303402256577966
0.01 2.7063966542979028
0.01 2.4927845429376427
0.01 2.2896027434328174
0.01 2.0969810400023725
0.01 1.9150898019000204
0.01 1.7441524946133016
0.01 1.584462499186525
0.01 1.4364043485873355
0.01 1.3004704172394732
0.01 1.1771080167523102
0.010000016145741544 1.0655588446761848
0.012360330578730223 0.962086925611005
0.18365130242605585 0.8630979249789916
0.4928185242832829 0.767868052272255
0.9733201063792833 0.6778603216115733
1.605250728788558 0.5962903535495686
2.2282720298546526 0.5253746832506755
2.7559611587743524 0.46555391464491824
3.181479403645165 0.41677766475302985
3.508546047339622 0.378948580930701
3.740131237132673 0.3519854456509655
3.8782863585418754 0.33583036781763875
3.924207660863083 0.33044911221891315
3.878286358541882 0.335830367817638
3.7401312371326796 0.35198544565096396
3.5085460473396353 0.378948580930699
3.18147940364519 0.41677766475302686
2.7559611587743778 0.4655539146449146
2.228272029854661 0.5253746832506712
1.605250728788613 0.5962903535495638
0.9733201063793611 0.6778603216115671
0.4928185242833119 0.7678680522722481
0.1836513024260695 0.8630979249789844
0.012360330578728464 0.9620869256109978
0.010000016145741544 1.0655588446761786
0.01 1.177108016752306
0.01 1.3004704172394692
0.01 1.4364043485873335
0.01 1.5844624991865233
0.01 1.7441524946133005
0.01 1.9150898019000198
0.01 2.0969810400023716
0.01 2.289602743432817
0.01 2.4927845429376414
0.01 2.706396654297902
0.01 2.930340225657797
0.01 3.164540188952898
0.01 3.4089397575053075
0.01 3.6634963816120503
0.01 3.928178654852386
0.01 4.2029641173608
0.01 4.4878375966473
0.01 4.782790288687594
0.01 4.777794950129035
0.01 4.482842516649715
0.01 4.197969741320171
0.01 3.9231854927766823
0.01 3.658505057578908
0.01 3.403951067408194
0.01 3.1595551777757387
0.01 2.92536028482875
0.01 2.701423655795661
0.01 2.487821010859594
0.01 2.284652085534655
0.01 2.0920478326021676
0.01 1.9101801361916764
0.01 1.7392743113691966
0.01 1.5796257505496065
0.01 1.4316204291109262
0.01 1.2957481357135194
0.01 1.172425450640852
0.010000023373900175 1.0607626047795944
0.012851699126586435 0.9569348180617835
0.20441529417119128 0.8575315433825084
0.5377921431171466 0.7620698971163876
1.0322052821918655 0.6720937127656602
1.662578645313564 0.5906506803764741
2.2808112360159964 0.5198277573408016
2.8057285300016535 0.4600688123548376
3.229568311981458 0.4113352353915586
3.5555527037875287 0.3735358310629513
3.7864463386578375 0.3465925974329716
3.9242076608630807 0.3304491122189134
3.9699999999999998 0.32507168175118223
3.9242076608630883 0.33044911221891254
3.786446338657854 0.34659259743296983
3.5555527037875545 0.37353583106294863
3.22956831198148 0.411335235391555
2.805728530001692 0.4600688123548334
2.2808112360160693 0.5198277573407961
1.6625786453135927 0.5906506803764674
1.0322052821918608 0.6720937127656538
0.5377921431171747 0.7620698971163808
0.20441529417120097 0.8575315433825011
0.012851699126583798 0.9569348180617766
0.010000023373900175 1.0607626047795882
0.01 1.1724254506408467
0.01 1.2957481357135154
0.01 1.4316204291109238
0.01 1.5796257505496043
0.01 1.7392743113691949
0.01 1.9101801361916757
0.01 2.0920478326021676
0.01 2.2846520855346544
0.01 2.487821010859594
0.01 2.70142365579566
0.01 2.9253602848287517
0.01 3.1595551777757382
0.01 3.4039510674081925
0.01 3.6585050575789086
0.01 3.923185492776682
0.01 4.19796974132017
0.01 4.482842516649716
0.01 4.777794950129035
0.01 4.782790288687593
0.01 4.487837596647298
0.01 4.202964117360799
0.01 3.928178654852386
0.01 3.663496381612051
0.01 3.4089397575053084
0.01 3.164540188952899
0.01 2.9303402256577966
0.01 2.7063966542979028
0.01 2.4927845429376427
0.01 2.2896027434328174
0.01 2.0969810400023725
0.01 1.9150898019000204
0.01 1.7441524946133016
0.01 1.5844624991865248
0.01 1.4364043485873357
0.01 1.300470417239473
0.01 1.1771080167523094
0.010000016145741544 1.065558844676184
0.012360330578727586 0.9620869256110034
0.1836513024260884 0.8630979249789901
0.4928185242833589 0.7678680522722541
0.9733201063793224 0.6778603216115732
1.6052507287885682 0.5962903535495688
2.2282720298546494 0.5253746832506759
2.755961158774348 0.46555391464491874
3.181479403645156 0.4167776647530303
3.5085460473396104 0.3789485809307013
3.7401312371326703 0.3519854456509655
3.878286358541876 0.3358303678176385
3.924207660863084 0.3304491122189129
3.8782863585418856 0.33583036781763753
3.7401312371326867 0.3519854456509635
3.508546047339645 0.3789485809306983
3.1814794036451945 0.41677766475302613
2.7559611587743755 0.4655539146449138
2.228272029854668 0.5253746832506707
1.6052507287886217 0.5962903535495631
0.9733201063793391 0.6778603216115666
0.49281852428332995 0.7678680522722479
0.18365130242609543 0.8630979249789837
0.012360330578727586 0.9620869256109972
0.010000016145741544 1.0655588446761781
0.01 1.1771080167523056
0.01 1.300470417239469
0.01 1.4364043485873332
0.01 1.584462499186523
0.01 1.7441524946133002
0.01 1.9150898019000195
0.01 2.0969810400023716
0.01 2.289602743432817
0.01 2.4927845429376414
0.01 2.706396654297902
0.01 2.9303402256577975
0.01 3.164540188952898
0.01 3.408939757505307
0.01 3.66349638161205
0.01 3.9281786548523856
0.01 4.202964117360799
0.01 4.487837596647299
0.01 4.782790288687595
0.01 4.797776438787916
0.01 4.502822979995462
0.01 4.217947413702363
0.01 3.9431583526881555
0.01 3.6784706322854652
0.01 3.4239062039996404
0.01 3.179495737719923
0.01 2.9452807575389612
0.01 2.721316626778453
0.01 2.507676477184573
0.01 2.304456527535411
0.01 2.111783054961456
0.01 1.929821822117381
0.01 1.7587905201178708
0.01 1.5989758511375054
0.01 1.4507563665181522
0.01 1.3146273670951378
0.01 1.1911074440544327
0.010000004242346873 1.0797726848175526
0.011110949551987756 0.9771621239785648
0.12979962593675312 0.8792110601219562
0.38760039361659526 0.7846782355641775
0.82509181840429 0.6948661120760333
1.4435684134908007 0.613138624762292
2.0721199968741346 0.5420064386238045
2.60667464881901 0.48201446607960463
3.0369322267960204 0.4331148156890873
3.3671417500882836 0.39519815844996586
3.6007840832991946 0.36817550373372504
3.7401312371326734 0.35198544565096507
3.786446338657847 0.3465925974329708
3.740131237132687 0.351985445650964
3.6007840832992413 0.3681755037337232
3.3671417500883494 0.39519815844996153
3.036932226796073 0.4331148156890823
2.6066746488190784 0.4820144660795983
2.0721199968742083 0.5420064386237976
1.4435684134908244 0.6131386247622848
0.8250918184042875 0.6948661120760267
0.3876003936166014 0.7846782355641706
0.12979962593672104 0.8792110601219498
0.011110949551986878 0.9771621239785588
0.010000004242346873 1.0797726848175473
0.01 1.1911074440544278
0.01 1.3146273670951358
0.01 1.4507563665181502
0.01 1.598975851137503
0.01 1.7587905201178697
0.01 1.9298218221173797
0.01 2.111783054961455
0.01 2.3044565275354096
0.01 2.507676477184573
0.01 2.721316626778452
0.01 2.9452807575389617
0.01 3.1794957377199227
0.01 3.423906203999639
0.01 3.6784706322854643
0.01 3.943158352688155
0.01 4.217947413702363
0.01 4.502822979995463
0.01 4.797776438787916
0.01 4.822753797017823
0.01 4.527799089502492
0.01 4.242920126317869
0.01 3.9681252098638673
0.01 3.7034286304729958
0.01 3.4488515152692494
0.01 3.2044233429302986
0.01 2.9701839734186857
0.01 2.7461864617499554
0.01 2.5325007831803803
0.01 2.32921884429602
0.01 2.1364611055202984
0.01 1.9543855349342478
0.01 1.7831996377327117
0.01 1.623177265224073
0.01 1.4746822703586917
0.01 1.3382004316291085
0.01 1.214308699274629
0.010000000232106175 1.1029685003678764
0.010202684360737764 1.001239091129728
0.06690766546656596 0.904629401753896
0.27458547761463137 0.8113894957234724
0.6380595511440542 0.722568154846065
1.1971183842961606 0.6410637937515027
1.81525179361683 0.5697108991428697
2.357626497880832 0.5094717731434799
2.7948908317632046 0.4603792464133138
3.1300733487184162 0.4223202494967457
3.3671417500882823 0.39519815844996564
3.508546047339613 0.3789485809307005
3.5555527037875425 0.37353583106294985
3.5085460473396375 0.37894858093069883
3.3671417500883485 0.3951981584499618
3.1300733487184957 0.42232024949673996
2.7948908317632863 0.4603792464133068
2.3576264978809354 0.5094717731434721
1.8152517936169563 0.5697108991428597
1.1971183842962085 0.6410637937514928
0.638059551144085 0.7225681548460564
0.2745854776146094 0.8113894957234644
0.0669076654665488 0.9046294017538893
0.010202684360737764 1.0012390911297215
0.010000000232106175 1.1029685003678713
0.01 1.2143086992746235
0.01 1.3382004316291045
0.01 1.474682270358689
0.01 1.6231772652240715
0.01 1.7831996377327102
0.01 1.9543855349342474
0.01 2.136461105520298
0.01 2.3292188442960193
0.01 2.5325007831803803
0.01 2.7461864617499545
0.01 2.9701839734186857
0.01 3.204423342930299
0.01 3.448851515269249
0.01 3.703428630472994
0.01 3.9681252098638655
0.01 4.242920126317869
0.01 4.52779908950249
0.01 4.82275379701782
0.01 4.857723002263621
0.01 4.562766606174002
0.01 4.277883053119616
0.01 4.003080229296075
0.01 3.738371694997941
0.01 3.4837774726043733
0.01 3.2393254456929155
0.01 3.0050532435168145
0.01 2.7810108237444666
0.01 2.567263910882982
0.01 2.36389856927022
0.01 2.171027286137233
0.01 1.9887971191163423
0.01 1.8174007551528735
0.01 1.6570918948883666
0.01 1.5082073200988741
0.01 1.3711987806183048
0.01 1.2466396582115098
0.010000000001349721 1.1347794567329157
0.01000946217216268 1.0335168543646935
0.02491229483129423 0.9384396205830674
0.17642726660289992 0.8473020448959182
0.4458048138081265 0.7604591405598581
0.892750602510774 0.6798460991752797
1.465588320825053 0.6084685476370671
2.0082575780136245 0.5479702814628425
2.4531114667555207 0.49863301425561346
2.794890831763194 0.460379246413314
3.0369322267959995 0.433114815689087
3.181479403645148 0.41677766475302935
3.229568311981465 0.41133523539155675
3.18147940364519 0.4167776647530275
3.036932226796081 0.4331148156890828
2.794890831763289 0.46037924641330696
2.453111466755604 0.4986330142556046
2.0082575780138283 0.5479702814628331
1.465588320825336 0.6084685476370546
0.8927506025109622 0.6798460991752647
0.44580481380818143 0.7604591405598448
0.1764272666029316 0.8473020448959067
0.024912294831283675 0.9384396205830574
0.01000946217216268 1.0335168543646862
0.010000000001349721 1.1347794567329093
0.01 1.246639658211506
0.01 1.3711987806183008
0.01 1.5082073200988715
0.01 1.6570918948883646
0.01 1.8174007551528713
0.01 1.9887971191163412
0.01 2.1710272861372313
0.01 2.363898569270219
0.01 2.5672639108829824
0.01 2.7810108237444657
0.01 3.0050532435168136
0.01 3.239325445692915
0.01 3.483777472604372
0.01 3.73837169499794
0.01 4.003080229296073
0.01 4.277883053119614
0.01 4.562766606173998
0.01 4.857723002263615
0.01 4.90268490342118
0.01 4.60772643463947
0.01 4.322837253159427
0.01 4.048024740429135
0.01 3.7833015721750973
0.01 3.5286864329800283
0.01 3.2842052765585845
0.01 3.049893033337492
0.01 2.8257959130358072
0.01 2.6119744853250815
0.01 2.4085077032222686
0.01 2.215498267678949
0.01 2.0330796607235055
0.01 1.861425662289658
0.01 1.7007631690529461
0.01 1.5513901742669436
0.01 1.4137005891056798
0.01 1.2881997465651922
0.01000000000000088 1.1752733642670465
0.010000063316981698 1.0738459034488772
0.011431434213926436 0.9803683918863978
0.08558493679262474 0.8918757158148061
0.2726791516461684 0.807653085068731
0.5851109759903317 0.7289272496534224
1.0508554736602824 0.658154668377409
1.5616823534999662 0.5975608325798897
2.0082575780136014 0.5479702814628434
2.357626497880807 0.5094717731434802
2.6066746488189945 0.4820144660796048
2.75596115877433 0.4655539146449181
2.8057285300016748 0.4600688123548355
2.755961158774393 0.46555391464491497
2.6066746488190766 0.48201446607959886
2.3576264978809465 0.5094717731434724
2.008257578013848 0.547970281462833
1.561682353500318 0.5975608325798747
1.050855473660638 0.658154668377392
0.5851109759906512 0.7289272496534035
0.2726791516463087 0.807653085068711
0.08558493679262387 0.8918757158147886
0.01143143421392204 0.9803683918863837
0.010000063316981698 1.073845903448867
0.01000000000000088 1.175273364267039
0.01 1.2881997465651853
0.01 1.4137005891056753
0.01 1.5513901742669418
0.01 1.7007631690529446
0.01 1.861425662289657
0.01 2.033079660723505
0.01 2.2154982676789485
0.01 2.4085077032222673
0.01 2.611974485325081
0.01 2.825795913035806
0.01 3.0498930333374914
0.01 3.2842052765585836
0.01 3.5286864329800274
0.01 3.7833015721750956
0.01 4.048024740429132
0.01 4.322837253159424
0.01 4.607726434639463
0.01 4.902684903421172
0.01 4.957640518015052
0.01 4.662679658555737
0.01 4.3777839936125
0.01 4.102960330129577
0.01 3.838220343178694
0.01 3.583581199783113
0.01 3.3390666759315195
0.01 3.1047086504588157
0.01 2.8805491137648027
0.01 2.6666428180885506
0.01 2.4630607092130488
0.01 2.2698944162450774
0.01 2.0872620337784227
0.01 1.9153157050140848
0.01 1.7542514286701605
0.01 1.6043219225247565
0.01 1.4658527333050104
0.01 1.3392541646005784
0.01 1.2249313805693225
0.010000000023803439 1.122645593108149
0.010019294958578886 1.0302062993838468
0.021902046436216904 0.9442293078765559
0.13168953185101243 0.8631098006763094
0.3305955515751248 0.7872623729105019
0.6414862967273695 0.7182326328503227
1.0508554736602336 0.6581546683774105
1.4655883208249816 0.6084685476370684
1.8152517936167782 0.5697108991428707
2.072119996874115 0.5420064386238046
2.228272029854628 0.5253746832506754
2.2808112360160115 0.5198277573407989
2.2282720298546854 0.5253746832506717
2.072119996874216 0.5420064386237984
1.815251793616994 0.5697108991428597
1.4655883208253724 0.6084685476370539
1.0508554736606612 0.6581546683773913
0.6414862967278443 0.7182326328502989
0.3305955515753609 0.787262372910477
0.13168953185116455 0.863109800676286
0.021902046436226577 0.9442293078765334
0.010019294958578886 1.0302062993838286
0.010000000023803439 1.1226455931081374
0.01 1.2249313805693127
0.01 1.3392541646005722
0.01 1.4658527333050069
0.01 1.6043219225247536
0.01 1.7542514286701572
0.01 1.915315705014083
0.01 2.0872620337784222
0.01 2.2698944162450774
0.01 2.4630607092130483
0.01 2.6666428180885497
0.01 2.880549113764802
0.01 3.104708650458816
0.01 3.339066675931518
0.01 3.583581199783111
0.01 3.8382203431786923
0.01 4.102960330129574
0.01 4.377783993612497
0.01 4.662679658555731
0.01 4.957640518015045
0.01 5.022590985431588
0.01 4.727627490085238
0.01 4.442724687539794
0.01 4.167888763163941
0.01 3.9031303143164573
0.01 3.6484648720530077
0.01 3.403913877312626
0.01 3.1695059378700305
0.01 2.9452785456543515
0.01 2.7312802580015734
0.01 2.5275735383114473
0.01 2.334238311078919
0.01 2.151376501178662
0.01 1.9791176353332987
0.01 1.8176258306578026
0.01 1.66710808045829
0.01 1.527823754569892
0.01 1.400092095613551
0.01 1.284269902542269
0.01 1.180523468872617
0.01000001081114382 1.087930442093897
0.010240422660360965 1.003844248298131
0.03295021000756221 0.9258846091685108
0.14582195799361072 0.8533883000490958
0.33059555157507864 0.7872623729105043
0.5851109759902806 0.7289272496534251
0.8927506025106443 0.6798460991752828
1.1971183842959825 0.6410637937515045
1.44356841349076 0.6131386247622925
1.6052507287885458 0.5962903535495685
1.6625786453135671 0.5906506803764714
1.6052507287885966 0.596290353549564
1.4435684134908648 0.6131386247622851
1.1971183842962705 0.6410637937514925
0.892750602511032 0.6798460991752636
0.5851109759906851 0.7289272496534019
0.3305955515753671 0.7872623729104763
0.14582195799385517 0.8533883000490659
0.03295021000758771 0.925884609168481
0.010240422660360085 1.0038442482981056
0.01000001081114382 1.0879304420938758
0.01 1.1805234688726025
0.01 1.2842699025422573
0.01 1.400092095613543
0.01 1.5278237545698883
0.01 1.6671080804582852
0.01 1.8176258306578008
0.01 1.9791176353332969
0.01 2.1513765011786603
0.01 2.3342383110789173
0.01 2.527573538311447
0.01 2.7312802580015734
0.01 2.94527854565435
0.01 3.169505937870029
0.01 3.4039138773126245
0.01 3.6484648720530064
0.01 3.9031303143164546
0.01 4.167888763163939
0.01 4.442724687539791
0.01 4.727627490085233
0.01 5.022590985431582
0.01 5.097537513829376
0.01 4.8025712137822945
0.01 4.517660826926647
0.01 4.242811897220158
0.01 3.978033899779217
0.01 3.723340682772594
0.01 3.4787512736575987
0.01 3.244290939111562
0.01 3.019992567912988
0.01 2.805898453388197
0.01 2.6020624937571775
0.01 2.4085529496761886
0.01 2.225455734278727
0.01 2.0528783867213045
0.01 1.890954557065873
0.01 1.739848985550511
0.01 1.5997622888090013
0.01 1.47093465530607
0.01 1.3536414916122337
0.01 1.2481261684783267
0.010000000000080016 1.154235409538512
0.010000154087486491 1.0706613718585012
0.010473305473977295 0.9950401764737332
0.03295021000757101 0.9258846091685125
0.13168953185100188 0.863109800676313
0.27267915164611656 0.8076530850687348
0.44580481380806625 0.7604591405598627
0.6380595511438801 0.7225681548460698
0.8250918184041784 0.6948661120760343
0.9733201063793114 0.677860321611573
1.0322052821918866 0.6720937127656573
0.9733201063793545 0.6778603216115686
0.8250918184043446 0.6948661120760266
0.6380595511441493 0.7225681548460551
0.44580481380823284 0.7604591405598427
0.2726791516463227 0.807653085068709
0.13168953185118962 0.8631098006762845
0.032950210007590346 0.9258846091684801
0.010473305473975536 0.9950401764737036
0.010000154087486491 1.0706613718584743
0.010000000000080016 1.1542354095384946
0.01 1.2481261684783125
0.01 1.3536414916122261
0.01 1.470934655306063
0.01 1.5997622888089966
0.01 1.7398489855505082
0.01 1.8909545570658715
0.01 2.0528783867213023
0.01 2.2254557342787273
0.01 2.4085529496761877
0.01 2.602062493757176
0.01 2.8058984533881968
0.01 3.019992567912987
0.01 3.2442909391115626
0.01 3.4787512736575974
0.01 3.7233406827725926
0.01 3.978033899779215
0.01 4.2428118972201565
0.01 4.517660826926645
0.01 4.802571213782291
0.01 5.097537513829373
0.01 5.182481328439112
0.01 4.887512129495648
0.01 4.602593919274081
0.01 4.327731594600175
0.01 4.062933511695644
0.01 3.808211832923131
0.01 3.5635831970325342
0.01 3.3290695599148825
0.01 3.1046993068903888
0.01 2.890508618033003
0.01 2.6865431516655685
0.01 2.4928600281588174
0.01 2.309530142850113
0.01 2.1366407126232034
0.01 1.9742979541572965
0.01 1.8226295428649286
0.01 1.6817863854574335
0.01 1.5519427705788482
0.01 1.433292856756801
0.01 1.32603008470683
0.01 1.2302427717463138
0.010000000000494166 1.1455465553321125
0.010000154087486491 1.070661371858503
0.010240422660361844 1.0038442482981338
0.0219020464362257 0.9442293078765601
0.08558493679264717 0.8918757158148106
0.17642726660291355 0.8473020448959236
0.2745854776146111 0.8113894957234773
0.38760039361643395 0.7846782355641797
0.49281852428332334 0.7678680522722536
0.5377921431171747 0.7620698971163843
0.4928185242833629 0.767868052272249
0.38760039361662824 0.7846782355641703
0.27458547761464935 0.811389495723463
0.1764272666029584 0.8473020448959047
0.08558493679264366 0.8918757158147862
0.021902046436216904 0.9442293078765313
0.010240422660360085 1.0038442482981043
0.010000154087486491 1.0706613718584734
0.010000000000494166 1.145546555332089
0.01 1.2302427717462958
0.01 1.3260300847068174
0.01 1.4332928567567922
0.01 1.5519427705788416
0.01 1.681786385457429
0.01 1.8226295428649253
0.01 1.9742979541572947
0.01 2.136640712623202
0.01 2.3095301428501123
0.01 2.492860028158817
0.01 2.6865431516655685
0.01 2.8905086180330026
0.01 3.1046993068903888
0.01 3.3290695599148825
0.01 3.563583197032534
0.01 3.80821183292313
0.01 4.062933511695642
0.01 4.3277315946001735
0.01 4.602593919274079
0.01 4.887512129495645
0.01 5.182481328439109
0.01 5.277423625351391
0.01 4.982451504613004
0.01 4.697525423533016
0.01 4.422649649623416
0.01 4.157831449279958
0.01 3.9030813561781175
0.01 3.6584137056171127
0.01 3.423847292316374
0.01 3.1994062237287597
0.01 2.985120943175186
0.01 2.781029446364007
0.01 2.5871786553279534
0.01 2.4036259159255216
0.01 2.2304404994810683
0.01 2.067704930941902
0.01 1.9155158021944518
0.01 1.7739835657496874
0.01 1.6432305030486605
0.01 1.5233855902275617
0.01 1.4145728517372265
0.01 1.3168776227165477
0.01 1.230242771746314
0.010000000000080016 1.154235409538514
0.01000001081114382 1.0879304420938998
0.010019294958578886 1.030206299383851
0.011431434213925559 0.980368391886402
0.024912294831310935 0.9384396205830722
0.06690766546657387 0.9046294017539006
0.12979962593674696 0.8792110601219595
0.18365130242608577 0.8630979249789897
0.20441529417124624 0.8575315433825046
0.1836513024260963 0.8630979249789855
0.1297996259367263 0.8792110601219494
0.06690766546655146 0.9046294017538876
0.024912294831300384 0.938439620583055
0.011431434213917645 0.9803683918863811
0.010019294958578886 1.030206299383827
0.01000001081114382 1.0879304420938738
0.010000000000080016 1.1542354095384932
0.01 1.2302427717462956
0.01 1.316877622716533
0.01 1.4145728517372165
0.01 1.5233855902275548
0.01 1.643230503048655
0.01 1.7739835657496839
0.01 1.9155158021944485
0.01 2.0677049309419
0.01 2.2304404994810665
0.01 2.403625915925522
0.01 2.5871786553279525
0.01 2.7810294463640064
0.01 2.9851209431751857
0.01 3.1994062237287593
0.01 3.4238472923163736
0.01 3.6584137056171113
0.01 3.9030813561781152
0.01 4.157831449279957
0.01 4.422649649623416
0.01 4.697525423533013
0.01 4.982451504612999
0.01 5.277423625351384
0.01 5.382365529158753
0.01 5.087390527176196
0.01 4.802456700417208
0.01 4.527567718874641
0.01 4.2627298173633985
0.01 4.007951995025244
0.01 3.7632464305249993
0.01 3.5286289807267734
0.01 3.3041198140938284
0.01 3.089744147538548
0.01 2.8855330851375736
0.01 2.6915245120646505
0.01 2.5077639800996976
0.01 2.3343054606936495
0.01 2.1712117720283968
0.01 2.0185543777642505
0.01 1.8764121058869658
0.01 1.7448681445744252
0.01 1.6240043831227464
0.01 1.5138916623812086
0.01 1.414572851737227
0.01 1.3260300847068311
0.01 1.2481261684783278
0.01 1.1805234688726192
0.010000000023803439 1.1226455931081527
0.010000063316981698 1.073845903448882
0.01000946217216268 1.0335168543646982
0.010202684360738644 1.0012390911297322
0.011110949551989515 0.9771621239785664
0.012360330578731102 0.9620869256110022
0.012851699126584678 0.9569348180617792
0.012360330578728464 0.9620869256109984
0.011110949551987756 0.9771621239785588
0.010202684360737764 1.0012390911297206
0.01000946217216268 1.0335168543646835
0.010000063316981698 1.0738459034488663
0.010000000023803439 1.1226455931081358
0.01 1.1805234688726007
0.01 1.2481261684783114
0.01 1.3260300847068174
0.01 1.4145728517372163
0.01 1.5138916623812018
0.01 1.62400438312274
0.01 1.7448681445744203
0.01 1.8764121058869623
0.01 2.0185543777642487
0.01 2.1712117720283954
0.01 2.3343054606936495
0.01 2.507763980099697
0.01 2.6915245120646505
0.01 2.885533085137573
0.01 3.0897441475385476
0.01 3.3041198140938275
0.01 3.5286289807267734
0.01 3.7632464305249984
0.01 4.007951995025243
0.01 4.262729817363398
0.01 4.527567718874638
0.01 4.802456700417206
0.01 5.0873905271761934
0.01 5.382365529158749
0.01 5.497308059018634
0.01 5.2023302708366455
0.01 4.917388969995057
0.01 4.642487272430496
0.01 4.377630459545459
0.01 4.122826119328481
0.01 3.87808446082995
0.01 3.643418679360432
0.01 3.4188454106186232
0.01 3.2043852376950217
0.01 3.000063238229714
0.01 2.805909518841866
0.01 2.6219596676363484
0.01 2.4482550064139166
0.01 2.2848424701705063
0.01 2.131773863970246
0.01 1.9891041482977292
0.01 1.8568882934298827
0.01 1.7351761105882486
0.01 1.6240043831227462
0.01 1.5233855902275617
0.01 1.4332928567568015
0.01 1.3536414916122352
0.01 1.284269902542271
0.01 1.224931380569326
0.01000000000000088 1.17527336426705
0.010000000001349721 1.1347794567329195
0.010000000232106175 1.1029685003678789
0.010000004242346873 1.079772684817553
0.010000016145741544 1.0655588446761821
0.010000023373900175 1.060762604779591
0.010000016145741544 1.0655588446761797
0.010000004242346873 1.0797726848175464
0.010000000232106175 1.1029685003678715
0.010000000001349721 1.1347794567329088
0.01000000000000088 1.1752733642670372
0.01 1.2249313805693105
0.01 1.2842699025422566
0.01 1.3536414916122257
0.01 1.4332928567567915
0.01 1.5233855902275548
0.01 1.62400438312274
0.01 1.7351761105882446
0.01 1.856888293429879
0.01 1.989104148297728
0.01 2.131773863970245
0.01 2.2848424701705055
0.01 2.4482550064139152
0.01 2.6219596676363484
0.01 2.805909518841867
0.01 3.0000632382297137
0.01 3.2043852376950217
0.01 3.4188454106186237
0.01 3.6434186793604324
0.01 3.87808446082995
0.01 4.122826119328479
0.01 4.377630459545459
0.01 4.642487272430493
0.01 4.917388969995055
0.01 5.202330270836642
0.01 5.49730805901863
0.01 5.62225210436694
0.01 5.327271669163762
0.01 5.042323283271353
0.01 4.767409559851638
0.01 4.50253491794812
0.01 4.247705676180963
0.01 4.002930284468111
0.01 3.768219581593608
0.01 3.5435871080089143
0.01 3.3290494362275878
0.01 3.1246265021402304
0.01 2.9303418844364777
0.01 2.746222968573055
0.01 2.5723008917889985
0.01 2.4086101308030776
0.01 2.255187540955401
0.01 2.1120706034007037
0.01 1.9792945854936936
0.01 1.8568882934298825
0.01 1.7448681445744252
0.01 1.6432305030486605
0.01 1.5519427705788484
0.01 1.4709346553060714
0.01 1.400092095613553
0.01 1.33925416460058
0.01 1.2881997465651938
0.01 1.2466396582115107
0.01 1.2143086992746301
0.01 1.191107444054432
0.01 1.1771080167523085
0.01 1.1724254506408487
0.01 1.1771080167523058
0.01 1.1911074440544278
0.01 1.214308699274624
0.01 1.246639658211505
0.01 1.288199746565185
0.01 1.3392541646005727
0.01 1.4000920956135425
0.01 1.4709346553060627
0.01 1.5519427705788413
0.01 1.643230503048655
0.01 1.7448681445744203
0.01 1.8568882934298787
0.01 1.9792945854936908
0.01 2.1120706034007024
0.01 2.2551875409554003
0.01 2.4086101308030763
0.01 2.5723008917889976
0.01 2.7462229685730555
0.01 2.9303418844364773
0.01 3.12462650214023
0.01 3.3290494362275878
0.01 3.5435871080089147
0.01 3.7682195815936086
0.01 4.002930284468111
0.01 4.247705676180963
0.01 4.50253491794812
0.01 4.767409559851637
0.01 5.042323283271351
0.01 5.327271669163762
0.01 5.62225210436694
0.01 5.757198410264167
0.01 5.462215500553146
0.01 5.177260506259838
0.01 4.902335593222292
0.01 4.637444415717386
0.01 4.382592173183931
0.01 4.1377857758631755
0.01 3.9030340186990453
0.01 3.678347786432213
0.01 3.4637402539038646
0.01 3.259227064421448
0.01 3.064826438499833
0.01 2.880559159152145
0.01 2.7064483501428285
0.01 2.542518943176641
0.01 2.388796698372754
0.01 2.2453066208343277
0.01 2.112070603400704
0.01 1.9891041482977294
0.01 1.876412105886966
0.01 1.7739835657496876
0.01 1.6817863854574344
0.01 1.5997622888090022
0.01 1.527823754569893
0.01 1.4658527333050122
0.01 1.4137005891056809
0.01 1.3711987806183066
0.01 1.3382004316291098
0.01 1.3146273670951383
0.01 1.3004704172394723
0.01 1.2957481357135174
0.01 1.3004704172394703
0.01 1.3146273670951354
0.01 1.3382004316291045
0.01 1.3711987806183006
0.01 1.4137005891056749
0.01 1.4658527333050066
0.01 1.527823754569888
0.01 1.5997622888089962
0.01 1.6817863854574286
0.01 1.7739835657496834
0.01 1.8764121058869618
0.01 1.989104148297728
0.01 2.1120706034007024
0.01 2.2453066208343264
0.01 2.3887966983727527
0.01 2.542518943176641
0.01 2.706448350142828
0.01 2.8805591591521447
0.01 3.0648264384998334
0.01 3.2592270644214483
0.01 3.4637402539038646
0.01 3.678347786432213
0.01 3.9030340186990458
0.01 4.137785775863176
0.01 4.382592173183933
0.01 4.637444415717388
0.01 4.902335593222291
0.01 5.17726050625984
0.01 5.462215500553146
0.01 5.7571984102641665
0.01 5.902147571733646
0.01 5.607162382878172
0.01 5.322201315748535
0.01 5.047266145327997
0.01 4.782359859855724
0.01 4.5274866898469295
0.01 4.282652222551411
0.01 4.047863512957644
0.01 3.8231292097616625
0.01 3.608459663715525
0.01 3.4038670029743163
0.01 3.2093651349755095
0.01 3.0249696322220676
0.01 2.850697438107983
0.01 2.6865663191216345
0.01 2.532593972893727
0.01 2.388796698372754
0.01 2.255187540955401
0.01 2.1317738639702464
0.01 2.0185543777642505
0.01 1.915515802194452
0.01 1.8226295428649288
0.01 1.739848985550511
0.01 1.6671080804582903
0.01 1.6043219225247571
0.01 1.5513901742669443
0.01 1.5082073200988744
0.01 1.4746822703586917
0.01 1.450756366518152
0.01 1.4364043485873343
0.01 1.4316204291109251
0.01 1.4364043485873337
0.01 1.4507563665181502
0.01 1.474682270358689
0.01 1.508207320098871
0.01 1.5513901742669411
0.01 1.604321922524753
0.01 1.667108080458285
0.01 1.7398489855505082
0.01 1.8226295428649253
0.01 1.9155158021944483
0.01 2.0185543777642483
0.01 2.1317738639702455
0.01 2.2551875409554003
0.01 2.3887966983727527
0.01 2.532593972893726
0.01 2.686566319121633
0.01 2.850697438107983
0.01 3.0249696322220676
0.01 3.20936513497551
0.01 3.403867002974317
0.01 3.6084596637155255
0.01 3.8231292097616625
0.01 4.047863512957644
0.01 4.282652222551412
0.01 4.527486689846931
0.01 4.782359859855726
0.01 5.047266145328
0.01 5.322201315748532
0.01 5.607162382878174
0.01 5.902147571733646
0.01 6.0571000361627565
0.01 5.762112776763072
0.01 5.477146205166939
0.01 5.202201760500704
0.01 4.937281860525826
0.01 4.682389910832538
0.01 4.437530380798858
0.01 4.202708868968479
0.01 3.9779321730380524
0.01 3.7632083361780833
0.01 3.5585466570100808
0.01 3.363957630554616
0.01 3.1794527880529686
0.01 3.005044389174018
0.01 2.8407449170244123
0.01 2.6865663191216345
0.01 2.5425189431766415
0.01 2.408610130803078
0.01 2.2848424701705063
0.01 2.171211772028397
0.01 2.0677049309419027
0.01 1.9742979541572967
0.01 1.8909545570658732
0.01 1.817625830657803
0.01 1.754251428670161
0.01 1.7007631690529466
0.01 1.657091894888367
0.01 1.6231772652240728
0.01 1.5989758511375058
0.01 1.5844624991865246
0.01 1.5796257505496056
0.01 1.5844624991865237
0.01 1.5989758511375038
0.01 1.623177265224072
0.01 1.6570918948883644
0.01 1.7007631690529441
0.01 1.7542514286701572
0.01 1.8176258306578001
0.01 1.8909545570658715
0.01 1.9742979541572945
0.01 2.0677049309419
0.01 2.1712117720283954
0.01 2.284842470170505
0.01 2.4086101308030763
0.01 2.5425189431766415
0.01 2.6865663191216336
0.01 2.8407449170244123
0.01 3.005044389174019
0.01 3.17945278805297
0.01 3.3639576305546166
0.01 3.558546657010081
0.01 3.7632083361780837
0.01 3.9779321730380532
0.01 4.202708868968481
0.01 4.437530380798859
0.01 4.682389910832538
0.01 4.937281860525825
0.01 5.2022017605007065
0.01 5.477146205166941
0.01 5.7621127767630735
0.01 6.057100036162759
0.01 6.2220561122491835
0.01 5.927066995778503
0.01 5.642095498383648
0.01 5.367142775016595
0.01 5.102210762262237
0.01 4.847302174092181
0.01 4.602420549738195
0.01 4.367570287199552
0.01 4.142756675283151
0.01 3.927985900342012
0.01 3.723265018044519
0.01 3.52860186465516
0.01 3.3440048848385944
0.01 3.1694828433678386
0.01 3.0050443891740177
0.01 2.850697438107983
0.01 2.7064483501428285
0.01 2.5723008917889985
0.01 2.448255006413916
0.01 2.33430546069365
0.01 2.2304404994810683
0.01 2.1366407126232034
0.01 2.052878386721305
0.01 1.9791176353332987
0.01 1.9153157050140852
0.01 1.8614256622896583
0.01 1.8174007551528737
0.01 1.783199637732711
0.01 1.7587905201178708
0.01 1.7441524946133014
0.01 1.739274311369196
0.01 1.744152494613301
0.01 1.75879052011787
0.01 1.78319963773271
0.01 1.8174007551528717
0.01 1.8614256622896568
0.01 1.9153157050140828
0.01 1.979117635333297
0.01 2.0528783867213023
0.01 2.136640712623202
0.01 2.230440499481066
0.01 2.334305460693649
0.01 2.448255006413915
0.01 2.572300891788997
0.01 2.7064483501428276
0.01 2.850697438107983
0.01 3.005044389174019
0.01 3.1694828433678386
0.01 3.3440048848385953
0.01 3.528601864655161
0.01 3.7232650180445193
0.01 3.927985900342012
0.01 4.1427566752831515
0.01 4.367570287199554
0.01 4.602420549738196
0.01 4.847302174092184
0.01 5.102210762262239
0.01 5.367142775016597
0.01 5.64209549838365
0.01 5.927066995778506
0.01 6.222056112249186
0.01 6.3970159839380765
0.01 6.102025221845773
0.01 5.817049369237711
0.01 5.5420893440500905
0.01 5.277146682743488
0.01 5.022223527604533
0.01 4.777322654763755
0.01 4.542447486419002
0.01 4.317602098413522
0.01 4.1027912035825835
0.01 3.898020103948984
0.01 3.703294592454852
0.01 3.5186207884418543
0.01 3.344004884838595
0.01 3.179452788052969
0.01 3.0249696322220676
0.01 2.880559159152145
0.01 2.746222968573055
0.01 2.6219596676363484
0.01 2.5077639800996976
0.01 2.403625915925522
0.01 2.309530142850113
0.01 2.2254557342787273
0.01 2.151376501178662
0.01 2.0872620337784227
0.01 2.033079660723506
0.01 1.9887971191163418
0.01 1.9543855349342478
0.01 1.929821822117381
0.01 1.9150898019000204
0.01 1.9101801361916764
0.01 1.91508980190002
0.01 1.9298218221173802
0.01 1.9543855349342472
0.01 1.988797119116341
0.01 2.033079660723505
0.01 2.0872620337784222
0.01 2.1513765011786603
0.01 2.2254557342787273
0.01 2.3095301428501127
0.01 2.4036259159255216
0.01 2.5077639800996967
0.01 2.6219596676363484
0.01 2.746222968573055
0.01 2.8805591591521447
0.01 3.024969632222068
0.01 3.17945278805297
0.01 3.3440048848385953
0.01 3.5186207884418543
0.01 3.7032945924548524
0.01 3.8980201039489843
0.01 4.102791203582584
0.01 4.317602098413523
0.01 4.542447486419003
0.01 4.777322654763756
0.01 5.022223527604535
0.01 5.277146682743489
0.01 5.542089344050093
0.01 5.817049369237716
0.01 6.102025221845778
0.01 6.397015983938082
0.01 6.581979727606264
0.01 6.286987523956082
0.01 6.002007864517397
0.01 5.72704147217519
0.01 5.462089555044622
0.01 5.207153789039686
0.01 4.96223633234849
0.01 4.727339824207012
0.01 4.50246737775071
0.01 4.287622551118984
0.01 4.082809292242705
0.01 3.8880318430033527
0.01 3.703294592454852
0.01 3.5286018646551605
0.01 3.3639576305546157
0.01 3.2093651349755095
0.01 3.0648264384998334
0.01 2.9303418844364773
0.01 2.8059095188418666
0.01 2.69152451206465
0.01 2.5871786553279534
0.01 2.492860028158817
0.01 2.4085529496761886
0.01 2.334238311078918
0.01 2.269894416245078
0.01 2.2154982676789485
0.01 2.171027286137232
0.01 2.136461105520298
0.01 2.111783054961456
0.01 2.096981040002372
0.01 2.0920478326021676
0.01 2.096981040002372
0.01 2.111783054961455
0.01 2.1364611055202976
0.01 2.1710272861372313
0.01 2.2154982676789476
0.01 2.269894416245077
0.01 2.3342383110789173
0.01 2.4085529496761873
0.01 2.492860028158817
0.01 2.587178655327953
0.01 2.6915245120646505
0.01 2.8059095188418666
0.01 2.930341884436477
0.01 3.0648264384998334
0.01 3.2093651349755095
0.01 3.3639576305546166
0.01 3.5286018646551605
0.01 3.7032945924548524
0.01 3.888031843003354
0.01 4.0828092922427075
0.01 4.287622551118985
0.01 4.50246737775071
0.01 4.7273398242070135
0.01 4.962236332348493
0.01 5.207153789039689
0.01 5.462089555044629
0.01 5.727041472175197
0.01 6.002007864517401
0.01 6.286987523956085
0.01 6.5819797276062655
0.01 6.776947331095125
0.01 6.481953878696133
0.01 6.196970928569752
0.01 5.9219990451002795
0.01 5.657039170288914
0.01 5.402092604249723
0.01 5.157161010816808
0.01 4.922246408472303
0.01 4.697351155203125
0.01 4.482477914701776
0.01 4.277629601154709
0.01 4.082809292242705
0.01 3.8980201039489835
0.01 3.723265018044519
0.01 3.5585466570100803
0.01 3.4038670029743163
0.01 3.259227064421448
0.01 3.1246265021402295
0.01 3.0000632382297137
0.01 2.885533085137573
0.01 2.781029446364007
0.01 2.686543151665568
0.01 2.6020624937571766
0.01 2.527573538311447
0.01 2.4630607092130488
0.01 2.408507703222268
0.01 2.3638985692702197
0.01 2.3292188442960198
0.01 2.3044565275354105
0.01 2.289602743432817
0.01 2.2846520855346544
0.01 2.289602743432817
0.01 2.3044565275354096
0.01 2.3292188442960193
0.01 2.363898569270219
0.01 2.4085077032222677
0.01 2.463060709213048
0.01 2.5275735383114464
0.01 2.602062493757176
0.01 2.6865431516655685
0.01 2.7810294463640064
0.01 2.8855330851375722
0.01 3.000063238229713
0.01 3.12462650214023
0.01 3.259227064421448
0.01 3.4038670029743168
0.01 3.5585466570100808
0.01 3.723265018044519
0.01 3.8980201039489843
0.01 4.0828092922427075
0.01 4.277629601154712
0.01 4.482477914701777
0.01 4.697351155203125
0.01 4.922246408472305
0.01 5.157161010816813
0.01 5.402092604249728
0.01 5.657039170288919
0.01 5.921999045100284
0.01 6.196970928569756
0.01 6.48195387869614
0.01 6.7769473310951325
0.01 6.981918713152466
0.01 6.686924191053653
0.01 6.401938427800471
0.01 6.126961860522118
0.01 5.861995218085433
0.01 5.607039501308778
0.01 5.362095983064076
0.01 5.127166195192552
0.01 4.902251909833085
0.01 4.68735510524052
0.01 4.482477914701776
0.01 4.287622551118984
0.01 4.1027912035825835
0.01 3.927985900342012
0.01 3.7632083361780833
0.01 3.608459663715525
0.01 3.463740253903864
0.01 3.3290494362275864
0.01 3.2043852376950204
0.01 3.089744147538547
0.01 2.9851209431751857
0.01 2.8905086180330026
0.01 2.8058984533881968
0.01 2.731280258001573
0.01 2.6666428180885497
0.01 2.611974485325081
0.01 2.5672639108829824
0.01 2.5325007831803803
0.01 2.507676477184573
0.01 2.4927845429376414
0.01 2.487821010859594
0.01 2.492784542937642
0.01 2.5076764771845728
0.01 2.5325007831803803
0.01 2.5672639108829824
0.01 2.6119744853250806
0.01 2.66664281808855
0.01 2.7312802580015734
0.01 2.8058984533881968
0.01 2.8905086180330026
0.01 2.9851209431751853
0.01 3.0897441475385476
0.01 3.2043852376950204
0.01 3.329049436227587
0.01 3.4637402539038646
0.01 3.608459663715525
0.01 3.7632083361780833
0.01 3.927985900342012
0.01 4.102791203582584
0.01 4.287622551118985
0.01 4.482477914701777
0.01 4.687355105240521
0.01 4.902251909833089
0.01 5.127166195192554
0.01 5.362095983064081
0.01 5.607039501308784
0.01 5.861995218085437
0.01 6.126961860522118
0.01 6.401938427800476
0.01 6.686924191053664
0.01 6.9819187131524725
0.01 7.196893742438135
0.01 6.901898314614736
0.01 6.616910174062133
0.01 6.341929656941784
0.01 6.076957323384474
0.01 5.821993938546465
0.01 5.577040469532941
0.01 5.342098070810147
0.01 5.117168064790549
0.01 4.902251909833085
0.01 4.6973511552031235
0.01 4.502467377750709
0.01 4.317602098413521
0.01 4.14275667528315
0.01 3.977932173038052
0.01 3.8231292097616616
0.01 3.6783477864322123
0.01 3.5435871080089134
0.01 3.418845410618622
0.01 3.3041198140938266
0.01 3.1994062237287584
0.01 3.104699306890388
0.01 3.0199925679129866
0.01 2.9452785456543498
0.01 2.880549113764802
0.01 2.8257959130358055
0.01 2.7810108237444657
0.01 2.746186461749955
0.01 2.7213166267784525
0.01 2.706396654297902
0.01 2.7014236557956597
0.01 2.706396654297902
0.01 2.721316626778452
0.01 2.7461864617499545
0.01 2.7810108237444657
0.01 2.825795913035806
0.01 2.880549113764802
0.01 2.94527854565435
0.01 3.0199925679129866
0.01 3.1046993068903883
0.01 3.199406223728759
0.01 3.3041198140938275
0.01 3.4188454106186223
0.01 3.5435871080089134
0.01 3.6783477864322127
0.01 3.823129209761662
0.01 3.9779321730380524
0.01 4.142756675283151
0.01 4.317602098413522
0.01 4.50246737775071
0.01 4.697351155203125
0.01 4.902251909833088
0.01 5.117168064790553
0.01 5.342098070810152
0.01 5.577040469532944
0.01 5.821993938546471
0.01 6.076957323384478
0.01 6.341929656941794
0.01 6.616910174062141
0.01 6.901898314614748
0.01 7.196893742438146
0.01 7.421872255104105
0.01 7.1268760701344505
0.01 6.84188594585161
0.01 6.566902139267926
0.01 6.3019250785005365
0.01 6.04695534528849
0.01 5.801993670290935
0.01 5.56704091852337
0.01 5.342098070810147
0.01 5.127166195192552
0.01 4.922246408472304
0.01 4.727339824207011
0.01 4.542447486419001
0.01 4.367570287199551
0.01 4.202708868968478
0.01 4.047863512957644
0.01 3.9030340186990435
0.01 3.7682195815936073
0.01 3.643418679360431
0.01 3.528628980726773
0.01 3.4238472923163727
0.01 3.329069559914881
0.01 3.2442909391115613
0.01 3.1695059378700288
0.01 3.1047086504588153
0.01 3.0498930333374914
0.01 3.0050532435168136
0.01 2.9701839734186857
0.01 2.9452807575389612
0.01 2.930340225657797
0.01 2.9253602848287517
0.01 2.930340225657797
0.01 2.9452807575389617
0.01 2.9701839734186857
0.01 3.0050532435168136
0.01 3.0498930333374914
0.01 3.1047086504588157
0.01 3.1695059378700288
0.01 3.2442909391115617
0.01 3.3290695599148825
0.01 3.4238472923163727
0.01 3.5286289807267734
0.01 3.6434186793604315
0.01 3.768219581593608
0.01 3.9030340186990444
0.01 4.047863512957643
0.01 4.20270886896848
0.01 4.367570287199553
0.01 4.542447486419002
0.01 4.727339824207013
0.01 4.922246408472305
0.01 5.127166195192554
0.01 5.3420980708101515
0.01 5.5670409185233725
0.01 5.801993670290942
0.01 6.046955345288497
0.01 6.301925078500543
0.01 6.566902139267935
0.01 6.841885945851621
0.01 7.126876070134471
0.01 7.421872255104124
0.01 7.65685407077419
0.01 7.361857262315609
0.01 7.0768655071822835
0.01 6.801879001156789
0.01 6.536898070403268
0.01 6.281923155706832
0.01 6.036954807124651
0.01 5.801993670290936
0.01 5.57704046953294
0.01 5.362095983064077
0.01 5.157161010816807
0.01 4.962236332348489
0.01 4.777322654763754
0.01 4.602420549738193
0.01 4.437530380798856
0.01 4.28265222255141
0.01 4.137785775863174
0.01 4.0029302844681105
0.01 3.8780844608299474
0.01 3.763246430524997
0.01 3.658413705617111
0.01 3.5635831970325325
0.01 3.478751273657597
0.01 3.403913877312624
0.01 3.3390666759315173
0.01 3.284205276558583
0.01 3.2393254456929146
0.01 3.2044233429302986
0.01 3.179495737719922
0.01 3.1645401889528975
0.01 3.1595551777757382
0.01 3.1645401889528975
0.01 3.1794957377199227
0.01 3.2044233429302986
0.01 3.2393254456929146
0.01 3.284205276558584
0.01 3.3390666759315177
0.01 3.403913877312624
0.01 3.4787512736575974
0.01 3.5635831970325333
0.01 3.6584137056171118
0.01 3.7632464305249984
0.01 3.878084460829949
0.01 4.002930284468111
0.01 4.137785775863175
0.01 4.28265222255141
0.01 4.437530380798858
0.01 4.602420549738195
0.01 4.777322654763756
0.01 4.962236332348491
0.01 5.15716101081681
0.01 5.36209598306408
0.01 5.577040469532944
0.01 5.801993670290941
0.01 6.036954807124657
0.01 6.281923155706841
0.01 6.5368980704032795
0.01 6.801879001156803
0.01 7.0768655071823
0.01 7.361857262315625
0.01 7.656854070774209
0.01 7.90183900621028
0.01 7.606841694083071
0.01 7.321848623434013
0.01 7.046859943428885
0.01 6.781875902722804
0.01 6.526896835430723
0.01 6.281923155706832
0.01 6.046955345288488
0.01 5.821993938546464
0.01 5.607039501308777
0.01 5.402092604249723
0.01 5.207153789039685
0.01 5.02222352760453
0.01 4.84730217409218
0.01 4.682389910832535
0.01 4.527486689846928
0.01 4.382592173183928
0.01 4.24770567618096
0.01 4.1228261193284785
0.01 4.00795199502524
0.01 3.9030813561781144
0.01 3.8082118329231283
0.01 3.7233406827725912
0.01 3.648464872053005
0.01 3.5835811997831097
0.01 3.528686432980026
0.01 3.483777472604371
0.01 3.448851515269248
0.01 3.423906203999639
0.01 3.408939757505307
0.01 3.4039510674081925
0.01 3.408939757505307
0.01 3.423906203999639
0.01 3.4488515152692485
0.01 3.4837774726043715
0.01 3.528686432980027
0.01 3.5835811997831106
0.01 3.6484648720530064
0.01 3.723340682772592
0.01 3.808211832923129
0.01 3.903081356178115
0.01 4.007951995025242
0.01 4.122826119328479
0.01 4.247705676180961
0.01 4.38259217318393
0.01 4.5274866898469295
0.01 4.682389910832538
0.01 4.8473021740921824
0.01 5.022223527604533
0.01 5.207153789039686
0.01 5.402092604249726
0.01 5.607039501308784
0.01 5.82199393854647
0.01 6.046955345288497
0.01 6.281923155706841
0.01 6.526896835430736
0.01 6.781875902722814
0.01 7.046859943428899
0.01 7.321848623434031
0.01 7.606841694083089
0.01 7.901839006210299
0.01 8.156826887213535
0.01 7.861829178946118
0.01 7.576835074892391
0.01 7.301844689495596
0.01 7.036858213745147
0.01 6.781875902722805
0.01 6.536898070403268
0.01 6.301925078500535
0.01 6.076957323384472
0.01 5.861995218085432
0.01 5.657039170288912
0.01 5.462089555044622
0.01 5.277146682743487
0.01 5.102210762262233
0.01 4.9372818605258235
0.01 4.782359859855721
0.01 4.637444415717384
0.01 4.502534917948117
0.01 4.377630459545456
0.01 4.262729817363395
0.01 4.1578314492799535
0.01 4.06293351169564
0.01 3.978033899779214
0.01 3.9031303143164533
0.01 3.83822034317869
0.01 3.7833015721750947
0.01 3.738371694997938
0.01 3.7034286304729935
0.01 3.6784706322854643
0.01 3.6634963816120494
0.01 3.6585050575789078
0.01 3.6634963816120494
0.01 3.6784706322854643
0.01 3.703428630472993
0.01 3.738371694997939
0.01 3.7833015721750956
0.01 3.8382203431786923
0.01 3.9031303143164546
0.01 3.9780338997792155
0.01 4.0629335116956415
0.01 4.157831449279956
0.01 4.262729817363397
0.01 4.377630459545458
0.01 4.502534917948117
0.01 4.637444415717385
0.01 4.782359859855721
0.01 4.937281860525825
0.01 5.102210762262236
0.01 5.2771466827434885
0.01 5.462089555044625
0.01 5.6570391702889165
0.01 5.861995218085436
0.01 6.076957323384477
0.01 6.301925078500542
0.01 6.536898070403278
0.01 6.781875902722813
0.01 7.03685821374516
0.01 7.3018446894956135
0.01 7.576835074892411
0.01 7.861829178946146
0.01 8.156826887213565
0.01 8.421817557797166
0.01 8.12681955048172
0.01 7.841824667012102
0.01 7.566832996841899
0.01 7.301844689495597
0.01 7.046859943428885
0.01 6.801879001156788
0.01 6.566902139267925
0.01 6.341929656941783
0.01 6.126961860522115
0.01 5.9219990451002795
0.01 5.727041472175189
0.01 5.542089344050088
0.01 5.3671427750165925
0.01 5.202201760500701
0.01 5.047266145327994
0.01 4.902335593222286
0.01 4.767409559851632
0.01 4.64248727243049
0.01 4.527567718874637
0.01 4.422649649623412
0.01 4.327731594600172
0.01 4.242811897220153
0.01 4.167888763163935
0.01 4.102960330129569
0.01 4.048024740429131
0.01 4.003080229296073
0.01 3.968125209863865
0.01 3.9431583526881546
0.01 3.9281786548523847
0.01 3.923185492776681
0.01 3.9281786548523847
0.01 3.9431583526881555
0.01 3.9681252098638655
0.01 4.003080229296073
0.01 4.048024740429132
0.01 4.102960330129573
0.01 4.167888763163939
0.01 4.242811897220157
0.01 4.3277315946001735
0.01 4.4226496496234144
0.01 4.5275677188746375
0.01 4.6424872724304915
0.01 4.767409559851635
0.01 4.902335593222288
0.01 5.047266145327995
0.01 5.202201760500703
0.01 5.367142775016594
0.01 5.5420893440500905
0.01 5.727041472175193
0.01 5.921999045100281
0.01 6.126961860522118
0.01 6.341929656941791
0.01 6.566902139267933
0.01 6.801879001156802
0.01 7.046859943428899
0.01 7.301844689495613
0.01 7.5668329968419235
0.01 7.841824667012131
0.01 8.126819550481754
0.01 8.421817557797205
0.01 8.696810888421009
0.01 8.401812670809893
0.01 8.116817239487201
0.01 7.841824667012103
0.01 7.576835074892389
0.01 7.321848623434016
0.01 7.076865507182286
0.01 6.841885945851608
0.01 6.6169101740621326
0.01 6.401938427800469
0.01 6.196970928569751
0.01 6.002007864517397
0.01 5.81704936923771
0.01 5.642095498383645
0.01 5.477146205166936
0.01 5.322201315748531
0.01 5.177260506259835
0.01 5.042323283271345
0.01 4.917388969995052
0.01 4.802456700417203
0.01 4.69752542353301
0.01 4.602593919274075
0.01 4.51766082692664
0.01 4.442724687539789
0.01 4.377783993612495
0.01 4.322837253159422
0.01 4.277883053119614
0.01 4.242920126317869
0.01 4.217947413702363
0.01 4.202964117360799
0.01 4.19796974132017
0.01 4.202964117360799
0.01 4.217947413702362
0.01 4.242920126317869
0.01 4.277883053119615
0.01 4.322837253159424
0.01 4.377783993612497
0.01 4.442724687539791
0.01 4.517660826926643
0.01 4.602593919274077
0.01 4.697525423533013
0.01 4.802456700417205
0.01 4.917388969995054
0.01 5.0423232832713465
0.01 5.177260506259835
0.01 5.322201315748532
0.01 5.477146205166936
0.01 5.642095498383645
0.01 5.817049369237714
0.01 6.0020078645174
0.01 6.196970928569754
0.01 6.401938427800473
0.01 6.616910174062139
0.01 6.841885945851616
0.01 7.076865507182299
0.01 7.32184862343403
0.01 7.576835074892409
0.01 7.84182466701213
0.01 8.116817239487235
0.01 8.401812670809933
0.01 8.69681088842106
0.01 8.981806780228599
0.01 8.686808434927208
0.01 8.401812670809889
0.01 8.126819550481716
0.01 7.861829178946119
0.01 7.606841694083074
0.01 7.361857262315611
0.01 7.126876070134458
0.01 6.901898314614737
0.01 6.686924191053655
0.01 6.481953878696131
0.01 6.28698752395608
0.01 6.10202522184577
0.01 5.927066995778499
0.01 5.762112776763068
0.01 5.6071623828781645
0.01 5.462215500553136
0.01 5.327271669163753
0.01 5.202330270836637
0.01 5.087390527176191
0.01 4.982451504612998
0.01 4.887512129495642
0.01 4.802571213782287
0.01 4.727627490085228
0.01 4.662679658555727
0.01 4.607726434639463
0.01 4.562766606173998
0.01 4.527799089502489
0.01 4.502822979995461
0.01 4.4878375966473
0.01 4.482842516649715
0.01 4.4878375966473
0.01 4.502822979995462
0.01 4.527799089502489
0.01 4.562766606173998
0.01 4.607726434639463
0.01 4.662679658555731
0.01 4.727627490085233
0.01 4.802571213782293
0.01 4.887512129495645
0.01 4.982451504612998
0.01 5.087390527176193
0.01 5.2023302708366375
0.01 5.327271669163757
0.01 5.462215500553141
0.01 5.6071623828781645
0.01 5.762112776763069
0.01 5.9270669957785
0.01 6.102025221845773
0.01 6.286987523956081
0.01 6.481953878696135
0.01 6.686924191053659
0.01 6.901898314614743
0.01 7.126876070134468
0.01 7.361857262315621
0.01 7.606841694083087
0.01 7.861829178946143
0.01 8.12681955048175
0.01 8.401812670809926
0.01 8.686808434927299
0.01 8.981806780228677
0.01 9.276805174319911
0.01 8.981806780228597
0.01 8.696810888421005
0.01 8.421817557797162
0.01 8.156826887213533
0.01 7.901839006210282
0.01 7.6568540707741946
0.01 7.42187225510411
0.01 7.196893742438136
0.01 6.981918713152465
0.01 6.7769473310951245
0.01 6.581979727606259
0.01 6.397015983938073
0.01 6.222056112249176
0.01 6.057100036162751
0.01 5.902147571733636
0.01 5.757198410264156
0.01 5.622252104366931
0.01 5.497308059018624
0.01 5.382365529158748
0.01 5.277423625351382
0.01 5.1824813284391045
0.01 5.097537513829369
0.01 5.022590985431577
0.01 4.957640518015041
0.01 4.9026849034211715
0.01 4.857723002263614
0.01 4.822753797017819
0.01 4.797776438787914
0.01 4.782790288687595
0.01 4.777794950129034
0.01 4.782790288687594
0.01 4.797776438787915
0.01 4.82275379701782
0.01 4.857723002263615
0.01 4.9026849034211715
0.01 4.957640518015045
0.01 5.022590985431582
0.01 5.097537513829374
0.01 5.182481328439108
0.01 5.277423625351384
0.01 5.382365529158748
0.01 5.497308059018626
0.01 5.622252104366934
0.01 5.757198410264159
0.01 5.902147571733637
0.01 6.057100036162753
0.01 6.22205611224918
0.01 6.397015983938077
0.01 6.58197972760626
0.01 6.776947331095128
0.01 6.98191871315247
0.01 7.196893742438141
0.01 7.4218722551041205
0.01 7.656854070774206
0.01 7.901839006210294
0.01 8.15682688721356
0.01 8.421817557797201
0.01 8.696810888421055
0.01 8.981806780228675
0.01 9.276805174320007
