1e-05 11.620059144502918
1e-05 11.375418283276122
1e-05 11.141489055746925
1e-05 10.918257116297164
1e-05 10.705698675307305
1e-05 10.503780549378847
1e-05 10.312460321466805
1e-05 10.131686572320808
1e-05 9.96139923122844
1e-05 9.801530063359483
1e-05 9.652003327624664
1e-05 9.51273662310378
1e-05 9.383641941064564
1e-05 9.26462692298048
1e-05 9.155596314595767
1e-05 9.056453588142594
1e-05 8.967102692241069
1e-05 8.887449875095037
1e-05 8.817405520042747
1e-05 8.756885929050508
1e-05 8.705814993262095
1e-05 8.664125699114468
1e-05 8.63176143161321
1e-05 8.608677049060633
1e-05 8.594839717356283
1e-05 8.590229501431516
1e-05 8.594839717356283
1e-05 8.608677049060635
1e-05 8.631761431613214
1e-05 8.664125699114477
1e-05 8.705814993262106
1e-05 8.75688592905052
1e-05 8.817405520042763
1e-05 8.887449875095054
1e-05 8.967102692241086
1e-05 9.056453588142611
1e-05 9.155596314595778
1e-05 9.264626922980494
1e-05 9.383641941064575
1e-05 9.512736623103788
1e-05 9.652003327624671
1e-05 9.801530063359486
1e-05 9.961399231228445
1e-05 10.131686572320817
1e-05 10.312460321466817
1e-05 10.503780549378856
1e-05 10.705698675307309
1e-05 10.918257116297166
1e-05 11.141489055746923
1e-05 11.37541828327611
1e-05 11.620059144502903
1e-05 11.375418283276122
1e-05 11.13078002343497
1e-05 10.896858599097925
1e-05 10.673639671198641
1e-05 10.461099455374304
1e-05 10.259204762455134
1e-05 10.067913145603805
1e-05 9.887173115399433
1e-05 9.716924471401846
1e-05 9.557098768322783
1e-05 9.40761995202527
1e-05 9.268405185176944
1e-05 9.139365881828454
1e-05 9.020408953890477
1e-05 8.91143826218216
1e-05 8.812356246419581
1e-05 8.723065695096732
1e-05 8.64347160095459
1e-05 8.573483039517841
1e-05 8.513015003175184
1e-05 8.461990125456188
1e-05 8.42034023924438
1e-05 8.388007726248738
1e-05 8.36494662915486
1e-05 8.351123513522204
1e-05 8.346518077405793
1e-05 8.351123513522207
1e-05 8.364946629154861
1e-05 8.388007726248743
1e-05 8.420340239244386
1e-05 8.461990125456197
1e-05 8.513015003175198
1e-05 8.573483039517855
1e-05 8.643471600954607
1e-05 8.723065695096746
1e-05 8.812356246419597
1e-05 8.91143826218217
1e-05 9.02040895389049
1e-05 9.139365881828462
1e-05 9.26840518517695
1e-05 9.40761995202528
1e-05 9.557098768322788
1e-05 9.716924471401851
1e-05 9.887173115399442
1e-05 10.067913145603812
1e-05 10.259204762455147
1e-05 10.461099455374306
1e-05 10.673639671198641
1e-05 10.896858599097923
1e-05 11.130780023434962
1e-05 11.375418283276112
1e-05 11.141489055746927
1e-05 10.896858599097927
1e-05 10.662960583585702
1e-05 10.439780695527269
1e-05 10.227295176111532
1e-05 10.02547083252923
1e-05 9.834265145935323
1e-05 9.65362643703701
1e-05 9.483494139324359
1e-05 9.32379920042849
1e-05 9.174464650656049
1e-05 9.035406363821528
1e-05 8.90653403650904
1e-05 8.787752396718593
1e-05 8.678962642933074
1e-05 8.580064095399159
1e-05 8.490956025492315
1e-05 8.411539609671376
1e-05 8.341719940902186
1e-05 8.281408019512543
1e-05 8.230522645016787
1e-05 8.188992136136141
1e-05 8.15675582213223
1e-05 8.133765268342216
1e-05 8.11998521990354
1e-05 8.115394263927918
1e-05 8.11998521990354
1e-05 8.13376526834222
1e-05 8.156755822132233
1e-05 8.188992136136145
1e-05 8.23052264501679
1e-05 8.281408019512554
1e-05 8.341719940902195
1e-05 8.411539609671385
1e-05 8.49095602549232
1e-05 8.580064095399166
1e-05 8.678962642933081
1e-05 8.787752396718595
1e-05 8.906534036509045
1e-05 9.035406363821533
1e-05 9.17446465065605
1e-05 9.323799200428496
1e-05 9.483494139324366
1e-05 9.653626437037014
1e-05 9.834265145935326
1e-05 10.025470832529233
1e-05 10.227295176111536
1e-05 10.43978069552727
1e-05 10.662960583585702
1e-05 10.896858599097925
1e-05 11.141489055746925
1e-05 10.918257116297161
1e-05 10.673639671198638
1e-05 10.439780695527269
1e-05 10.216665937299231
1e-05 10.004271712718861
1e-05 9.802564868322063
1e-05 9.611502823199375
1e-05 9.431033650878348
1e-05 9.261096252904908
1e-05 9.101620648072261
1e-05 8.95252842233811
1e-05 8.813733373214657
1e-05 8.685142386444635
1e-05 8.566656570071093
1e-05 8.458172662435421
1e-05 8.35958471054639
1e-05 8.27078599552948
1e-05 8.191671155141291
1e-05 8.122138429500641
1e-05 8.062091934402329
1e-05 8.011443855257609
1e-05 7.970116457886995
1e-05 7.938043831208437
1e-05 7.915173306206491
1e-05 7.901466530940706
1e-05 7.896900209744292
1e-05 7.901466530940706
1e-05 7.91517330620649
1e-05 7.938043831208438
1e-05 7.970116457886996
1e-05 8.011443855257612
1e-05 8.06209193440233
1e-05 8.122138429500646
1e-05 8.191671155141297
1e-05 8.270785995529485
1e-05 8.359584710546393
1e-05 8.458172662435425
1e-05 8.566656570071096
1e-05 8.68514238644464
1e-05 8.813733373214658
1e-05 8.95252842233811
1e-05 9.101620648072263
1e-05 9.26109625290491
1e-05 9.431033650878351
1e-05 9.611502823199382
1e-05 9.802564868322067
1e-05 10.00427171271886
1e-05 10.216665937299235
1e-05 10.439780695527272
1e-05 10.673639671198648
1e-05 10.918257116297175
1e-05 10.705698675307307
1e-05 10.461099455374306
1e-05 10.227295176111532
1e-05 10.004271712718861
1e-05 9.792005554813954
1e-05 9.590463700169012
1e-05 9.399603604353125
1e-05 9.219373143348454
1e-05 9.0497106430153
1e-05 8.890545003120243
1e-05 8.741795968379694
1e-05 8.603374591875058
1e-05 8.475183945296614
1e-05 8.35712012254966
1e-05 8.24907357830056
1e-05 8.150930823503618
1e-05 8.062576476040972
1e-05 7.983895627463419
1e-05 7.914776445859623
1e-05 7.855112890985328
1e-05 7.804807388570644
1e-05 7.763773300689691
1e-05 7.731937053563883
1e-05 7.709239835031346
1e-05 7.695638837189289
1e-05 7.691108074492091
1e-05 7.695638837189288
1e-05 7.709239835031346
1e-05 7.731937053563885
1e-05 7.7637733006896905
1e-05 7.804807388570645
1e-05 7.855112890985329
1e-05 7.914776445859624
1e-05 7.983895627463421
1e-05 8.062576476040972
1e-05 8.150930823503618
1e-05 8.249073578300559
1e-05 8.357120122549661
1e-05 8.475183945296617
1e-05 8.603374591875061
1e-05 8.741795968379696
1e-05 8.890545003120243
1e-05 9.0497106430153
1e-05 9.219373143348454
1e-05 9.399603604353127
1e-05 9.590463700169016
1e-05 9.792005554813956
1e-05 10.004271712718863
1e-05 10.22729517611154
1e-05 10.461099455374315
1e-05 10.705698675307318
1e-05 10.503780549378853
1e-05 10.259204762455141
1e-05 10.02547083252923
1e-05 9.802564868322065
1e-05 9.590463700169012
1e-05 9.38913468684804
1e-05 9.198535546271629
1e-05 9.018614162463392
1e-05 8.849308423221382
1e-05 8.690546118912625
1e-05 8.542244962285459
1e-05 8.404312787989292
1e-05 8.276648007465667
1e-05 8.159140395463282
1e-05 8.05167228747043
1e-05 7.954120252517103
1e-05 7.866357279978852
1e-05 7.788255469132824
1e-05 7.719689143394726
1e-05 7.660538229484881
1e-05 7.610691667246345
1e-05 7.570050581612375
1e-05 7.538530976799413
1e-05 7.516065802536789
1e-05 7.502606366603647
1e-05 7.498123178281402
1e-05 7.502606366603647
1e-05 7.51606580253679
1e-05 7.538530976799412
1e-05 7.570050581612373
1e-05 7.610691667246344
1e-05 7.660538229484879
1e-05 7.719689143394724
1e-05 7.788255469132823
1e-05 7.866357279978852
1e-05 7.954120252517104
1e-05 8.05167228747043
1e-05 8.159140395463282
1e-05 8.276648007465667
1e-05 8.40431278798929
1e-05 8.542244962285455
1e-05 8.690546118912627
1e-05 8.84930842322138
1e-05 9.018614162463392
1e-05 9.198535546271632
1e-05 9.38913468684804
1e-05 9.590463700169014
1e-05 9.802564868322067
1e-05 10.025470832529233
1e-05 10.25920476245515
1e-05 10.503780549378861
1e-05 10.31246032146681
1e-05 10.067913145603807
1e-05 9.834265145935321
1e-05 9.611502823199375
1e-05 9.399603604353125
1e-05 9.19853554627163
1e-05 9.00825702327245
1e-05 8.828716343043753
1e-05 8.659851343031072
1e-05 8.501588997382225
1e-05 8.353845099391751
1e-05 8.216524090806452
1e-05 8.089519137653527
1e-05 7.972712566817427
1e-05 7.865976796250264
1e-05 7.769175890353407
1e-05 7.68216785219855
1e-05 7.604807704965583
1e-05 7.536951313692208
1e-05 7.47845974991828
1e-05 7.42920384050961
1e-05 7.389068428030317
1e-05 7.357955897950054
1e-05 7.335788703155535
1e-05 7.322510866569147
1e-05 7.318088670675974
1e-05 7.322510866569148
1e-05 7.335788703155535
1e-05 7.357955897950051
1e-05 7.389068428030314
1e-05 7.429203840509606
1e-05 7.4784597499182786
1e-05 7.5369513136922075
1e-05 7.604807704965581
1e-05 7.682167852198547
1e-05 7.769175890353404
1e-05 7.865976796250262
1e-05 7.972712566817426
1e-05 8.089519137653525
1e-05 8.216524090806448
1e-05 8.35384509939175
1e-05 8.501588997382225
1e-05 8.65985134303107
1e-05 8.828716343043755
1e-05 9.008257023272451
1e-05 9.19853554627163
1e-05 9.399603604353127
1e-05 9.611502823199379
1e-05 9.834265145935325
1e-05 10.067913145603814
1e-05 10.31246032146682
1e-05 10.13168657232081
1e-05 9.887173115399435
1e-05 9.653626437037008
1e-05 9.431033650878346
1e-05 9.219373143348452
1e-05 9.018614162463392
1e-05 8.828716343043753
1e-05 8.649629100691323
1e-05 8.48129093938141
1e-05 8.323628696488479
1e-05 8.176556789064003
1e-05 8.039976540230427
1e-05 7.913775707660831
1e-05 7.79782837167638
1e-05 7.691995386377839
1e-05 7.596125625671807
1e-05 7.510058261103569
1e-05 7.433626255183247
1e-05 7.3666611223446345
1e-05 7.3089987668454155
1e-05 7.260485851053484
1e-05 7.220985825499494
1e-05 7.190383733400384
1e-05 7.168589267879154
1e-05 7.1555380968968745
1e-05 7.151191933511394
1e-05 7.155538096896873
1e-05 7.168589267879152
1e-05 7.190383733400378
1e-05 7.220985825499492
1e-05 7.260485851053479
1e-05 7.308998766845411
1e-05 7.366661122344631
1e-05 7.433626255183242
1e-05 7.5100582611035644
1e-05 7.596125625671803
1e-05 7.691995386377838
1e-05 7.797828371676378
1e-05 7.913775707660828
1e-05 8.039976540230427
1e-05 8.176556789064001
1e-05 8.323628696488479
1e-05 8.481290939381408
1e-05 8.649629100691323
1e-05 8.828716343043755
1e-05 9.018614162463392
1e-05 9.219373143348454
1e-05 9.431033650878348
1e-05 9.653626437037014
1e-05 9.88717311539944
1e-05 10.131686572320818
1e-05 9.961399231228436
1e-05 9.716924471401844
1e-05 9.483494139324359
1e-05 9.261096252904904
1e-05 9.049710643015297
1e-05 8.849308423221379
1e-05 8.659851343031072
1e-05 8.48129093938141
1e-05 8.313567516967137
1e-05 8.156608965398918
1e-05 8.010329464256298
1e-05 7.874628149736406
1e-05 7.749387876378146
1e-05 7.634474270973209
1e-05 7.529735364266404
1e-05 7.435002170235238
1e-05 7.350090649189027
1e-05 7.274805486009083
1e-05 7.208945990325877
1e-05 7.152314111426352
1e-05 7.104723876618126
1e-05 7.0660105649225295
1e-05 7.036037620622403
1e-05 7.014700233185762
1e-05 7.001925785160036
1e-05 6.997672201765395
1e-05 7.001925785160034
1e-05 7.014700233185758
1e-05 7.036037620622396
1e-05 7.066010564922522
1e-05 7.104723876618119
1e-05 7.152314111426343
1e-05 7.208945990325867
1e-05 7.274805486009076
1e-05 7.35009064918902
1e-05 7.435002170235232
1e-05 7.529735364266398
1e-05 7.634474270973206
1e-05 7.749387876378142
1e-05 7.874628149736403
1e-05 8.010329464256296
1e-05 8.156608965398915
1e-05 8.313567516967135
1e-05 8.481290939381406
1e-05 8.659851343031068
1e-05 8.849308423221377
1e-05 9.049710643015299
1e-05 9.261096252904906
1e-05 9.48349413932436
1e-05 9.716924471401848
1e-05 9.961399231228441
1e-05 9.801530063359479
1e-05 9.557098768322781
1e-05 9.323799200428486
1e-05 9.101620648072256
1e-05 8.89054500312024
1e-05 8.690546118912623
1e-05 8.501588997382223
1e-05 8.323628696488479
1e-05 8.156608965398917
1e-05 8.000460586178157
1e-05 7.85509944177307
1e-05 7.720424355098928
1e-05 7.596314817490985
1e-05 7.482628819517146
1e-05 7.379201143515655
1e-05 7.285842652771205
1e-05 7.202341301007981
1e-05 7.128465696346304
1e-05 7.063972005807301
1e-05 7.008614899790413
1e-05 6.962162486772508
1e-05 6.924412065384557
1e-05 6.895201144120761
1e-05 6.874411066080612
1e-05 6.861964648702989
1e-05 6.857820152158392
1e-05 6.861964648702987
1e-05 6.874411066080604
1e-05 6.895201144120754
1e-05 6.924412065384548
1e-05 6.962162486772495
1e-05 7.0086148997904
1e-05 7.063972005807292
1e-05 7.128465696346293
1e-05 7.202341301007972
1e-05 7.285842652771198
1e-05 7.379201143515648
1e-05 7.48262881951714
1e-05 7.596314817490979
1e-05 7.720424355098924
1e-05 7.855099441773066
1e-05 8.000460586178155
1e-05 8.156608965398915
1e-05 8.323628696488477
1e-05 8.501588997382223
1e-05 8.690546118912625
1e-05 8.890545003120238
1e-05 9.101620648072256
1e-05 9.323799200428489
1e-05 9.557098768322778
1e-05 9.801530063359477
1e-05 9.65200332762466
1e-05 9.40761995202527
1e-05 9.174464650656043
1e-05 8.952528422338107
1e-05 8.74179596837969
1e-05 8.542244962285455
1e-05 8.353845099391748
1e-05 8.176556789064001
1e-05 8.010329464256298
1e-05 7.85509944177307
1e-05 7.710787296249671
1e-05 7.577294726107599
1e-05 7.45450096371016
1e-05 7.342258897926082
1e-05 7.240391286061564
1e-05 7.148687735351462
1e-05 7.066903500045427
1e-05 6.994761343585474
1e-05 6.931957592985845
1e-05 6.878174872151856
1e-05 6.833107836086531
1e-05 6.796498326085839
1e-05 6.768158429496254
1e-05 6.747970553875292
1e-05 6.735873452180262
1e-05 6.73184290569956
1e-05 6.7358734521802575
1e-05 6.747970553875284
1e-05 6.768158429496243
1e-05 6.796498326085826
1e-05 6.833107836086516
1e-05 6.878174872151842
1e-05 6.931957592985829
1e-05 6.994761343585461
1e-05 7.066903500045415
1e-05 7.148687735351452
1e-05 7.240391286061556
1e-05 7.342258897926075
1e-05 7.454500963710153
1e-05 7.577294726107595
1e-05 7.710787296249667
1e-05 7.855099441773065
1e-05 8.010329464256294
1e-05 8.176556789064001
1e-05 8.353845099391748
1e-05 8.542244962285453
1e-05 8.741795968379689
1e-05 8.952528422338107
1e-05 9.174464650656043
1e-05 9.407619952025268
1e-05 9.652003327624659
1e-05 9.512736623103777
1e-05 9.268405185176942
1e-05 9.035406363821522
1e-05 8.813733373214651
1e-05 8.603374591875056
1e-05 8.404312787989289
1e-05 8.216524090806448
1e-05 8.039976540230425
1e-05 7.874628149736406
1e-05 7.720424355098927
1e-05 7.577294726107597
1e-05 7.445148802480233
1e-05 7.32387095948161
1e-05 7.21331430749254
1e-05 7.113293866780687
1e-05 7.023579569074525
1e-05 6.943889471594266
1e-05 6.8738830987192445
1e-05 6.813156504901215
1e-05 6.76124837897012
1.000000000088817e-05 6.717697611962646
1.0000000342833442e-05 6.682158603923975
1.0000021249456195e-05 6.654469889047578
1.0000292464458971e-05 6.634620824219869
1.000126683529139e-05 6.622670697083428
1.0002036352484396e-05 6.6186794897659365
1.000126683529139e-05 6.622670697083423
1.0000292464458971e-05 6.634620824219858
1.0000021249456195e-05 6.654469889047563
1.0000000342833442e-05 6.682158603923955
1.000000000088817e-05 6.717697611962621
1e-05 6.761248378970096
1e-05 6.813156504901192
1e-05 6.873883098719224
1e-05 6.943889471594251
1e-05 7.023579569074511
1e-05 7.113293866780676
1e-05 7.21331430749253
1e-05 7.323870959481602
1e-05 7.445148802480228
1e-05 7.577294726107595
1e-05 7.720424355098924
1e-05 7.874628149736402
1e-05 8.039976540230423
1e-05 8.216524090806447
1e-05 8.404312787989289
1e-05 8.603374591875054
1e-05 8.81373337321465
1e-05 9.03540636382152
1e-05 9.268405185176938
1e-05 9.512736623103773
1e-05 9.38364194106456
1e-05 9.139365881828448
1e-05 8.906534036509036
1e-05 8.685142386444632
1e-05 8.47518394529661
1e-05 8.276648007465663
1e-05 8.089519137653523
1e-05 7.913775707660829
1e-05 7.749387876378142
1e-05 7.596314817490981
1e-05 7.454500963710157
1e-05 7.323870959481608
1e-05 7.204322975580043
1e-05 7.095720021834618
1e-05 6.997878796113869
1e-05 6.91055331332106
1e-05 6.833401668393034
1e-05 6.765927528359377
1.0000000071053565e-05 6.707447480097685
1.0000375580252499e-05 6.657159047673474
1.009839332875441e-05 6.614365723881225
1.2817402180936184e-05 6.578777219647938
2.9095839617397484e-05 6.550552979694213
6.52435651899606e-05 6.530069098676771
0.00010716408430435799 6.517659655135282
0.00012682714469441626 6.5135061352793935
0.00010716408430435799 6.517659655135274
6.52435651899606e-05 6.5300690986767576
2.9095839617397484e-05 6.550552979694191
1.2817402180936184e-05 6.578777219647911
1.009839332875441e-05 6.6143657238811935
1.0000375580252499e-05 6.657159047673441
1.0000000071053565e-05 6.707447480097653
1e-05 6.765927528359349
1e-05 6.8334016683930106
1e-05 6.910553313321041
1e-05 6.997878796113855
1e-05 7.095720021834607
1e-05 7.204322975580036
1e-05 7.323870959481602
1e-05 7.454500963710153
1e-05 7.596314817490978
1e-05 7.74938787637814
1e-05 7.913775707660825
1e-05 8.089519137653522
1e-05 8.276648007465662
1e-05 8.47518394529661
1e-05 8.685142386444632
1e-05 8.906534036509035
1e-05 9.139365881828441
1e-05 9.383641941064552
1e-05 9.264626922980474
1e-05 9.020408953890472
1e-05 8.787752396718586
1e-05 8.566656570071085
1e-05 8.357120122549654
1e-05 8.159140395463279
1e-05 7.972712566817424
1e-05 7.797828371676377
1e-05 7.634474270973206
1e-05 7.482628819517142
1e-05 7.3422588979260786
1e-05 7.213314307492537
1e-05 7.095720021834616
1e-05 6.9893647594175965
1e-05 6.894079063352485
1e-05 6.809568204071337
1.000000000088817e-05 6.735242445194742
1.0000229547417076e-05 6.670042631997516
1.056415539849597e-05 6.612667349148721
5.6405330085447866e-05 6.562200378865823
0.0005518070699191996 6.51834310372378
0.002298500876480447 6.481259717014126
0.005288045933688958 6.451448939932273
0.00823888052854935 6.429597974427567
0.010249281538512253 6.416297087388141
0.010991815886160284 6.4118404460575995
0.010249281538514917 6.416297087388133
0.008238880528536028 6.4295979744275495
0.005288045933690734 6.4514489399322485
0.0022985008764760066 6.481259717014096
0.0005518070699165351 6.518343103723743
5.64053300845597e-05 6.562200378865783
1.056415539849597e-05 6.612667349148682
1.0000229547417076e-05 6.670042631997483
1.000000000088817e-05 6.735242445194715
1e-05 6.809568204071318
1e-05 6.89407906335247
1e-05 6.989364759417586
1e-05 7.095720021834607
1e-05 7.213314307492531
1e-05 7.342258897926074
1e-05 7.48262881951714
1e-05 7.634474270973204
1e-05 7.797828371676375
1e-05 7.972712566817423
1e-05 8.159140395463279
1e-05 8.357120122549652
1e-05 8.566656570071085
1e-05 8.787752396718583
1e-05 9.020408953890469
1e-05 9.264626922980467
1e-05 9.155596314595758
1e-05 8.911438262182152
1e-05 8.678962642933067
1e-05 8.458172662435416
1e-05 8.249073578300555
1e-05 8.051672287470424
1e-05 7.8659767962502585
1e-05 7.691995386377837
1e-05 7.5297353642664
1e-05 7.379201143515648
1e-05 7.240391286061559
1e-05 7.113293866780682
1e-05 6.997878796113865
1e-05 6.894079063352482
1e-05 6.801704255043613
1.00000000408558e-05 6.720134321018433
1.0014081312522168e-05 6.647916496712133
2.851044040125119e-05 6.583162602324581
0.0006955409669201563 6.524662387400924
0.0046392003041469355 6.472198937394484
0.01427468374791891 6.4260727586508075
0.030842803807331693 6.386767318947669
0.05413882734764937 6.354920808801923
0.0773142486289483 6.331378061089529
0.09229182576198539 6.316959245237261
0.09717932767198104 6.312117525754977
0.09229182576200226 6.316959245237252
0.07731424862898427 6.33137806108951
0.054138827347679566 6.354920808801896
0.0308428038072713 6.3867673189476335
0.014274683747919799 6.4260727586507675
0.004639200304136277 6.47219893739444
0.0006955409669166036 6.524662387400884
2.851044040125119e-05 6.583162602324547
1.0014081312522168e-05 6.6479164967121065
1.00000000408558e-05 6.72013432101841
1e-05 6.801704255043594
1e-05 6.8940790633524704
1e-05 6.997878796113856
1e-05 7.113293866780676
1e-05 7.240391286061556
1e-05 7.379201143515648
1e-05 7.529735364266398
1e-05 7.691995386377835
1e-05 7.865976796250258
1e-05 8.051672287470423
1e-05 8.249073578300553
1e-05 8.458172662435416
1e-05 8.678962642933065
1e-05 8.911438262182152
1e-05 9.155596314595757
1e-05 9.056453588142585
1e-05 8.812356246419576
1e-05 8.580064095399152
1e-05 8.359584710546383
1e-05 8.15093082350361
1e-05 7.9541202525170975
1e-05 7.7691758903534
1e-05 7.596125625671803
1e-05 7.435002170235233
1e-05 7.285842652771199
1e-05 7.148687735351457
1e-05 7.023579569074519
1e-05 6.910553313321052
1e-05 6.809568204071333
1.00000000408558e-05 6.720134321018429
1.0048099005176932e-05 6.640577567624508
8.235300819132983e-05 6.568388772363013
0.0021396323621510824 6.5019445769757045
0.011968853590004913 6.4409036920703375
0.03244099932692171 6.385556730484601
0.06399616110496342 6.336517517892684
0.10851324355465881 6.2945593723139845
0.16711020188637576 6.260500843192066
0.23081797186775369 6.23524495779295
0.2790091179227788 6.219706242522908
0.29633767624373714 6.214473025133296
0.27900911792296396 6.219706242522898
0.23081797186796463 6.235244957792929
0.16711020188659825 6.260500843192037
0.10851324355485288 6.2945593723139455
0.06399616110502959 6.3365175178926405
0.032440999327024295 6.3855567304845575
0.011968853590015571 6.440903692070299
0.0021396323621457533 6.5019445769756725
8.235300819132983e-05 6.5683887723629875
1.0048099005176932e-05 6.640577567624484
1.00000000408558e-05 6.720134321018411
1e-05 6.809568204071319
1e-05 6.910553313321043
1e-05 7.023579569074512
1e-05 7.148687735351453
1e-05 7.285842652771197
1e-05 7.43500217023523
1e-05 7.596125625671801
1e-05 7.7691758903534
1e-05 7.9541202525170975
1e-05 8.15093082350361
1e-05 8.359584710546384
1e-05 8.580064095399154
1e-05 8.81235624641958
1e-05 9.05645358814259
1e-05 8.967102692241063
1e-05 8.723065695096722
1e-05 8.49095602549231
1e-05 8.270785995529474
1e-05 8.062576476040965
1e-05 7.866357279978844
1e-05 7.68216785219854
1e-05 7.510058261103562
1e-05 7.350090649189019
1e-05 7.202341301007974
1e-05 7.066903500045419
1e-05 6.9438894715942565
1e-05 6.833401668393024
1.000000000088817e-05 6.735242445194732
1.0014081312522168e-05 6.647916496712128
8.235300819132983e-05 6.568388772363009
0.0029452043750569637 6.4943276447650105
0.01720916755649911 6.42506506613842
0.04613919465740548 6.36077521252351
0.09345859096822443 6.302077589437794
0.16490782293873002 6.249854526154841
0.265999996074968 6.205117314469653
0.3969173688509771 6.1689196045486145
0.535757883634749 6.142255775652885
0.6407533102173734 6.125935213281575
0.6790285202502222 6.120447470012779
0.640753310217547 6.125935213281568
0.535757883635074 6.142255775652866
0.39691736885150647 6.168919604548584
0.26599999607551955 6.205117314469615
0.1649078229390311 6.249854526154798
0.09345859096841228 6.302077589437754
0.04613919465747342 6.360775212523477
0.017209167556551514 6.425065066138393
0.0029452043750622927 6.4943276447649865
8.235300819132983e-05 6.568388772362988
1.0014081312522168e-05 6.6479164967121065
1.000000000088817e-05 6.735242445194715
1e-05 6.833401668393013
1e-05 6.943889471594252
1e-05 7.066903500045415
1e-05 7.202341301007972
1e-05 7.350090649189019
1e-05 7.510058261103563
1e-05 7.6821678521985435
1e-05 7.866357279978848
1e-05 8.062576476040963
1e-05 8.270785995529476
1e-05 8.490956025492308
1e-05 8.723065695096723
1e-05 8.967102692241063
1e-05 8.88744987509503
1e-05 8.643471600954587
1e-05 8.411539609671369
1e-05 8.191671155141284
1e-05 7.983895627463413
1e-05 7.7882554691328165
1e-05 7.604807704965576
1e-05 7.4336262551832375
1e-05 7.274805486009074
1e-05 7.128465696346292
1e-05 6.994761343585462
1e-05 6.87388309871923
1e-05 6.765927528359363
1.0000229547417076e-05 6.670042631997499
2.851044040125119e-05 6.583162602324569
0.002139632362143977 6.501944576975696
0.017209167556498223 6.425065066138416
0.05119056434818438 6.352428591007414
0.11037315038422527 6.284561324191847
0.2083712508556861 6.222370018517047
0.3658125083511568 6.167047281700343
0.5876107471191977 6.119976655795794
0.8356955794152121 6.082406256654901
1.0542664762196972 6.055168499690061
1.2005438890465043 6.0386942982754155
1.25148321322065 6.033183313127
1.2005438890465443 6.038694298275408
1.0542664762200222 6.055168499690044
0.8356955794157548 6.082406256654877
0.587610747119914 6.119976655795761
0.3658125083516444 6.167047281700305
0.2083712508559135 6.2223700185170125
0.11037315038429188 6.2845613241918175
0.051190564348166614 6.35242859100739
0.017209167556515987 6.4250650661383935
0.002139632362149306 6.501944576975673
2.851044040125119e-05 6.583162602324548
1.0000229547417076e-05 6.670042631997484
1e-05 6.7659275283593505
1e-05 6.873883098719226
1e-05 6.994761343585459
1e-05 7.128465696346292
1e-05 7.274805486009076
1e-05 7.433626255183239
1e-05 7.604807704965577
1e-05 7.788255469132819
1e-05 7.983895627463413
1e-05 8.191671155141288
1e-05 8.411539609671369
1e-05 8.64347160095459
1e-05 8.887449875095033
1e-05 8.817405520042742
1e-05 8.573483039517834
1e-05 8.341719940902184
1e-05 8.122138429500636
1e-05 7.914776445859615
1e-05 7.719689143394718
1e-05 7.536951313692201
1e-05 7.366661122344626
1e-05 7.208945990325866
1e-05 7.063972005807289
1e-05 6.93195759298583
1e-05 6.8131565049011975
1.0000000071053565e-05 6.707447480097664
1.056415539849597e-05 6.612667349148697
0.0006955409669174917 6.5246623874009035
0.011968853589959616 6.440903692070321
0.046139194657392156 6.3607752125234995
0.11037315038420617 6.2845613241918405
0.22501311034383362 6.2130955522943605
0.42925415377008086 6.1476874602026665
0.7396714605017002 6.090108078865002
1.0958193006982406 6.041973195847409
1.418827393717075 6.004159129308349
1.664734432687994 5.977008994620501
1.8165935731710847 5.9606697862261955
1.8678510426902817 5.955215294471872
1.8165935731712757 5.9606697862261875
1.6647344326882814 5.97700899462049
1.4188273937175786 6.004159129308329
1.0958193006989 6.041973195847383
0.7396714605022198 6.090108078864973
0.42925415377034953 6.147687460202638
0.2250131103439655 6.213095552294336
0.11037315038427145 6.284561324191818
0.04613919465745654 6.360775212523478
0.011968853589982708 6.440903692070301
0.0006955409669192681 6.524662387400886
1.056415539849597e-05 6.6126673491486825
1.0000000071053565e-05 6.707447480097656
1e-05 6.813156504901195
1e-05 6.93195759298583
1e-05 7.063972005807291
1e-05 7.208945990325867
1e-05 7.366661122344629
1e-05 7.536951313692203
1e-05 7.71968914339472
1e-05 7.9147764458596175
1e-05 8.122138429500637
1e-05 8.341719940902182
1e-05 8.57348303951784
1e-05 8.817405520042746
1e-05 8.756885929050505
1e-05 8.51301500317518
1e-05 8.281408019512538
1e-05 8.062091934402321
1e-05 7.855112890985321
1e-05 7.660538229484871
1e-05 7.478459749918271
1e-05 7.308998766845406
1e-05 7.152314111426339
1e-05 7.0086148997903965
1e-05 6.878174872151837
1e-05 6.7612483789701
1.0000375580252499e-05 6.6571590476734475
5.64053300845597e-05 6.562200378865796
0.004639200304126507 6.472198937394458
0.03244099932693148 6.385556730484577
0.09345859096824707 6.302077589437774
0.2083712508557172 6.222370018517032
0.42925415377020076 6.147687460202658
0.7968735972948244 6.080088784575141
1.2402293579459491 6.021663562033626
1.6528719144325554 5.973473951278906
1.9863317953870614 5.935853846696131
2.2283160224410854 5.90891838947842
2.374885171323313 5.8927308594949555
2.423984116915744 5.8873304272911495
2.374885171323469 5.892730859494951
2.22831602244131 5.90891838947841
1.9863317953874624 5.9358538466961175
1.6528719144331256 5.973473951278888
1.2402293579464208 6.021663562033606
0.7968735972950984 6.08008878457512
0.4292541537703988 6.147687460202639
0.20837125085583932 6.222370018517014
0.09345859096834122 6.302077589437757
0.03244099932704028 6.385556730484561
0.004639200304138942 6.472198937394443
5.64053300845597e-05 6.562200378865786
1.0000375580252499e-05 6.657159047673443
1e-05 6.761248378970099
1e-05 6.878174872151841
1e-05 7.008614899790401
1e-05 7.152314111426342
1e-05 7.30899876684541
1e-05 7.478459749918276
1e-05 7.6605382294848745
1e-05 7.855112890985326
1e-05 8.062091934402325
1e-05 8.281408019512542
1e-05 8.513015003175186
1e-05 8.756885929050508
1e-05 8.705814993262091
1e-05 8.461990125456182
1e-05 8.23052264501678
1e-05 8.011443855257603
1e-05 7.8048073885706355
1e-05 7.610691667246336
1e-05 7.429203840509599
1e-05 7.260485851053472
1e-05 7.104723876618111
1e-05 6.962162486772489
1e-05 6.8331078360865085
1.000000000088817e-05 6.717697611962619
1.009839332875441e-05 6.614365723881195
0.0005518070699174233 6.5183431037237485
0.014274683747890489 6.426072758650776
0.06399616110491413 6.336517517892652
0.16490782293877088 6.249854526154813
0.3658125083514064 6.16704728170032
0.7396714605020168 6.090108078864988
1.240229357946057 6.021663562033619
1.7321682122683855 5.963238198335502
2.1482889266253133 5.915275816838421
2.4754101267880584 5.877893842442656
2.710788002363354 5.851149411492526
2.8527902886674865 5.835084283718847
2.900265599150321 5.829725998363051
2.8527902886675442 5.835084283718843
2.7107880023635715 5.85114941149252
2.475410126788316 5.877893842442648
2.1482889266255825 5.9152758168384105
1.7321682122687594 5.96323819833549
1.2402293579462569 6.021663562033606
0.7396714605021514 6.090108078864976
0.3658125083517461 6.167047281700308
0.16490782293892142 6.249854526154801
0.06399616110504203 6.336517517892643
0.014274683747937562 6.42607275865077
0.0005518070699183115 6.518343103723747
1.009839332875441e-05 6.614365723881195
1.000000000088817e-05 6.717697611962625
1e-05 6.8331078360865165
1e-05 6.962162486772495
1e-05 7.10472387661812
1e-05 7.260485851053478
1e-05 7.429203840509605
1e-05 7.61069166724634
1e-05 7.804807388570641
1e-05 8.011443855257607
1e-05 8.230522645016785
1e-05 8.461990125456188
1e-05 8.705814993262095
1e-05 8.664125699114468
1e-05 8.420340239244378
1e-05 8.188992136136134
1e-05 7.970116457886987
1e-05 7.7637733006896825
1e-05 7.570050581612363
1e-05 7.389068428030306
1e-05 7.22098582549948
1e-05 7.066010564922513
1e-05 6.924412065384536
1e-05 6.796498326085815
1.0000000342833442e-05 6.682158603923945
1.2817402180936184e-05 6.578777219647904
0.002298500876480447 6.481259717014093
0.03084280380720513 6.386767318947635
0.10851324355460952 6.29455937231395
0.2659999960752673 6.20511731446962
0.5876107471197488 6.119976655795768
1.0958193006985835 6.041973195847391
1.6528719144327757 5.973473951278892
2.1482889266254555 5.915275816838416
2.557760899737282 5.867556336138711
2.878243861203444 5.830378454777248
3.108401047818692 5.8037868439780205
3.2470550694340248 5.7878165365609195
3.293373620004755 5.782490436419803
3.2470550694340496 5.787816536560919
3.108401047818719 5.803786843978018
2.8782438612035888 5.830378454777245
2.5577608997374535 5.867556336138704
2.148288926625588 5.91527581683841
1.6528719144330466 5.973473951278887
1.0958193006986736 6.041973195847385
0.5876107471197999 6.1199766557957656
0.2659999960754827 6.20511731446962
0.10851324355484444 6.294559372313952
0.030842803807324588 6.386767318947638
0.002298500876481335 6.481259717014099
1.2817402180936184e-05 6.578777219647915
1.0000000342833442e-05 6.682158603923956
1e-05 6.796498326085827
1e-05 6.924412065384546
1e-05 7.066010564922522
1e-05 7.220985825499489
1e-05 7.389068428030313
1e-05 7.570050581612371
1e-05 7.763773300689687
1e-05 7.970116457886993
1e-05 8.188992136136141
1e-05 8.420340239244386
1e-05 8.664125699114475
1e-05 8.6317614316132
1e-05 8.38800772624873
1e-05 8.156755822132222
1e-05 7.938043831208427
1e-05 7.731937053563875
1e-05 7.538530976799404
1e-05 7.357955897950042
1e-05 7.190383733400368
1e-05 7.036037620622383
1e-05 6.895201144120738
1e-05 6.768158429496227
1.0000021249456195e-05 6.6544698890475455
2.9095839617397484e-05 6.550552979694176
0.005288045933691622 6.451448939932235
0.054138827347665355 6.354920808801888
0.1671102018864286 6.26050084319203
0.396917368851407 6.168919604548581
0.8356955794156917 6.082406256654874
1.4188273937173246 6.004159129308328
1.9863317953872506 5.935853846696114
2.4754101267882946 5.877893842442646
2.8782438612035364 5.830378454777246
3.1933837141405315 5.793361944504089
3.419588514319903 5.766887613802132
3.5557930480697535 5.750988833042164
3.601279097106763 5.74568681223367
3.555793048069805 5.750988833042162
3.419588514319919 5.766887613802129
3.1933837141405292 5.793361944504087
2.8782438612036234 5.830378454777245
2.4754101267883106 5.8778938424426475
1.9863317953873412 5.935853846696118
1.4188273937175488 6.004159129308331
0.835695579415658 6.0824062566548776
0.39691736885134793 6.168919604548589
0.16711020188646325 6.260500843192041
0.05413882734766891 6.354920808801902
0.005288045933699616 6.451448939932254
2.9095839617397484e-05 6.550552979694196
1.0000021249456195e-05 6.654469889047564
1e-05 6.768158429496243
1e-05 6.895201144120753
1e-05 7.036037620622396
1e-05 7.190383733400378
1e-05 7.35795589795005
1e-05 7.53853097679941
1e-05 7.7319370535638825
1e-05 7.938043831208437
1e-05 8.156755822132231
1e-05 8.388007726248741
1e-05 8.631761431613212
1e-05 8.60867704906062
1e-05 8.364946629154849
1e-05 8.133765268342211
1e-05 7.915173306206482
1e-05 7.709239835031337
1e-05 7.5160658025367795
1e-05 7.335788703155525
1e-05 7.168589267879138
1e-05 7.014700233185743
1e-05 6.8744110660805875
1e-05 6.7479705538752635
1.0000292464458971e-05 6.634620824219833
6.52435651899606e-05 6.530069098676734
0.00823888052853514 6.429597974427527
0.07731424862893053 6.331378061089491
0.23081797186796285 6.235244957792912
0.5357578836351491 6.142255775652852
1.054266476220024 6.055168499690033
1.6647344326882716 5.977008994620479
2.2283160224414043 5.908918389478403
2.710788002363601 5.851149411492514
3.1084010478187465 5.803786843978014
3.419588514319897 5.766887613802129
3.6429738740248747 5.740497012720032
3.7774694125622243 5.724648739414062
3.822380790654629 5.719363631189798
3.77746941256224 5.7246487394140635
3.6429738740249396 5.7404970127200325
3.41958851431992 5.76688761380213
3.108401047818704 5.803786843978017
2.710788002363574 5.8511494114925195
2.2283160224413168 5.9089183894784085
1.6647344326881508 5.977008994620489
1.0542664762199072 6.055168499690045
0.5357578836348333 6.1422557756528695
0.2308179718679069 6.235244957792935
0.07731424862902024 6.3313780610895165
0.008238880528537804 6.429597974427556
6.52435651899606e-05 6.530069098676763
1.0000292464458971e-05 6.634620824219861
1e-05 6.747970553875285
1e-05 6.874411066080605
1e-05 7.014700233185758
1e-05 7.16858926787915
1e-05 7.335788703155535
1e-05 7.5160658025367875
1e-05 7.709239835031345
1e-05 7.91517330620649
1e-05 8.133765268342218
1e-05 8.364946629154861
1e-05 8.608677049060635
1e-05 8.59483971735627
1e-05 8.351123513522193
1e-05 8.11998521990353
1e-05 7.901466530940697
1e-05 7.695638837189279
1e-05 7.502606366603638
1e-05 7.322510866569136
1e-05 7.1555380968968585
1e-05 7.001925785160016
1e-05 6.861964648702964
1e-05 6.73587345218023
1.000126683529139e-05 6.6226706970833895
0.00010716408430435799 6.517659655135241
0.01024928153849449 6.4162970873881005
0.09229182576198894 6.31695924523722
0.27900911792299815 6.219706242522869
0.6407533102178169 6.12593521328154
1.2005438890468192 6.038694298275387
1.8165935731714475 5.96066978622617
2.3748851713235943 5.892730859494938
2.852790288667643 5.835084283718832
3.247055069434141 5.78781653656091
3.5557930480698317 5.750988833042157
3.7774694125622683 5.724648739414059
3.9109432744478543 5.708830722895008
3.9555134243196672 5.703555711159498
3.9109432744478467 5.7088307228950095
3.7774694125622665 5.724648739414062
3.5557930480697997 5.750988833042159
3.247055069434037 5.787816536560915
2.852790288667563 5.835084283718841
2.3748851713234025 5.8927308594949475
1.8165935731711487 5.960669786226186
1.200543889046487 6.0386942982754075
0.6407533102174742 6.125935213281567
0.27900911792288674 6.2197062425229
0.09229182576187658 6.316959245237254
0.01024928153848916 6.416297087388136
0.00010716408430524615 6.517659655135278
1.000126683529139e-05 6.622670697083423
1e-05 6.735873452180257
1e-05 6.861964648702984
1e-05 7.001925785160032
1e-05 7.155538096896871
1e-05 7.322510866569146
1e-05 7.502606366603644
1e-05 7.695638837189287
1e-05 7.901466530940705
1e-05 8.119985219903539
1e-05 8.351123513522205
1e-05 8.594839717356285
1e-05 8.590229501431507
1e-05 8.346518077405783
1e-05 8.115394263927909
1e-05 7.896900209744284
1e-05 7.691108074492082
1e-05 7.498123178281392
1e-05 7.3180886706759605
1e-05 7.151191933511377
1e-05 6.997672201765376
1e-05 6.857820152158364
1e-05 6.731842905699527
1.0002036352484396e-05 6.618679489765897
0.0001268271446935281 6.513506135279352
0.010991815886122094 6.411840446057557
0.09717932767196194 6.312117525754934
0.2963376762440036 6.2144730251332545
0.6790285202506432 6.120447470012743
1.2514832132210976 6.033183313126969
1.8678510426906552 5.955215294471847
2.4239841169159804 5.887330427291129
2.9002655991504365 5.829725998363035
3.2933736200049104 5.78249043641979
3.6012790971068958 5.745686812233663
3.822380790654653 5.719363631189793
3.9555134243196837 5.7035557111594954
3.9999700000000002 5.6982840626242375
3.955513424319674 5.703555711159498
3.8223807906546274 5.719363631189797
3.601279097106844 5.745686812233668
3.2933736200048176 5.782490436419796
2.9002655991503135 5.829725998363045
2.423984116915815 5.8873304272911415
1.8678510426902613 5.955215294471865
1.2514832132206144 6.033183313126993
0.6790285202501445 6.120447470012772
0.2963376762436825 6.214473025133291
0.09717932767190376 6.312117525754973
0.010991815886156732 6.411840446057598
0.00012682714469441626 6.513506135279391
1.0002036352484396e-05 6.618679489765934
1e-05 6.731842905699556
1e-05 6.857820152158387
1e-05 6.9976722017653925
1e-05 7.151191933511391
1e-05 7.318088670675972
1e-05 7.498123178281402
1e-05 7.6911080744920906
1e-05 7.896900209744292
1e-05 8.115394263927916
1e-05 8.346518077405793
1e-05 8.590229501431518
1e-05 8.594839717356273
1e-05 8.351123513522195
1e-05 8.119985219903532
1e-05 7.901466530940698
1e-05 7.695638837189279
1e-05 7.502606366603637
1e-05 7.322510866569135
1e-05 7.155538096896858
1e-05 7.001925785160014
1e-05 6.86196464870296
1e-05 6.735873452180225
1.000126683529139e-05 6.622670697083384
0.00010716408430435799 6.517659655135233
0.01024928153849893 6.416297087388091
0.09229182576205866 6.316959245237211
0.27900911792307276 6.21970624252286
0.6407533102179461 6.125935213281531
1.2005438890469302 6.038694298275379
1.8165935731715253 5.960669786226163
2.374885171323738 5.892730859494931
2.8527902886677254 5.835084283718827
3.2470550694341545 5.7878165365609044
3.555793048069859 5.750988833042152
3.7774694125622843 5.724648739414054
3.910943274447901 5.708830722895003
3.9555134243196926 5.7035557111594954
3.9109432744478827 5.708830722895006
3.777469412562257 5.724648739414059
3.555793048069829 5.7509888330421575
3.247055069434092 5.787816536560912
2.8527902886675753 5.835084283718837
2.3748851713234376 5.892730859494945
1.8165935731712175 5.960669786226181
1.2005438890465816 6.038694298275402
0.6407533102174915 6.12593521328156
0.2790091179227908 6.219706242522895
0.09229182576193742 6.316959245237249
0.01024928153849449 6.4162970873881315
0.00010716408430435799 6.517659655135274
1.000126683529139e-05 6.6226706970834215
1e-05 6.735873452180255
1e-05 6.861964648702983
1e-05 7.00192578516003
1e-05 7.155538096896872
1e-05 7.322510866569146
1e-05 7.502606366603644
1e-05 7.695638837189287
1e-05 7.901466530940705
1e-05 8.119985219903539
1e-05 8.351123513522204
1e-05 8.594839717356281
1e-05 8.608677049060622
1e-05 8.364946629154852
1e-05 8.133765268342215
1e-05 7.9151733062064835
1e-05 7.709239835031337
1e-05 7.516065802536779
1e-05 7.335788703155523
1e-05 7.168589267879136
1e-05 7.0147002331857395
1e-05 6.874411066080581
1e-05 6.747970553875254
1.0000292464458971e-05 6.634620824219821
6.52435651899606e-05 6.530069098676718
0.008238880528532475 6.4295979744275105
0.07731424862912771 6.331378061089472
0.2308179718681347 6.235244957792895
0.5357578836353023 6.142255775652833
1.0542664762203158 6.055168499690017
1.6647344326885345 5.977008994620465
2.2283160224415774 5.90891838947839
2.710788002363802 5.851149411492504
3.108401047818887 5.803786843978006
3.419588514319956 5.76688761380212
3.642973874024942 5.740497012720024
3.7774694125622834 5.724648739414055
3.8223807906546754 5.719363631189792
3.7774694125622785 5.724648739414056
3.642973874024915 5.740497012720027
3.4195885143199534 5.766887613802125
3.1084010478187927 5.8037868439780125
2.710788002363642 5.851149411492513
2.2283160224413234 5.908918389478403
1.6647344326881957 5.977008994620483
1.0542664762200484 6.055168499690039
0.5357578836350532 6.142255775652861
0.23081797186787492 6.235244957792924
0.07731424862898516 6.331378061089507
0.00823888052852537 6.429597974427547
6.52435651899606e-05 6.530069098676756
1.0000292464458971e-05 6.634620824219857
1e-05 6.747970553875282
1e-05 6.874411066080604
1e-05 7.014700233185756
1e-05 7.16858926787915
1e-05 7.335788703155533
1e-05 7.5160658025367875
1e-05 7.709239835031345
1e-05 7.915173306206488
1e-05 8.133765268342216
1e-05 8.36494662915486
1e-05 8.608677049060635
1e-05 8.631761431613208
1e-05 8.388007726248736
1e-05 8.156755822132228
1e-05 7.9380438312084305
1e-05 7.731937053563877
1e-05 7.538530976799404
1e-05 7.357955897950038
1e-05 7.190383733400364
1e-05 7.036037620622378
1e-05 6.89520114412073
1e-05 6.7681584294962125
1.0000021249456195e-05 6.654469889047529
2.9095839617397484e-05 6.550552979694155
0.005288045933696951 6.451448939932212
0.054138827347773706 6.354920808801864
0.16711020188660358 6.260500843192006
0.3969173688515309 6.168919604548557
0.8356955794158507 6.08240625665485
1.418827393717747 6.004159129308305
1.9863317953876476 5.935853846696097
2.4754101267884776 5.877893842442631
2.878243861203827 5.83037845477723
3.1933837141407118 5.793361944504077
3.4195885143199654 5.766887613802121
3.555793048069856 5.750988833042151
3.6012790971068935 5.745686812233661
3.555793048069835 5.750988833042154
3.419588514319978 5.7668876138021234
3.1933837141406625 5.793361944504081
2.8782438612037216 5.830378454777237
2.475410126788417 5.877893842442639
1.9863317953874624 5.935853846696108
1.4188273937175133 6.004159129308321
0.8356955794157424 6.08240625665487
0.39691736885145007 6.168919604548578
0.16711020188652276 6.26050084319203
0.054138827347640486 6.354920808801891
0.005288045933689846 6.451448939932244
2.9095839617397484e-05 6.550552979694188
1.0000021249456195e-05 6.654469889047561
1e-05 6.76815842949624
1e-05 6.895201144120752
1e-05 7.036037620622395
1e-05 7.1903837334003775
1e-05 7.357955897950049
1e-05 7.53853097679941
1e-05 7.731937053563882
1e-05 7.938043831208436
1e-05 8.156755822132231
1e-05 8.38800772624874
1e-05 8.63176143161321
1e-05 8.664125699114475
1e-05 8.420340239244387
1e-05 8.188992136136141
1e-05 7.9701164578869905
1e-05 7.763773300689683
1e-05 7.570050581612364
1e-05 7.389068428030303
1e-05 7.220985825499476
1e-05 7.066010564922505
1e-05 6.924412065384526
1e-05 6.796498326085798
1.0000000342833442e-05 6.682158603923924
1.2817402180936184e-05 6.578777219647877
0.002298500876477783 6.481259717014064
0.03084280380734546 6.386767318947604
0.10851324355489417 6.29455937231392
0.2659999960755138 6.20511731446959
0.5876107471199704 6.119976655795738
1.0958193006989032 6.041973195847362
1.6528719144332162 5.9734739512788675
2.148288926625698 5.915275816838393
2.5577608997375325 5.867556336138688
2.8782438612037753 5.830378454777231
3.108401047818848 5.803786843978005
3.2470550694341225 5.7878165365609044
3.2933736200048775 5.782490436419788
3.247055069434164 5.787816536560906
3.108401047818885 5.803786843978007
2.878243861203707 5.830378454777233
2.5577608997375414 5.867556336138693
2.1482889266257157 5.9152758168384
1.652871914433167 5.9734739512788755
1.0958193006988335 6.0419731958473735
0.5876107471198234 6.119976655795753
0.26599999607546404 6.205117314469609
0.10851324355485066 6.29455937231394
0.03084280380730061 6.386767318947628
0.0022985008764768947 6.48125971701409
1.2817402180936184e-05 6.578777219647907
1.0000000342833442e-05 6.682158603923951
1e-05 6.796498326085822
1e-05 6.924412065384546
1e-05 7.066010564922521
1e-05 7.220985825499488
1e-05 7.3890684280303125
1e-05 7.570050581612371
1e-05 7.763773300689689
1e-05 7.970116457886993
1e-05 8.188992136136141
1e-05 8.420340239244384
1e-05 8.664125699114473
1e-05 8.7058149932621
1e-05 8.46199012545619
1e-05 8.230522645016785
1e-05 8.011443855257607
1e-05 7.804807388570639
1e-05 7.610691667246335
1e-05 7.4292038405095955
1e-05 7.260485851053465
1e-05 7.104723876618103
1e-05 6.962162486772476
1e-05 6.83310783608649
1.000000000088817e-05 6.7176976119625955
1.009839332875441e-05 6.614365723881163
0.0005518070699174233 6.518343103723715
0.014274683747922463 6.42607275865074
0.06399616110508599 6.336517517892616
0.16490782293900935 6.249854526154774
0.36581250835175455 6.167047281700284
0.7396714605024058 6.090108078864952
1.2402293579465726 6.021663562033586
1.7321682122687976 5.963238198335473
2.148288926625638 5.915275816838394
2.475410126788325 5.877893842442632
2.710788002363635 5.851149411492505
2.852790288667641 5.835084283718829
2.9002655991504103 5.829725998363034
2.8527902886676917 5.835084283718829
2.710788002363656 5.851149411492506
2.475410126788445 5.877893842442635
2.1482889266258005 5.915275816838396
1.7321682122688997 5.9632381983354765
1.2402293579465935 6.021663562033591
0.7396714605024627 6.090108078864958
0.36581250835173856 6.1670472817002935
0.16490782293899114 6.24985452615479
0.06399616110497053 6.336517517892634
0.014274683747937562 6.426072758650762
0.0005518070699156469 6.518343103723738
1.009839332875441e-05 6.61436572388119
1.000000000088817e-05 6.7176976119626195
1e-05 6.833107836086513
1e-05 6.962162486772496
1e-05 7.1047238766181176
1e-05 7.2604858510534775
1e-05 7.4292038405096035
1e-05 7.610691667246342
1e-05 7.804807388570643
1e-05 8.011443855257607
1e-05 8.230522645016785
1e-05 8.461990125456188
1e-05 8.705814993262097
1e-05 8.756885929050519
1e-05 8.513015003175191
1e-05 8.281408019512549
1e-05 8.062091934402327
1e-05 7.855112890985324
1e-05 7.660538229484871
1e-05 7.478459749918266
1e-05 7.3089987668453995
1e-05 7.152314111426328
1e-05 7.008614899790383
1e-05 6.87817487215182
1e-05 6.761248378970072
1.0000375580252499e-05 6.657159047673415
5.64053300845597e-05 6.562200378865756
0.004639200304130948 6.472198937394416
0.03244099932704872 6.385556730484534
0.09345859096844292 6.302077589437732
0.20837125085583577 6.22237001851699
0.4292541537705045 6.147687460202616
0.7968735972953649 6.080088784575101
1.240229357946518 6.021663562033589
1.6528719144330155 5.973473951278872
1.9863317953874127 5.935853846696102
2.228316022441335 5.908918389478395
2.374885171323528 5.892730859494934
2.4239841169159138 5.887330427291129
2.3748851713235632 5.892730859494932
2.2283160224414726 5.9089183894783925
1.9863317953876383 5.9358538466961
1.6528719144331705 5.973473951278869
1.2402293579466912 6.021663562033588
0.7968735972956962 6.0800887845751
0.42925415377081494 6.147687460202616
0.20837125085596545 6.222370018516994
0.09345859096829637 6.30207758943774
0.03244099932699321 6.3855567304845495
0.004639200304133613 6.472198937394435
5.64053300845597e-05 6.562200378865779
1.0000375580252499e-05 6.657159047673435
1e-05 6.761248378970094
1e-05 6.878174872151838
1e-05 7.008614899790399
1e-05 7.1523141114263415
1e-05 7.308998766845409
1e-05 7.478459749918276
1e-05 7.6605382294848745
1e-05 7.8551128909853265
1e-05 8.062091934402327
1e-05 8.281408019512543
1e-05 8.513015003175186
1e-05 8.75688592905051
1e-05 8.817405520042762
1e-05 8.573483039517853
1e-05 8.341719940902191
1e-05 8.122138429500641
1e-05 7.914776445859618
1e-05 7.719689143394717
1e-05 7.536951313692198
1e-05 7.36666112234462
1e-05 7.208945990325855
1e-05 7.063972005807275
1e-05 6.931957592985811
1e-05 6.813156504901171
1.0000000071053565e-05 6.707447480097629
1.056415539849597e-05 6.612667349148656
0.0006955409669192681 6.524662387400859
0.011968853590003136 6.440903692070275
0.046139194657593766 6.360775212523454
0.11037315038434695 6.284561324191795
0.22501311034404323 6.213095552294314
0.4292541537704894 6.14768746020262
0.7396714605023295 6.090108078864958
1.0958193006987669 6.041973195847371
1.4188273937175222 6.004159129308316
1.6647344326882445 5.977008994620472
1.8165935731713236 5.960669786226168
1.8678510426904376 5.955215294471849
1.816593573171372 5.960669786226167
1.6647344326883808 5.977008994620468
1.4188273937176528 6.004159129308309
1.0958193006991004 6.0419731958473655
0.7396714605027593 6.09010807886495
0.42925415377097614 6.147687460202611
0.22501311034426172 6.2130955522943045
0.11037315038434606 6.284561324191792
0.04613919465747253 6.360775212523457
0.01196885359001113 6.440903692070285
0.0006955409669166036 6.524662387400874
1.056415539849597e-05 6.6126673491486745
1.0000000071053565e-05 6.707447480097649
1e-05 6.813156504901189
1e-05 6.931957592985826
1e-05 7.0639720058072895
1e-05 7.208945990325866
1e-05 7.366661122344627
1e-05 7.536951313692204
1e-05 7.71968914339472
1e-05 7.914776445859619
1e-05 8.12213842950064
1e-05 8.341719940902186
1e-05 8.573483039517843
1e-05 8.817405520042751
1e-05 8.887449875095054
1e-05 8.643471600954607
1e-05 8.41153960967138
1e-05 8.191671155141293
1e-05 7.983895627463417
1e-05 7.788255469132817
1e-05 7.604807704965573
1e-05 7.433626255183232
1e-05 7.274805486009066
1e-05 7.12846569634628
1e-05 6.994761343585443
1e-05 6.8738830987192046
1e-05 6.765927528359328
1.0000229547417076e-05 6.670042631997459
2.851044040125119e-05 6.583162602324522
0.002139632362148418 6.5019445769756485
0.017209167556507993 6.425065066138369
0.05119056434825055 6.352428591007367
0.11037315038427856 6.284561324191799
0.20837125085583133 6.2223700185169974
0.365812508351592 6.167047281700294
0.5876107471197408 6.1199766557957505
0.8356955794156469 6.082406256654862
1.0542664762199676 6.055168499690027
1.2005438890466984 6.038694298275386
1.2514832132209386 6.0331833131269725
1.2005438890468103 6.0386942982753835
1.054266476220108 6.055168499690022
0.8356955794159795 6.082406256654854
0.5876107471202444 6.119976655795737
0.36581250835195084 6.167047281700279
0.2083712508561271 6.2223700185169815
0.11037315038445841 6.284561324191783
0.05119056434829317 6.352428591007356
0.017209167556484013 6.425065066138365
0.002139632362138648 6.501944576975652
2.851044040125119e-05 6.583162602324533
1.0000229547417076e-05 6.670042631997474
1e-05 6.765927528359344
1e-05 6.873883098719219
1e-05 6.994761343585456
1e-05 7.128465696346291
1e-05 7.2748054860090745
1e-05 7.433626255183239
1e-05 7.604807704965577
1e-05 7.788255469132818
1e-05 7.983895627463416
1e-05 8.191671155141288
1e-05 8.411539609671374
1e-05 8.643471600954593
1e-05 8.887449875095037
1e-05 8.967102692241081
1e-05 8.723065695096743
1e-05 8.490956025492318
1e-05 8.270785995529483
1e-05 8.062576476040968
1e-05 7.866357279978848
1e-05 7.68216785219854
1e-05 7.5100582611035565
1e-05 7.350090649189009
1e-05 7.20234130100796
1e-05 7.066903500045399
1e-05 6.9438894715942325
1e-05 6.833401668392993
1.000000000088817e-05 6.735242445194694
1.0014081312522168e-05 6.647916496712083
8.235300819132983e-05 6.568388772362963
0.0029452043750605164 6.494327644764964
0.01720916755652398 6.425065066138373
0.046139194657447216 6.360775212523462
0.09345859096823375 6.302077589437743
0.16490782293892498 6.249854526154789
0.2659999960753748 6.205117314469606
0.3969173688512884 6.168919604548572
0.5357578836350931 6.142255775652847
0.6407533102177552 6.12593521328154
0.6790285202504296 6.120447470012747
0.6407533102177183 6.1259352132815375
0.5357578836352517 6.142255775652841
0.3969173688515402 6.16891960454856
0.26599999607557995 6.2051173144695895
0.1649078229391599 6.2498545261547696
0.09345859096846468 6.302077589437723
0.04613919465757334 6.360775212523442
0.017209167556460032 6.425065066138357
0.002945204375043641 6.494327644764955
8.235300819044167e-05 6.568388772362963
1.0014081312522168e-05 6.647916496712089
1.000000000088817e-05 6.735242445194705
1e-05 6.833401668393004
1e-05 6.943889471594247
1e-05 7.066903500045412
1e-05 7.202341301007971
1e-05 7.350090649189019
1e-05 7.510058261103561
1e-05 7.682167852198543
1e-05 7.866357279978848
1e-05 8.062576476040967
1e-05 8.270785995529478
1e-05 8.490956025492315
1e-05 8.723065695096732
1e-05 8.96710269224107
1e-05 9.056453588142602
1e-05 8.81235624641959
1e-05 8.58006409539916
1e-05 8.359584710546391
1e-05 8.150930823503614
1e-05 7.954120252517098
1e-05 7.769175890353399
1e-05 7.596125625671797
1e-05 7.435002170235224
1e-05 7.285842652771186
1e-05 7.14868773535144
1e-05 7.023579569074497
1e-05 6.9105533133210235
1e-05 6.809568204071298
1.00000000408558e-05 6.720134321018389
1.0048099005176932e-05 6.6405775676244625
8.235300819132983e-05 6.568388772362967
0.0021396323621475297 6.501944576975656
0.011968853590003136 6.440903692070289
0.03244099932698166 6.38555673048455
0.06399616110500161 6.3365175178926325
0.10851324355491282 6.294559372313936
0.16711020188654496 6.2605008431920215
0.23081797186801215 6.235244957792908
0.2790091179230137 6.21970624252287
0.2963376762439352 6.214473025133261
0.2790091179229777 6.219706242522868
0.23081797186805433 6.2352449577929026
0.16711020188656006 6.260500843192011
0.10851324355492037 6.29455937231392
0.06399616110504824 6.336517517892611
0.032440999326979 6.385556730484527
0.011968853589960504 6.440903692070266
0.002139632362129766 6.501944576975639
8.235300819044167e-05 6.568388772362956
1.0048099005176932e-05 6.64057756762446
1.00000000408558e-05 6.720134321018395
1e-05 6.809568204071307
1e-05 6.910553313321035
1e-05 7.023579569074507
1e-05 7.148687735351448
1e-05 7.285842652771193
1e-05 7.43500217023523
1e-05 7.596125625671802
1e-05 7.7691758903534005
1e-05 7.954120252517098
1e-05 8.150930823503614
1e-05 8.359584710546388
1e-05 8.580064095399159
1e-05 8.812356246419586
1e-05 9.056453588142599
1e-05 9.15559631459577
1e-05 8.911438262182163
1e-05 8.678962642933076
1e-05 8.45817266243542
1e-05 8.249073578300555
1e-05 8.051672287470424
1e-05 7.8659767962502585
1e-05 7.691995386377832
1e-05 7.529735364266393
1e-05 7.379201143515639
1e-05 7.240391286061544
1e-05 7.113293866780664
1e-05 6.997878796113842
1e-05 6.894079063352453
1e-05 6.801704255043578
1.00000000408558e-05 6.720134321018393
1.0014081312522168e-05 6.647916496712091
2.851044040125119e-05 6.583162602324534
0.0006955409669183799 6.524662387400875
0.004639200304138942 6.472198937394433
0.01427468374791891 6.426072758650758
0.030842803807273077 6.386767318947621
0.05413882734773241 6.354920808801879
0.07731424862895318 6.331378061089487
0.09229182576199516 6.316959245237221
0.09717932767200058 6.31211752575494
0.09229182576199516 6.3169592452372205
0.07731424862899582 6.331378061089482
0.05413882734772264 6.35492080880187
0.030842803807292617 6.386767318947606
0.014274683747886048 6.426072758650738
0.0046392003041122966 6.4721989373944115
0.000695540966913051 6.524662387400854
2.851044040125119e-05 6.583162602324517
1.0014081312522168e-05 6.647916496712082
1.00000000408558e-05 6.72013432101839
1e-05 6.80170425504358
1e-05 6.89407906335246
1e-05 6.9978787961138496
1e-05 7.113293866780673
1e-05 7.240391286061552
1e-05 7.379201143515645
1e-05 7.529735364266396
1e-05 7.691995386377833
1e-05 7.8659767962502585
1e-05 8.051672287470424
1e-05 8.249073578300557
1e-05 8.45817266243542
1e-05 8.67896264293307
1e-05 8.911438262182159
1e-05 9.155596314595766
1e-05 9.264626922980483
1e-05 9.020408953890481
1e-05 8.787752396718593
1e-05 8.566656570071089
1e-05 8.357120122549658
1e-05 8.159140395463279
1e-05 7.972712566817422
1e-05 7.797828371676372
1e-05 7.634474270973199
1e-05 7.482628819517134
1e-05 7.342258897926066
1e-05 7.213314307492522
1e-05 7.095720021834594
1e-05 6.9893647594175725
1e-05 6.894079063352456
1e-05 6.809568204071305
1.000000000088817e-05 6.735242445194703
1.0000229547417076e-05 6.670042631997473
1.056415539849597e-05 6.612667349148674
5.64053300845597e-05 6.562200378865774
0.0005518070699183115 6.5183431037237325
0.002298500876473342 6.4812597170140815
0.005288045933690734 6.451448939932228
0.00823888052853958 6.429597974427526
0.010249281538477614 6.416297087388102
0.010991815886115877 6.411840446057564
0.010249281538517582 6.4162970873881005
0.008238880528533363 6.42959797442752
0.005288045933683629 6.451448939932221
0.0022985008764697893 6.481259717014068
0.0005518070699138706 6.518343103723716
5.64053300845597e-05 6.562200378865756
1.056415539849597e-05 6.612667349148656
1.0000229547417076e-05 6.670042631997459
1.000000000088817e-05 6.735242445194696
1e-05 6.809568204071303
1e-05 6.89407906335246
1e-05 6.989364759417578
1e-05 7.0957200218346
1e-05 7.213314307492528
1e-05 7.3422588979260714
1e-05 7.482628819517138
1e-05 7.634474270973203
1e-05 7.797828371676374
1e-05 7.972712566817422
1e-05 8.159140395463279
1e-05 8.35712012254966
1e-05 8.56665657007109
1e-05 8.78775239671859
1e-05 9.02040895389048
1e-05 9.264626922980481
1e-05 9.383641941064566
1e-05 9.139365881828455
1e-05 8.906534036509042
1e-05 8.685142386444637
1e-05 8.475183945296612
1e-05 8.276648007465663
1e-05 8.089519137653522
1e-05 7.913775707660825
1e-05 7.749387876378137
1e-05 7.596314817490974
1e-05 7.4545009637101485
1e-05 7.323870959481594
1e-05 7.204322975580026
1e-05 7.095720021834596
1e-05 6.997878796113843
1e-05 6.9105533133210315
1e-05 6.833401668393003
1e-05 6.765927528359342
1.0000000071053565e-05 6.707447480097645
1.0000375580252499e-05 6.6571590476734315
1.009839332875441e-05 6.614365723881182
1.2817402180936184e-05 6.578777219647895
2.9095839617397484e-05 6.550552979694172
6.52435651899606e-05 6.530069098676734
0.00010716408430435799 6.517659655135246
0.00012682714469441626 6.51350613527936
0.00010716408430435799 6.517659655135243
6.52435651899606e-05 6.530069098676729
2.9095839617397484e-05 6.550552979694165
1.2817402180936184e-05 6.578777219647886
1.009839332875441e-05 6.614365723881168
1.0000375580252499e-05 6.657159047673418
1.0000000071053565e-05 6.707447480097633
1e-05 6.765927528359333
1e-05 6.833401668392997
1e-05 6.910553313321031
1e-05 6.997878796113847
1e-05 7.095720021834601
1e-05 7.20432297558003
1e-05 7.323870959481599
1e-05 7.454500963710153
1e-05 7.596314817490978
1e-05 7.7493878763781385
1e-05 7.913775707660826
1e-05 8.089519137653523
1e-05 8.276648007465663
1e-05 8.475183945296612
1e-05 8.685142386444634
1e-05 8.90653403650904
1e-05 9.139365881828452
1e-05 9.383641941064562
1e-05 9.512736623103777
1e-05 9.26840518517694
1e-05 9.035406363821528
1e-05 8.813733373214653
1e-05 8.603374591875053
1e-05 8.40431278798929
1e-05 8.216524090806448
1e-05 8.039976540230423
1e-05 7.874628149736401
1e-05 7.7204243550989196
1e-05 7.5772947261075885
1e-05 7.44514880248022
1e-05 7.323870959481594
1e-05 7.213314307492523
1e-05 7.113293866780666
1e-05 7.023579569074504
1e-05 6.943889471594241
1e-05 6.873883098719217
1e-05 6.813156504901184
1e-05 6.761248378970088
1.000000000088817e-05 6.717697611962611
1.0000000342833442e-05 6.68215860392394
1.0000021249456195e-05 6.654469889047544
1.0000292464458971e-05 6.6346208242198355
1.000126683529139e-05 6.622670697083396
1.0002036352484396e-05 6.618679489765906
1.000126683529139e-05 6.622670697083394
1.0000292464458971e-05 6.634620824219831
1.0000021249456195e-05 6.654469889047539
1.0000000342833442e-05 6.6821586039239325
1.000000000088817e-05 6.7176976119626035
1e-05 6.7612483789700795
1e-05 6.813156504901178
1e-05 6.873883098719212
1e-05 6.9438894715942405
1e-05 7.023579569074504
1e-05 7.113293866780668
1e-05 7.213314307492527
1e-05 7.3238709594815985
1e-05 7.445148802480225
1e-05 7.577294726107593
1e-05 7.720424355098922
1e-05 7.8746281497364015
1e-05 8.039976540230423
1e-05 8.216524090806448
1e-05 8.40431278798929
1e-05 8.603374591875056
1e-05 8.813733373214653
1e-05 9.035406363821526
1e-05 9.268405185176947
1e-05 9.512736623103782
1e-05 9.652003327624662
1e-05 9.407619952025271
1e-05 9.174464650656047
1e-05 8.952528422338109
1e-05 8.741795968379693
1e-05 8.542244962285457
1e-05 8.353845099391746
1e-05 8.176556789063998
1e-05 8.010329464256293
1e-05 7.855099441773062
1e-05 7.710787296249663
1e-05 7.577294726107589
1e-05 7.454500963710149
1e-05 7.342258897926069
1e-05 7.240391286061548
1e-05 7.148687735351446
1e-05 7.066903500045408
1e-05 6.994761343585454
1e-05 6.931957592985823
1e-05 6.878174872151832
1e-05 6.833107836086505
1e-05 6.796498326085813
1e-05 6.7681584294962285
1e-05 6.747970553875265
1e-05 6.735873452180236
1e-05 6.731842905699536
1e-05 6.735873452180235
1e-05 6.747970553875264
1e-05 6.768158429496224
1e-05 6.796498326085809
1e-05 6.8331078360865005
1e-05 6.878174872151827
1e-05 6.931957592985818
1e-05 6.994761343585451
1e-05 7.066903500045406
1e-05 7.148687735351444
1e-05 7.2403912860615485
1e-05 7.342258897926071
1e-05 7.454500963710152
1e-05 7.577294726107592
1e-05 7.7107872962496655
1e-05 7.8550994417730635
1e-05 8.010329464256293
1e-05 8.176556789064
1e-05 8.353845099391748
1e-05 8.542244962285455
1e-05 8.74179596837969
1e-05 8.952528422338107
1e-05 9.174464650656047
1e-05 9.407619952025275
1e-05 9.652003327624668
1e-05 9.801530063359479
1e-05 9.557098768322781
1e-05 9.32379920042849
1e-05 9.101620648072256
1e-05 8.890545003120238
1e-05 8.69054611891262
1e-05 8.501588997382221
1e-05 8.323628696488477
1e-05 8.156608965398915
1e-05 8.000460586178153
1e-05 7.855099441773063
1e-05 7.7204243550989196
1e-05 7.596314817490976
1e-05 7.482628819517137
1e-05 7.379201143515641
1e-05 7.2858426527711915
1e-05 7.2023413010079675
1e-05 7.128465696346286
1e-05 7.063972005807285
1e-05 7.008614899790395
1e-05 6.962162486772488
1e-05 6.924412065384537
1e-05 6.895201144120742
1e-05 6.874411066080593
1e-05 6.86196464870297
1e-05 6.857820152158372
1e-05 6.861964648702969
1e-05 6.874411066080591
1e-05 6.8952011441207395
1e-05 6.9244120653845345
1e-05 6.962162486772485
1e-05 7.00861489979039
1e-05 7.063972005807282
1e-05 7.128465696346286
1e-05 7.202341301007967
1e-05 7.2858426527711915
1e-05 7.379201143515642
1e-05 7.482628819517136
1e-05 7.596314817490976
1e-05 7.720424355098921
1e-05 7.8550994417730635
1e-05 8.000460586178153
1e-05 8.156608965398917
1e-05 8.323628696488477
1e-05 8.501588997382221
1e-05 8.69054611891262
1e-05 8.890545003120238
1e-05 9.101620648072258
1e-05 9.32379920042849
1e-05 9.557098768322783
1e-05 9.801530063359483
1e-05 9.96139923122843
1e-05 9.71692447140184
1e-05 9.48349413932436
1e-05 9.261096252904904
1e-05 9.049710643015297
1e-05 8.849308423221379
1e-05 8.659851343031068
1e-05 8.481290939381404
1e-05 8.313567516967133
1e-05 8.156608965398915
1e-05 8.010329464256293
1e-05 7.874628149736401
1e-05 7.749387876378138
1e-05 7.6344742709732
1e-05 7.529735364266395
1e-05 7.435002170235228
1e-05 7.3500906491890134
1e-05 7.274805486009073
1e-05 7.208945990325862
1e-05 7.152314111426338
1e-05 7.104723876618112
1e-05 7.066010564922515
1e-05 7.036037620622388
1e-05 7.014700233185749
1e-05 7.001925785160021
1e-05 6.997672201765383
1e-05 7.001925785160021
1e-05 7.0147002331857475
1e-05 7.036037620622386
1e-05 7.066010564922514
1e-05 7.104723876618111
1e-05 7.152314111426336
1e-05 7.208945990325862
1e-05 7.274805486009071
1e-05 7.350090649189016
1e-05 7.435002170235229
1e-05 7.529735364266394
1e-05 7.634474270973203
1e-05 7.749387876378138
1e-05 7.874628149736401
1e-05 8.010329464256293
1e-05 8.156608965398915
1e-05 8.313567516967133
1e-05 8.481290939381404
1e-05 8.659851343031068
1e-05 8.849308423221377
1e-05 9.049710643015297
1e-05 9.261096252904904
1e-05 9.483494139324359
1e-05 9.716924471401844
1e-05 9.961399231228437
1e-05 10.131686572320804
1e-05 9.88717311539943
1e-05 9.653626437037008
1e-05 9.431033650878344
1e-05 9.21937314334845
1e-05 9.018614162463386
1e-05 8.82871634304375
1e-05 8.649629100691318
1e-05 8.481290939381406
1e-05 8.323628696488475
1e-05 8.176556789063998
1e-05 8.039976540230423
1e-05 7.913775707660826
1e-05 7.797828371676374
1e-05 7.691995386377835
1e-05 7.5961256256718
1e-05 7.51005826110356
1e-05 7.4336262551832375
1e-05 7.3666611223446266
1e-05 7.308998766845408
1e-05 7.260485851053475
1e-05 7.220985825499484
1e-05 7.190383733400373
1e-05 7.168589267879145
1e-05 7.155538096896865
1e-05 7.151191933511385
1e-05 7.155538096896864
1e-05 7.1685892678791445
1e-05 7.190383733400371
1e-05 7.220985825499484
1e-05 7.260485851053474
1e-05 7.308998766845406
1e-05 7.3666611223446266
1e-05 7.4336262551832375
1e-05 7.510058261103561
1e-05 7.5961256256717995
1e-05 7.691995386377831
1e-05 7.797828371676372
1e-05 7.913775707660824
1e-05 8.039976540230422
1e-05 8.176556789064
1e-05 8.323628696488477
1e-05 8.481290939381404
1e-05 8.64962910069132
1e-05 8.82871634304375
1e-05 9.018614162463388
1e-05 9.21937314334845
1e-05 9.431033650878344
1e-05 9.653626437037008
1e-05 9.887173115399431
1e-05 10.131686572320808
1e-05 10.312460321466805
1e-05 10.067913145603804
1e-05 9.834265145935316
1e-05 9.611502823199368
1e-05 9.399603604353125
1e-05 9.198535546271627
1e-05 9.008257023272444
1e-05 8.828716343043752
1e-05 8.65985134303107
1e-05 8.501588997382221
1e-05 8.353845099391748
1e-05 8.216524090806447
1e-05 8.089519137653523
1e-05 7.972712566817423
1e-05 7.865976796250259
1e-05 7.7691758903534
1e-05 7.682167852198543
1e-05 7.604807704965577
1e-05 7.536951313692205
1e-05 7.478459749918273
1e-05 7.429203840509603
1e-05 7.389068428030311
1e-05 7.357955897950047
1e-05 7.33578870315553
1e-05 7.322510866569142
1e-05 7.3180886706759685
1e-05 7.322510866569142
1e-05 7.335788703155532
1e-05 7.357955897950048
1e-05 7.389068428030313
1e-05 7.429203840509603
1e-05 7.478459749918275
1e-05 7.536951313692204
1e-05 7.604807704965577
1e-05 7.682167852198543
1e-05 7.769175890353399
1e-05 7.865976796250258
1e-05 7.972712566817422
1e-05 8.089519137653522
1e-05 8.216524090806448
1e-05 8.353845099391744
1e-05 8.501588997382221
1e-05 8.659851343031068
1e-05 8.82871634304375
1e-05 9.008257023272447
1e-05 9.198535546271627
1e-05 9.39960360435312
1e-05 9.611502823199373
1e-05 9.834265145935317
1e-05 10.067913145603807
1e-05 10.31246032146681
1e-05 10.503780549378845
1e-05 10.259204762455134
1e-05 10.025470832529223
1e-05 9.80256486832206
1e-05 9.590463700169009
1e-05 9.389134686848037
1e-05 9.198535546271625
1e-05 9.018614162463388
1e-05 8.849308423221377
1e-05 8.69054611891262
1e-05 8.542244962285457
1e-05 8.404312787989289
1e-05 8.276648007465663
1e-05 8.159140395463279
1e-05 8.051672287470426
1e-05 7.9541202525171
1e-05 7.866357279978849
1e-05 7.78825546913282
1e-05 7.719689143394723
1e-05 7.660538229484875
1e-05 7.610691667246341
1e-05 7.57005058161237
1e-05 7.538530976799411
1e-05 7.5160658025367875
1e-05 7.502606366603644
1e-05 7.4981231782814
1e-05 7.502606366603645
1e-05 7.516065802536788
1e-05 7.538530976799411
1e-05 7.570050581612373
1e-05 7.610691667246341
1e-05 7.660538229484876
1e-05 7.719689143394723
1e-05 7.788255469132818
1e-05 7.86635727997885
1e-05 7.954120252517099
1e-05 8.051672287470426
1e-05 8.159140395463279
1e-05 8.276648007465662
1e-05 8.404312787989289
1e-05 8.542244962285453
1e-05 8.69054611891262
1e-05 8.849308423221375
1e-05 9.018614162463388
1e-05 9.198535546271625
1e-05 9.389134686848035
1e-05 9.590463700169009
1e-05 9.802564868322058
1e-05 10.025470832529225
1e-05 10.259204762455132
1e-05 10.503780549378845
1e-05 10.70569867530729
1e-05 10.461099455374288
1e-05 10.227295176111527
1e-05 10.00427171271885
1e-05 9.792005554813946
1e-05 9.590463700169009
1e-05 9.399603604353121
1e-05 9.219373143348452
1e-05 9.049710643015295
1e-05 8.890545003120236
1e-05 8.741795968379689
1e-05 8.603374591875054
1e-05 8.475183945296612
1e-05 8.357120122549658
1e-05 8.249073578300555
1e-05 8.150930823503614
1e-05 8.062576476040968
1e-05 7.983895627463418
1e-05 7.914776445859621
1e-05 7.855112890985329
1e-05 7.804807388570644
1e-05 7.763773300689689
1e-05 7.731937053563884
1e-05 7.709239835031346
1e-05 7.695638837189288
1e-05 7.691108074492091
1e-05 7.695638837189288
1e-05 7.709239835031346
1e-05 7.731937053563884
1e-05 7.763773300689691
1e-05 7.804807388570644
1e-05 7.85511289098533
1e-05 7.914776445859621
1e-05 7.9838956274634185
1e-05 8.062576476040968
1e-05 8.150930823503613
1e-05 8.249073578300555
1e-05 8.357120122549654
1e-05 8.475183945296608
1e-05 8.603374591875053
1e-05 8.741795968379689
1e-05 8.890545003120236
1e-05 9.049710643015297
1e-05 9.21937314334845
1e-05 9.39960360435312
1e-05 9.590463700169009
1e-05 9.792005554813949
1e-05 10.004271712718854
1e-05 10.227295176111527
1e-05 10.461099455374292
1e-05 10.705698675307291
1e-05 10.918257116297141
1e-05 10.673639671198616
1e-05 10.439780695527253
1e-05 10.21666593729922
1e-05 10.00427171271885
1e-05 9.802564868322058
1e-05 9.611502823199368
1e-05 9.431033650878343
1e-05 9.261096252904903
1e-05 9.101620648072258
1e-05 8.952528422338107
1e-05 8.813733373214653
1e-05 8.685142386444634
1e-05 8.566656570071089
1e-05 8.458172662435421
1e-05 8.359584710546388
1e-05 8.270785995529478
1e-05 8.191671155141293
1e-05 8.122138429500643
1e-05 8.06209193440233
1e-05 8.011443855257612
1e-05 7.970116457886998
1e-05 7.938043831208438
1e-05 7.915173306206491
1e-05 7.9014665309407075
1e-05 7.896900209744294
1e-05 7.901466530940708
1e-05 7.9151733062064915
1e-05 7.938043831208439
1e-05 7.970116457886998
1e-05 8.011443855257614
1e-05 8.062091934402332
1e-05 8.122138429500643
1e-05 8.191671155141295
1e-05 8.270785995529481
1e-05 8.35958471054639
1e-05 8.45817266243542
1e-05 8.566656570071087
1e-05 8.68514238644463
1e-05 8.813733373214651
1e-05 8.952528422338105
1e-05 9.101620648072256
1e-05 9.261096252904904
1e-05 9.431033650878344
1e-05 9.611502823199372
1e-05 9.802564868322058
1e-05 10.004271712718852
1e-05 10.216665937299222
1e-05 10.43978069552726
1e-05 10.673639671198625
1e-05 10.91825711629715
1e-05 11.141489055746893
1e-05 10.896858599097895
1e-05 10.662960583585678
1e-05 10.43978069552725
1e-05 10.227295176111525
1e-05 10.025470832529223
1e-05 9.834265145935317
1e-05 9.653626437037005
1e-05 9.483494139324357
1e-05 9.323799200428487
1e-05 9.174464650656043
1e-05 9.035406363821524
1e-05 8.906534036509038
1e-05 8.787752396718588
1e-05 8.678962642933072
1e-05 8.580064095399159
1e-05 8.490956025492316
1e-05 8.411539609671378
1e-05 8.341719940902191
1e-05 8.28140801951255
1e-05 8.230522645016793
1e-05 8.188992136136147
1e-05 8.156755822132235
1e-05 8.133765268342223
1e-05 8.119985219903544
1e-05 8.115394263927925
1e-05 8.119985219903546
1e-05 8.133765268342223
1e-05 8.156755822132238
1e-05 8.188992136136147
1e-05 8.230522645016796
1e-05 8.281408019512552
1e-05 8.341719940902193
1e-05 8.41153960967138
1e-05 8.490956025492318
1e-05 8.580064095399159
1e-05 8.67896264293307
1e-05 8.787752396718588
1e-05 8.906534036509035
1e-05 9.035406363821522
1e-05 9.174464650656043
1e-05 9.323799200428486
1e-05 9.483494139324355
1e-05 9.653626437037008
1e-05 9.834265145935317
1e-05 10.025470832529225
1e-05 10.227295176111525
1e-05 10.439780695527258
1e-05 10.662960583585688
1e-05 10.89685859909791
1e-05 11.141489055746913
1e-05 11.375418283276067
1e-05 11.130780023434918
1e-05 10.896858599097893
1e-05 10.673639671198616
1e-05 10.461099455374296
1e-05 10.259204762455129
1e-05 10.067913145603802
1e-05 9.887173115399428
1e-05 9.716924471401843
1e-05 9.557098768322783
1e-05 9.407619952025273
1e-05 9.268405185176944
1e-05 9.13936588182845
1e-05 9.020408953890477
1e-05 8.91143826218216
1e-05 8.812356246419586
1e-05 8.723065695096732
1e-05 8.643471600954602
1e-05 8.573483039517852
1e-05 8.513015003175198
1e-05 8.4619901254562
1e-05 8.420340239244394
1e-05 8.388007726248746
1e-05 8.364946629154865
1e-05 8.351123513522213
1e-05 8.346518077405804
1e-05 8.351123513522214
1e-05 8.364946629154868
1e-05 8.388007726248748
1e-05 8.420340239244394
1e-05 8.4619901254562
1e-05 8.513015003175198
1e-05 8.573483039517857
1e-05 8.643471600954603
1e-05 8.723065695096736
1e-05 8.812356246419585
1e-05 8.911438262182159
1e-05 9.020408953890474
1e-05 9.139365881828445
1e-05 9.268405185176935
1e-05 9.407619952025264
1e-05 9.557098768322778
1e-05 9.716924471401844
1e-05 9.887173115399435
1e-05 10.067913145603809
1e-05 10.259204762455132
1e-05 10.46109945537429
1e-05 10.673639671198629
1e-05 10.89685859909791
1e-05 11.130780023434955
1e-05 11.375418283276105
1e-05 11.620059144502855
1e-05 11.375418283276067
1e-05 11.141489055746892
1e-05 10.91825711629714
1e-05 10.70569867530729
1e-05 10.503780549378842
1e-05 10.312460321466803
1e-05 10.131686572320806
1e-05 9.961399231228434
1e-05 9.801530063359483
1e-05 9.652003327624662
1e-05 9.512736623103779
1e-05 9.383641941064562
1e-05 9.264626922980478
1e-05 9.155596314595766
1e-05 9.056453588142595
1e-05 8.96710269224107
1e-05 8.887449875095045
1e-05 8.81740552004276
1e-05 8.75688592905052
1e-05 8.705814993262107
1e-05 8.664125699114482
1e-05 8.631761431613219
1e-05 8.608677049060638
1e-05 8.59483971735629
1e-05 8.590229501431526
1e-05 8.594839717356294
1e-05 8.608677049060642
1e-05 8.631761431613219
1e-05 8.664125699114482
1e-05 8.705814993262111
1e-05 8.756885929050522
1e-05 8.817405520042763
1e-05 8.887449875095049
1e-05 8.967102692241074
1e-05 9.056453588142595
1e-05 9.155596314595767
1e-05 9.264626922980478
1e-05 9.383641941064557
1e-05 9.51273662310377
1e-05 9.652003327624655
1e-05 9.801530063359476
1e-05 9.96139923122844
1e-05 10.131686572320813
1e-05 10.312460321466812
1e-05 10.503780549378844
1e-05 10.705698675307291
1e-05 10.91825711629715
1e-05 11.141489055746913
1e-05 11.375418283276106
1e-05 11.620059144502896
