1e-05 6.850830330331952
1e-05 6.605975923682569
1e-05 6.371386894078038
1e-05 6.147062501783346
1e-05 5.93300194269364
1e-05 5.729203409164826
1e-05 5.5356635478927645
1e-05 5.352376561171312
1e-05 5.179333220631975
1e-05 5.016519730086987
1e-05 4.863916664605245
1e-05 4.7214981902851525
1e-05 4.589231943406701
1e-05 4.467079935504113
1e-05 4.355000897404396
1e-05 4.2529537528187715
1e-05 4.160901460035466
1e-05 4.07881550340248
1e-05 4.006677749330703
1e-05 3.944471719626576
1e-05 3.892163027962114
1e-05 3.8496785353603773
1e-05 3.816896278839029
1e-05 3.7936559605119022
1e-05 3.7797937491121862
1e-05 3.775187920536965
1e-05 3.779793749112186
1e-05 3.7936559605118996
1e-05 3.8168962788390255
1e-05 3.849678535360373
1e-05 3.8921630279621113
1e-05 3.944471719626573
1e-05 4.0066777493307
1e-05 4.078815503402478
1e-05 4.160901460035464
1e-05 4.252953752818769
1e-05 4.3550008974043894
1e-05 4.467079935504109
1e-05 4.5892319434067
1e-05 4.721498190285152
1e-05 4.863916664605245
1e-05 5.016519730086991
1e-05 5.1793332206319835
1e-05 5.352376561171325
1e-05 5.535663547892778
1e-05 5.729203409164836
1e-05 5.93300194269366
1e-05 6.147062501783376
1e-05 6.371386894078084
1e-05 6.605975923682624
1e-05 6.850830330332018
1e-05 6.605975923682569
1e-05 6.361124162454272
1e-05 6.126542809706041
1e-05 5.902231228867447
1e-05 5.688188787803905
1e-05 5.484413919398818
1e-05 5.290903579562009
1e-05 5.107652333709343
1e-05 4.934651329607229
1e-05 4.771887072198205
1e-05 4.61934021422107
1e-05 4.476984572401138
1e-05 4.34478679374149
1e-05 4.222707104041096
1e-05 4.110701733993561
1e-05 4.008726605554422
1e-05 3.9167412629136873
1e-05 3.8347144689119586
1e-05 3.7626289101608403
1e-05 3.7004753770186043
1e-05 3.6482323981248124
1e-05 3.605837434138218
1e-05 3.5731658732177554
1e-05 3.5500374906045424
1e-05 3.5362592002610094
1e-05 3.53168451453331
1e-05 3.5362592002610094
1e-05 3.550037490604541
1e-05 3.573165873217752
1e-05 3.6058374341382153
1e-05 3.648232398124809
1e-05 3.7004753770186007
1e-05 3.762628910160839
1e-05 3.834714468911956
1e-05 3.9167412629136855
1e-05 4.008726605554418
1e-05 4.110701733993555
1e-05 4.222707104041094
1e-05 4.344786793741485
1e-05 4.476984572401137
1e-05 4.619340214221071
1e-05 4.771887072198208
1e-05 4.9346513296072345
1e-05 5.107652333709355
1e-05 5.290903579562025
1e-05 5.484413919398825
1e-05 5.688188787803924
1e-05 5.902231228867478
1e-05 6.126542809706076
1e-05 6.361124162454323
1e-05 6.605975923682624
1e-05 6.3713868940780385
1e-05 6.126542809706041
1e-05 5.891983756245116
1e-05 5.667709386156819
1e-05 5.453719584424166
1e-05 5.2500135135750785
1e-05 5.056589076428803
1e-05 4.873441973274537
1e-05 4.700564575195387
1e-05 4.537944449578949
1e-05 4.3855626955793845
1e-05 4.243392317915296
1e-05 4.111397258625496
1e-05 3.9895329221625113
1e-05 3.877748810638061
1e-05 3.7759930009518397
1e-05 3.68421681066835
1e-05 3.6023781220080386
1e-05 3.5304495494986816
1e-05 3.4684350413646166
1e-05 3.4163629262471344
1e-05 3.3742222572276614
1e-05 3.341884859634783
1e-05 3.319100169926913
1e-05 3.3055787427483967
1e-05 3.3010988478772725
1e-05 3.305578742748396
1e-05 3.3191001699269123
1e-05 3.3418848596347805
1e-05 3.374222257227659
1e-05 3.416362926247131
1e-05 3.468435041364612
1e-05 3.5304495494986763
1e-05 3.6023781220080338
1e-05 3.684216810668343
1e-05 3.7759930009518334
1e-05 3.877748810638056
1e-05 3.989532922162507
1e-05 4.111397258625493
1e-05 4.243392317915292
1e-05 4.385562695579384
1e-05 4.537944449578949
1e-05 4.70056457519539
1e-05 4.873441973274545
1e-05 5.056589076428816
1e-05 5.2500135135750945
1e-05 5.453719584424187
1e-05 5.667709386156844
1e-05 5.89198375624515
1e-05 6.126542809706075
1e-05 6.371386894078081
1e-05 6.147062501783347
1e-05 5.90223122886745
1e-05 5.667709386156819
1e-05 5.443497109500259
1e-05 5.229595148423065
1e-05 5.026003892485967
1e-05 4.832722865655255
1e-05 4.649749787340262
1e-05 4.477079360607403
1e-05 4.314701470557361
1e-05 4.162598752003688
1e-05 4.020743618089947
1e-05 3.889095648817725
1e-05 3.7676010216831672
1e-05 3.6561955165382676
1e-05 3.554811049638702
1e-05 3.4633832727385623
1e-05 3.3818470338445024
1e-05 3.310138180990044
1e-05 3.2482658048272177
1e-05 3.196368627968564
1e-05 3.1545781253368435
1.0000000000222044e-05 3.12277967442902
1.0000000005773103e-05 3.1005771031025553
1.0000000038413333e-05 3.087492428133462
1.0000000073273987e-05 3.0831727595458256
1.0000000038413333e-05 3.0874924281334626
1.0000000005773103e-05 3.1005771031025544
1.0000000000222044e-05 3.122779674429019
1e-05 3.154578125336841
1e-05 3.196368627968559
1e-05 3.248265804827212
1e-05 3.310138180990037
1e-05 3.381847033844493
1e-05 3.4633832727385534
1e-05 3.554811049638695
1e-05 3.65619551653826
1e-05 3.7676010216831584
1e-05 3.8890956488177184
1e-05 4.020743618089941
1e-05 4.162598752003685
1e-05 4.314701470557361
1e-05 4.477079360607407
1e-05 4.649749787340268
1e-05 4.832722865655263
1e-05 5.0260038924859805
1e-05 5.229595148423079
1e-05 5.443497109500278
1e-05 5.667709386156843
1e-05 5.902231228867475
1e-05 6.147062501783372
1e-05 5.9330019426936405
1e-05 5.688188787803907
1e-05 5.453719584424167
1e-05 5.229595148423066
1e-05 5.015817438287605
1e-05 4.8123885602478
1e-05 4.619310347135182
1e-05 4.436583535826698
1e-05 4.264206646785692
1e-05 4.10217399080772
1e-05 3.950472309737231
1e-05 3.8090754693004003
1e-05 3.677937631917962
1e-05 3.5569887119574366
1e-05 3.44613650212055
1e-05 3.345272053418315
1e-05 3.254290735957192
1e-05 3.173089624934171
1.0000000004440849e-05 3.1015046954686887
1.0000000463402458e-05 3.039468027545478
1.0000016102291681e-05 2.9872858563663467
1.0000344426373702e-05 2.9454134620381467
1.0005274100816798e-05 2.913837505376451
1.0043399068441235e-05 2.891984621982179
1.0157741268468078e-05 2.879177696718968
1.0242459814996706e-05 2.8749597909499385
1.0157741268468078e-05 2.879177696718969
1.0043399068441235e-05 2.8919846219821794
1.0005274100816798e-05 2.9138375053764496
1.0000344426373702e-05 2.9454134620381454
1.0000016102291681e-05 2.9872858563663427
1.0000000463402458e-05 3.0394680275454706
1.0000000004440849e-05 3.1015046954686802
1e-05 3.1730896249341582
1e-05 3.2542907359571767
1e-05 3.345272053418301
1e-05 3.4461365021205372
1e-05 3.556988711957425
1e-05 3.677937631917953
1e-05 3.8090754693003936
1e-05 3.9504723097372265
1e-05 4.102173990807718
1e-05 4.264206646785695
1e-05 4.4365835358267
1e-05 4.619310347135187
1e-05 4.81238856024781
1e-05 5.015817438287617
1e-05 5.229595148423078
1e-05 5.453719584424185
1e-05 5.68818878780392
1e-05 5.933001942693656
1e-05 5.729203409164826
1e-05 5.484413919398816
1e-05 5.25001351357508
1e-05 5.026003892485967
1e-05 4.812388560247799
1e-05 4.609171779382136
1e-05 4.416358287578335
1e-05 4.233952788719361
1e-05 4.06195934801261
1e-05 3.900379848158689
1e-05 3.7492101416735144
1e-05 3.608431082356472
1e-05 3.477989524726956
1e-05 3.357772693650987
1e-05 3.247608032854651
1.0000000000444085e-05 3.1472611946070446
1.0000001159061248e-05 3.0564725381840505
1.0000418120020687e-05 2.975117655972728
1.0039353495164467e-05 2.9030529096010635
1.1103808674991383e-05 2.8401147711129306
2.1230178784938356e-05 2.7867239428785058
7.127459031528181e-05 2.7437867733528036
0.0002307872713297557 2.7115795258775286
0.000540868948336191 2.6894335288464766
0.0008833398748290335 2.6765084590032195
0.0010348069140863735 2.67225924781091
0.0008833398748294775 2.676508459003221
0.0005408689483373012 2.6894335288464783
0.0002307872713306439 2.711579525877529
7.127459031528181e-05 2.7437867733528014
2.1230178784938356e-05 2.7867239428785013
1.1103808674991383e-05 2.8401147711129218
1.0039353495164467e-05 2.903052909601053
1.0000418120020687e-05 2.9751176559727104
1.0000001159061248e-05 3.056472538184032
1.0000000000444085e-05 3.1472611946070246
1e-05 3.247608032854632
1e-05 3.3577726936509693
1e-05 3.4779895247269437
1e-05 3.60843108235646
1e-05 3.7492101416735086
1e-05 3.9003798481586847
1e-05 4.06195934801261
1e-05 4.233952788719361
1e-05 4.4163582875783405
1e-05 4.609171779382143
1e-05 4.812388560247809
1e-05 5.026003892485979
1e-05 5.250013513575092
1e-05 5.484413919398824
1e-05 5.729203409164834
1e-05 5.535663547892765
1e-05 5.290903579562011
1e-05 5.0565890764288035
1e-05 4.832722865655255
1e-05 4.619310347135181
1e-05 4.416358287578336
1e-05 4.223874643892654
1e-05 4.041868562960818
1e-05 3.8703509587326574
1e-05 3.7093346427640523
1e-05 3.5588308782714386
1e-05 3.4188319384686547
1e-05 3.2892552344564723
1.0000000000222044e-05 3.169829411401999
1.0000002958714775e-05 3.0600990990680383
1.000438820521494e-05 2.959632750721265
1.0929690717307003e-05 2.868032964323361
5.3092083120299224e-05 2.7852760683511817
0.000898104568907527 2.7117198209254614
0.007315473346231989 2.647316732516111
0.018839356274582022 2.592320891839228
0.027922156425805818 2.5477621758807425
0.032233180991505406 2.514236512478662
0.03326409288280665 2.4912170602272
0.03316794167549082 2.4778153324155157
0.033048033892032216 2.4734161954628093
0.03316794167548916 2.477815332415517
0.03326409288280032 2.4912170602272017
0.03223318099150119 2.5142365124786625
0.02792215642581681 2.5477621758807407
0.018839356274581023 2.592320891839223
0.007315473346242203 2.647316732516102
0.0008981045689044184 2.7117198209254454
5.3092083120299224e-05 2.78527606835116
1.0929690717307003e-05 2.8680329643233353
1.000438820521494e-05 2.9596327507212377
1.0000002958714775e-05 3.0600990990680126
1.0000000000222044e-05 3.1698294114019747
1e-05 3.289255234456454
1e-05 3.4188319384686423
1e-05 3.5588308782714315
1e-05 3.7093346427640452
1e-05 3.8703509587326543
1e-05 4.041868562960819
1e-05 4.223874643892657
1e-05 4.41635828757834
1e-05 4.619310347135189
1e-05 4.832722865655264
1e-05 5.056589076428816
1e-05 5.2909035795620225
1e-05 5.535663547892775
1e-05 5.352376561171312
1e-05 5.107652333709345
1e-05 4.873441973274536
1e-05 4.649749787340262
1e-05 4.436583535826697
1e-05 4.2339527887193595
1e-05 4.0418685629608175
1e-05 3.8603437271454974
1e-05 3.6893950754556584
1e-05 3.529044886914618
1e-05 3.3793125532731048
1e-05 3.2401634391110403
1.000000004840524e-05 3.1113455034248743
1.0000927583171374e-05 2.9921961791712657
1.0907574427072066e-05 2.8818058767032184
0.00011508210711996704 2.779809049231322
0.003312735787124137 2.6863166041308455
0.017350999916872344 2.6013629068669077
0.03437078496397766 2.525671289790878
0.05250143147667287 2.4596406037027387
0.07176948422062109 2.4033931053102533
0.08794459077589857 2.357559727206501
0.09683322002610643 2.3226857067280102
0.09945649437661538 2.2985148023081354
0.09935883637948063 2.284375198608433
0.09906097605574651 2.27972637340101
0.09935883637946887 2.284375198608434
0.09945649437660883 2.298514802308136
0.09683322002609367 2.32268570672801
0.08794459077590368 2.357559727206499
0.07176948422063274 2.4033931053102475
0.0525014314766903 2.459640603702729
0.03437078496401519 2.5256712897908598
0.017350999916884224 2.601362906866885
0.0033127357871250247 2.686316604130816
0.0001150821071193009 2.77980904923129
1.0907574427072066e-05 2.8818058767031887
1.0000927583171374e-05 2.9921961791712386
1.000000004840524e-05 3.111345503424852
1e-05 3.2401634391110243
1e-05 3.379312553273092
1e-05 3.52904488691461
1e-05 3.689395075455653
1e-05 3.8603437271454957
1e-05 4.04186856296082
1e-05 4.233952788719365
1e-05 4.436583535826704
1e-05 4.6497497873402684
1e-05 4.873441973274542
1e-05 5.107652333709358
1e-05 5.352376561171327
1e-05 5.179333220631974
1e-05 4.934651329607225
1e-05 4.700564575195385
1e-05 4.477079360607402
1e-05 4.264206646785691
1e-05 4.061959348012611
1e-05 3.8703509587326557
1e-05 3.689395075455657
1e-05 3.51910595686116
1e-05 3.3594899861735392
1e-05 3.2104934560971716
1.0000000980539171e-05 3.0718686980142587
1.0024818467006957e-05 2.9429600528268973
3.382503161596161e-05 2.822729083630181
0.001990424224917415 2.7104240182348613
0.016870628964704048 2.6059341280393498
0.03817235865091789 2.5099588523068785
0.06339789566080317 2.422982626481702
0.09093378423538132 2.345574806368694
0.11852921665748498 2.278319436532737
0.1450761557604698 2.2214114481802905
0.16755727857740127 2.1750540255793682
0.18252044872101525 2.1394372748090804
0.19012121536965265 2.114421517349139
0.19305437654171728 2.0996351800182236
0.19373843332680274 2.094748163284802
0.1930543765417115 2.099635180018223
0.19012121536964321 2.114421517349139
0.1825204487210026 2.139437274809078
0.16755727857739128 2.175054025579366
0.14507615576047792 2.221411448180285
0.11852921665749463 2.2783194365327266
0.09093378423541118 2.345574806368679
0.0633978956608488 2.422982626481678
0.03817235865094465 2.509958852306848
0.016870628964733247 2.6059341280393156
0.001990424224912086 2.710424018234829
3.382503161596161e-05 2.822729083630153
1.0024818467006957e-05 2.9429600528268702
1.0000000980539171e-05 3.0718686980142396
1e-05 3.2104934560971548
1e-05 3.35948998617353
1e-05 3.5191059568611527
1e-05 3.6893950754556553
1e-05 3.870350958732658
1e-05 4.061959348012612
1e-05 4.264206646785698
1e-05 4.477079360607409
1e-05 4.700564575195392
1e-05 4.934651329607234
1e-05 5.179333220631983
1e-05 5.016519730086979
1e-05 4.7718870721982
1e-05 4.537944449578945
1e-05 4.314701470557359
1e-05 4.102173990807716
1e-05 3.900379848158687
1e-05 3.7093346427640492
1e-05 3.5290448869146167
1e-05 3.3594899861735392
1e-05 3.2005534231397954
1.0000003235379584e-05 3.0518735145463296
1.0106527801106177e-05 2.9127261262903876
0.00015188149039236574 2.782262551807112
0.008615518212255579 2.6597540581217465
0.030514514245463403 2.544780541426458
0.05826924516945652 2.437866647815763
0.09185698736866325 2.339877314038688
0.12952721386014132 2.2515985921401764
0.1678851116133246 2.173513185772711
0.2030921215167731 2.105909826111522
0.23347711850280886 2.0488809762229954
0.2580546541166552 2.0024356487538544
0.2758144705132197 1.96656230644189
0.2869313927486006 1.9411547142507206
0.2927087624139509 1.9260251166806193
0.29446143109092937 1.9210040433736864
0.2927087624139501 1.926025116680619
0.2869313927485987 1.941154714250719
0.2758144705132246 1.966562306441887
0.2580546541166485 2.0024356487538504
0.2334771185028032 2.0488809762229887
0.20309212151679065 2.1059098261115117
0.1678851116133519 2.1735131857726935
0.12952721386019495 2.251598592140156
0.09185698736872676 2.3398773140386595
0.05826924516949549 2.437866647815735
0.030514514245503815 2.5447805414264297
0.008615518212257355 2.659754058121718
0.0001518814903921437 2.782262551807085
1.0106527801106177e-05 2.9127261262903654
1.0000003235379584e-05 3.0518735145463127
1e-05 3.200553423139782
1e-05 3.3594899861735317
1e-05 3.5290448869146154
1e-05 3.709334642764052
1e-05 3.90037984815869
1e-05 4.1021739908077235
1e-05 4.314701470557365
1e-05 4.537944449578953
1e-05 4.7718870721982105
1e-05 5.016519730086994
1e-05 4.863916664605239
1e-05 4.619340214221065
1e-05 4.385562695579381
1e-05 4.162598752003684
1e-05 3.950472309737227
1e-05 3.7492101416735117
1e-05 3.5588308782714364
1e-05 3.3793125532731016
1e-05 3.210493456097169
1.0000003235379584e-05 3.051873514546329
1.0154544785380578e-05 2.9025033772078785
0.0002977301492731879 2.7614634898525683
0.015335402828069562 2.628282930672286
0.04299652094850567 2.5029120968945153
0.07639372306100346 2.3855786735561053
0.1180171893194315 2.2769887606562595
0.1649460302944898 2.17812830722577
0.2114175523152103 2.0895649707110264
0.2539937442413532 2.011506750212405
0.29104215397767147 1.944007620937279
0.32195757045179857 1.8870618314068208
0.3466436551419968 1.8406355000595451
0.3650909375302626 1.804677708200191
0.37755885777626425 1.7791083880464051
0.38463553282156154 1.763825656632332
0.3869135275594961 1.7587427219539737
0.38463553282155966 1.7638256566323312
0.37755885777626547 1.7791083880464043
0.36509093753027083 1.8046777082001892
0.3466436551419968 1.8406355000595407
0.32195757045181445 1.8870618314068133
0.29104215397769023 1.9440076209372694
0.2539937442414059 2.011506750212393
0.21141755231525705 2.089564970711009
0.16494603029454796 2.1781283072257493
0.11801718931946237 2.2769887606562342
0.07639372306102422 2.3855786735560804
0.042996520948528766 2.5029120968944887
0.01533540282807045 2.628282930672261
0.00029773014927252176 2.7614634898525465
1.0154544785380578e-05 2.9025033772078612
1.0000003235379584e-05 3.051873514546316
1e-05 3.210493456097163
1e-05 3.3793125532731008
1e-05 3.558830878271437
1e-05 3.7492101416735153
1e-05 3.950472309737235
1e-05 4.162598752003691
1e-05 4.38556269557939
1e-05 4.619340214221077
1e-05 4.863916664605251
1e-05 4.721498190285146
1e-05 4.476984572401131
1e-05 4.2433923179152915
1e-05 4.0207436180899405
1e-05 3.8090754693003968
1e-05 3.6084310823564656
1e-05 3.4188319384686525
1e-05 3.240163439111035
1.0000000980539171e-05 3.0718686980142555
1.0106527801106177e-05 2.9127261262903845
0.00029773014927340994 2.761463489852568
0.017845745810469885 2.617538577670278
0.051386397399664725 2.4813015645344003
0.09164969426339654 2.3534122552112158
0.1398421429451579 2.2345416371997424
0.19324342714096057 2.125401722965139
0.24604234556662216 2.026526782873094
0.29444975904707765 1.9381457019476873
0.3371221735851794 1.8603000947093136
0.3737798607265613 1.7929765003169995
0.4043781784138438 1.73614478350048
0.4289628775184963 1.689765362983628
0.44764871682604573 1.6537896867130208
0.4606466638376882 1.6281595705038834
0.468257098563328 1.61281392345614
0.470756504564911 1.607704795551751
0.46825709856332864 1.6128139234561392
0.46064666383768665 1.6281595705038818
0.4476487168260482 1.6537896867130186
0.42896287751850665 1.6897653629836227
0.4043781784138535 1.7361447835004749
0.37377986072657926 1.792976500316992
0.3371221735851959 1.8603000947093045
0.2944497590471265 1.938145701947674
0.246042345566669 2.0265267828730753
0.19324342714101442 2.1254017229651176
0.13984214294519542 2.2345416371997198
0.09164969426343507 2.353412255211193
0.051386397399683044 2.4813015645343786
0.017845745810481765 2.617538577670259
0.0002977301492731879 2.761463489852552
1.0106527801106177e-05 2.9127261262903756
1.0000000980539171e-05 3.0718686980142524
1e-05 3.2401634391110377
1e-05 3.4188319384686534
1e-05 3.608431082356474
1e-05 3.8090754693004043
1e-05 4.0207436180899485
1e-05 4.2433923179153
1e-05 4.476984572401144
1e-05 4.721498190285159
1e-05 4.5892319434066975
1e-05 4.3447867937414815
1e-05 4.111397258625493
1e-05 3.889095648817721
1e-05 3.6779376319179584
1e-05 3.477989524726951
1e-05 3.289255234456465
1.000000004840524e-05 3.1113455034248654
1.0024818467006957e-05 2.9429600528268867
0.00015188149039280983 2.7822625518071042
0.01533540282806823 2.6282829306722824
0.05138639739965473 2.481301564534399
0.09803142603923143 2.3424804857763593
0.15362405188955575 2.2129825346613416
0.2127436377844857 2.09351267256893
0.27045612600746943 1.9843834278413466
0.32388298280841055 1.8857296037721998
0.3717765691257803 1.7975896499836685
0.41381190308890636 1.7199529075477211
0.449947788464311 1.652790844252395
0.48021530374956206 1.5960688887832117
0.5046798128423527 1.5497487363320932
0.5234458836081408 1.5137888374609327
0.5366604086586114 1.4881459545792692
0.5444931380542413 1.4727799238339003
0.547085548816432 1.467661507238249
0.5444931380542433 1.4727799238338994
0.5366604086586116 1.4881459545792677
0.5234458836081404 1.5137888374609307
0.504679812842364 1.54974873633209
0.4802153037495705 1.5960688887832062
0.44994778846432465 1.6527908442523882
0.413811903088923 1.719952907547712
0.37177656912581025 1.7975896499836583
0.3238829828084605 1.8857296037721873
0.27045612600752006 1.9843834278413324
0.2127436377845329 2.0935126725689144
0.15362405188959594 2.212982534661325
0.09803142603926362 2.3424804857763437
0.05138639739967705 2.481301564534386
0.015335402828079887 2.6282829306722744
0.00015188149039280983 2.7822625518071025
1.0024818467006957e-05 2.9429600528268938
1.000000004840524e-05 3.111345503424876
1e-05 3.289255234456475
1e-05 3.4779895247269583
1e-05 3.6779376319179655
1e-05 3.8890956488177295
1e-05 4.111397258625501
1e-05 4.344786793741494
1e-05 4.5892319434067055
1e-05 4.467079935504104
1e-05 4.22270710404109
1e-05 3.989532922162507
1e-05 3.767601021683163
1e-05 3.5569887119574335
1e-05 3.3577726936509786
1.0000000000222044e-05 3.169829411401989
1.0000927583171374e-05 2.9921961791712537
3.382503161596161e-05 2.8227290836301693
0.008615518212257577 2.6597540581217363
0.04299652094850678 2.502912096894508
0.0916496942633961 2.353412255211211
0.15362405188956885 2.2129825346613403
0.21999771339625915 2.0828104777370986
0.28357961335911963 1.963225438183094
0.3421381791471452 1.854230004763253
0.3951480541652245 1.7557828335894834
0.44242901480513147 1.6678468468891183
0.4839230150990785 1.5903859470084865
0.5196424155138782 1.5233634265486922
0.5496329186579009 1.4667424477401045
0.5739618797754733 1.4204863621055166
0.5927165963927155 1.384559170702909
0.6060000234697265 1.358926973267011
0.6139161899990206 1.3435609242532418
0.6165448556711147 1.338441264255084
0.6139161899990212 1.3435609242532411
0.606000023469727 1.3589269732670097
0.5927165963927195 1.3845591707029068
0.5739618797754741 1.420486362105513
0.5496329186579129 1.4667424477401003
0.5196424155138941 1.523363426548687
0.48392301509909347 1.59038594700848
0.44242901480514335 1.6678468468891112
0.39514805416524595 1.7557828335894754
0.3421381791471762 1.854230004763243
0.2835796133591475 1.9632254381830825
0.2199977133962849 2.0828104777370875
0.15362405188958006 2.2129825346613305
0.09164969426342219 2.3534122552112064
0.04299652094849968 2.502912096894508
0.00861551821225891 2.6597540581217474
3.382503161618365e-05 2.8227290836301844
1.0000927583171374e-05 2.9921961791712732
1.0000000000222044e-05 3.1698294114020085
1e-05 3.357772693650993
1e-05 3.5569887119574393
1e-05 3.76760102168317
1e-05 3.9895329221625153
1e-05 4.222707104041104
1e-05 4.467079935504117
1e-05 4.355000897404388
1e-05 4.110701733993553
1e-05 3.8777488106380567
1e-05 3.656195516538264
1e-05 3.446136502120547
1e-05 3.2476080328546453
1.0000002958714775e-05 3.060099099068027
1.0907574427072066e-05 2.8818058767032038
0.0019904242249149727 2.710424018234843
0.03051451424550537 2.5447805414264457
0.07639372306100202 2.385578673556096
0.13984214294517766 2.234541637199734
0.21274363778451325 2.093512672568928
0.2835796133591223 1.9632254381830936
0.3484139305111999 1.8437133470277915
0.4070451440912817 1.7348658364165777
0.4597206737333301 1.6365902581384921
0.5065701535655868 1.5488207862641519
0.5476619085950378 1.4715065450813514
0.5830545798201074 1.404604143354931
0.6128110700776969 1.3480746219640223
0.6370004639430524 1.3018823588987156
0.6556975419812549 1.265995009990062
0.6689789439937015 1.24038431813675
0.6769142743399632 1.2250277605185527
0.6795533183761648 1.2199106200967993
0.6769142743399638 1.225027760518552
0.6689789439937033 1.2403843181367484
0.6556975419812581 1.2659950099900605
0.6370004639430571 1.301882358898713
0.6128110700777006 1.3480746219640194
0.5830545798201141 1.4046041433549272
0.5476619085950521 1.4715065450813456
0.506570153565595 1.548820786264145
0.45972067373333686 1.6365902581384848
0.4070451440912959 1.7348658364165703
0.3484139305112159 1.8437133470277836
0.2835796133591324 1.9632254381830874
0.21274363778449748 2.0935126725689233
0.13984214294515523 2.234541637199739
0.07639372306099836 2.385578673556106
0.030514514245449858 2.5447805414264644
0.0019904242249183034 2.7104240182348716
1.0907574427072066e-05 2.881805876703229
1.0000002958714775e-05 3.0600990990680494
1e-05 3.247608032854659
1e-05 3.4461365021205568
1e-05 3.6561955165382725
1e-05 3.8777488106380646
1e-05 4.110701733993563
1e-05 4.355000897404401
1e-05 4.252953752818767
1e-05 4.008726605554419
1e-05 3.7759930009518365
1e-05 3.554811049638701
1e-05 3.345272053418312
1.0000000000444085e-05 3.14726119460704
1.000438820521494e-05 2.9596327507212568
0.0001150821071193009 2.7798090492313094
0.01687062896473347 2.605934128039334
0.058269245169483945 2.437866647815751
0.11801718931944505 2.2769887606562484
0.19324342714100098 2.1254017229651314
0.2704561260074945 1.9843834278413446
0.342138179147149 1.8542300047632527
0.4070451440912789 1.7348658364165777
0.465526434243056 1.6261702537903926
0.5179270614977666 1.528045263514035
0.5644550753367623 1.440416839397436
0.6052385646068895 1.3632271775357299
0.6403701582505453 1.2964287905805407
0.6699279122272178 1.2399812215146728
0.6939834324275289 1.1938494730183753
0.7126040674191121 1.1580034964687473
0.7258513983858859 1.132418425983504
0.7337766351524374 1.1170753573042758
0.7364142979896973 1.1119623634035367
0.7337766351524381 1.1170753573042753
0.7258513983858882 1.132418425983503
0.7126040674191139 1.1580034964687456
0.6939834324275309 1.1938494730183729
0.6699279122272211 1.2399812215146702
0.6403701582505491 1.296428790580537
0.6052385646068997 1.3632271775357263
0.564455075336779 1.4404168393974313
0.5179270614977761 1.5280452635140291
0.46552643424306334 1.626170253790387
0.4070451440912938 1.7348658364165728
0.34213817914715 1.8542300047632478
0.2704561260074731 1.984383427841343
0.1932434271409416 2.1254017229651385
0.11801718931939731 2.2769887606562635
0.05826924516943654 2.4378666478157727
0.016870628964694722 2.6059341280393618
0.00011508210712018908 2.779809049231335
1.000438820521494e-05 2.9596327507212776
1.0000000000444085e-05 3.1472611946070574
1e-05 3.3452720534183245
1e-05 3.5548110496387078
1e-05 3.7759930009518436
1e-05 4.008726605554427
1e-05 4.252953752818779
1e-05 4.160901460035464
1e-05 3.916741262913685
1e-05 3.684216810668347
1e-05 3.46338327273856
1e-05 3.2542907359571887
1.0000001159061248e-05 3.0564725381840483
1.0929690717307003e-05 2.8680329643233557
0.0033127357871250247 2.6863166041308366
0.038172358650937654 2.5099588523068683
0.09185698736869922 2.3398773140386777
0.1649460302945202 2.1781283072257622
0.24604234556665824 2.0265267828730873
0.3238829828084353 1.8857296037721976
0.3951480541652241 1.7557828335894827
0.459720673733331 1.6365902581384912
0.5179270614977675 1.5280452635140345
0.5700555635845207 1.4300569063446016
0.6163130454657281 1.3425515324491437
0.6568457417434992 1.2654694686659615
0.6917625948375202 1.1987615631155266
0.7211506872179791 1.1423867371680618
0.7450833736838027 1.096310516941299
0.7636237098952474 1.0605043380004513
0.7768247337937748 1.034945403760119
0.7847276391461188 1.0196169387385945
0.7873588862840549 1.0145086145387892
0.784727639146119 1.0196169387385943
0.776824733793776 1.0349454037601182
0.763623709895251 1.06050433800045
0.7450833736838056 1.0963105169412968
0.7211506872179814 1.1423867371680596
0.6917625948375247 1.1987615631155242
0.6568457417435013 1.2654694686659589
0.6163130454657385 1.3425515324491408
0.5700555635845315 1.4300569063445974
0.5179270614977695 1.528045263514031
0.4597206737333341 1.6365902581384888
0.395148054165223 1.7557828335894803
0.3238829828084123 1.8857296037721998
0.2460423455666164 2.026526782873094
0.16494603029444516 2.1781283072257764
0.09185698736863616 2.3398773140386986
0.03817235865090046 2.509958852306891
0.0033127357871182528 2.6863166041308615
1.0929690717307003e-05 2.8680329643233766
1.0000001159061248e-05 3.056472538184065
1e-05 3.254290735957201
1e-05 3.463383272738572
1e-05 3.684216810668356
1e-05 3.916741262913696
1e-05 4.160901460035471
1e-05 4.078815503402476
1e-05 3.8347144689119568
1e-05 3.602378122008038
1e-05 3.3818470338445
1e-05 3.173089624934171
1.0000418120020687e-05 2.975117655972726
5.3092083120299224e-05 2.78527606835118
0.017350999916885112 2.6013629068669064
0.06339789566082582 2.422982626481698
0.12952721386015786 2.251598592140174
0.21141755231522097 2.0895649707110224
0.2944497590471096 1.9381457019476847
0.3717765691257898 1.7975896499836674
0.4424290148051348 1.6678468468891177
0.5065701535655883 1.5488207862641516
0.5644550753367652 1.4404168393974355
0.6163130454657303 1.3425515324491437
0.6623296686102278 1.2551540825567291
0.7026495398011351 1.1781653345755092
0.7373857388505335 1.1115359924206323
0.7666286369117761 1.0552250287403704
0.7904518931060964 1.0091985142869688
0.80891576056824 0.973428908132729
0.8220682946388577 0.9478947207843189
0.8299450752438807 0.9325804667473536
0.8325681694490294 0.9274767636781416
0.829945075243881 0.9325804667473533
0.8220682946388579 0.9478947207843182
0.8089157605682413 0.9734289081327281
0.7904518931060996 1.0091985142869673
0.7666286369117772 1.0552250287403684
0.737385738850535 1.11153599242063
0.7026495398011364 1.1781653345755065
0.6623296686102269 1.255154082556727
0.6163130454657375 1.342551532449142
0.5644550753367725 1.4404168393974328
0.506570153565585 1.5488207862641494
0.44242901480512736 1.6678468468891174
0.3717765691257634 1.7975896499836697
0.29444975904707243 1.938145701947692
0.2114175523151981 2.089564970711032
0.12952721386009047 2.251598592140186
0.06339789566077852 2.422982626481717
0.017350999916873677 2.601362906866924
5.309208312052127e-05 2.7852760683511963
1.0000418120020687e-05 2.9751176559727406
1e-05 3.173089624934184
1e-05 3.381847033844512
1e-05 3.602378122008044
1e-05 3.8347144689119643
1e-05 4.078815503402486
1e-05 4.006677749330701
1e-05 3.7626289101608394
1e-05 3.530449549498681
1e-05 3.3101381809900454
1.0000000004440849e-05 3.1015046954686913
1.0039353495164467e-05 2.90305290960107
0.0008981045689066389 2.7117198209254645
0.03437078496398788 2.5256712897908806
0.09093378423537454 2.345574806368695
0.16788511161332415 2.173513185772709
0.25399374424137705 2.011506750212404
0.3371221735851848 1.8603000947093142
0.4138119030889059 1.7199529075477205
0.48392301509908525 1.5903859470084862
0.5476619085950405 1.4715065450813516
0.6052385646068912 1.36322717753573
0.6568457417434985 1.2654694686659618
0.7026495398011345 1.1781653345755092
0.7427873406699489 1.1012567690303983
0.7773707645075617 1.0346949573654631
0.8064900770034081 0.9784392486642246
0.8302181307214735 0.9324562486170606
0.8486130850994487 0.896719155228554
0.8617199240869537 0.8712073357405588
0.8695709642652503 0.8559061122455054
0.8721857886664002 0.8508066826690902
0.8695709642652508 0.8559061122455052
0.8617199240869543 0.8712073357405581
0.8486130850994493 0.896719155228553
0.8302181307214758 0.9324562486170593
0.8064900770034115 0.9784392486642227
0.7773707645075633 1.0346949573654611
0.7427873406699527 1.1012567690303965
0.7026495398011353 1.178165334575507
0.656845741743497 1.2654694686659602
0.605238564606893 1.3632271775357288
0.5476619085950372 1.4715065450813507
0.4839230150990697 1.5903859470084867
0.41381190308889837 1.7199529075477236
0.3371221735851586 1.8603000947093178
0.2539937442413432 2.0115067502124124
0.16788511161328873 2.1735131857727197
0.09093378423535844 2.34557480636871
0.034370784963986434 2.525671289790892
0.0008981045689039743 2.711719820925478
1.0039353495164467e-05 2.9030529096010835
1.0000000004440849e-05 3.1015046954687033
1e-05 3.3101381809900543
1e-05 3.530449549498689
1e-05 3.762628910160845
1e-05 4.006677749330709
1e-05 3.9444717196265744
1e-05 3.7004753770186034
1e-05 3.4684350413646183
1e-05 3.2482658048272195
1.0000000463402458e-05 3.039468027545483
1.1103808674991383e-05 2.8401147711129364
0.007315473346241537 2.6473167325161198
0.052501431476657215 2.4596406037027454
0.11852921665748142 2.278319436532741
0.20309212151677222 2.1059098261115254
0.2910421539776656 1.9440076209372807
0.3737798607265564 1.7929765003170006
0.4499477884643099 1.6527908442523955
0.5196424155138827 1.5233634265486926
0.5830545798201061 1.4046041433549319
0.6403701582505427 1.2964287905805407
0.6917625948375208 1.1987615631155266
0.7373857388505335 1.1115359924206325
0.7773707645075616 1.0346949573654631
0.811826638645292 0.9681901524238127
0.840842358976862 0.9119813284245507
0.864489584438339 0.8660355426177988
0.8828248586149463 0.8303265252798692
0.8958911762212612 0.8048342160821846
0.90371888591346 0.7895444543159316
0.9063261116913186 0.7844488020120883
0.9037188859134604 0.7895444543159313
0.8958911762212619 0.8048342160821841
0.8828248586149471 0.8303265252798685
0.8644895844383403 0.8660355426177978
0.8408423589768632 0.9119813284245497
0.8118266386452943 0.9681901524238115
0.7773707645075622 1.034694957365462
0.7373857388505347 1.111535992420631
0.6917625948375191 1.1987615631155255
0.6403701582505464 1.2964287905805398
0.5830545798201042 1.40460414335493
0.5196424155138681 1.5233634265486926
0.4499477884642927 1.652790844252398
0.3737798607265452 1.7929765003170048
0.2910421539776435 1.9440076209372872
0.20309212151674147 2.105909826111534
0.11852921665745977 2.278319436532753
0.052501431476655105 2.459640603702757
0.007315473346232655 2.647316732516132
1.1103808674991383e-05 2.8401147711129497
1.0000000463402458e-05 3.0394680275454937
1e-05 3.2482658048272297
1e-05 3.468435041364625
1e-05 3.700475377018609
1e-05 3.94447171962658
1e-05 3.892163027962113
1e-05 3.648232398124811
1e-05 3.416362926247136
1e-05 3.196368627968566
1.0000016102291681e-05 2.987285856366352
2.1230178784938356e-05 2.7867239428785147
0.018839356274571697 2.592320891839237
0.07176948422061342 2.4033931053102604
0.1450761557604575 2.2214114481802976
0.233477118502785 2.0488809762229994
0.3219575704517874 1.887061831406823
0.40437817841383317 1.736144783500481
0.48021530374956406 1.5960688887832117
0.5496329186579035 1.466742447740105
0.6128110700776959 1.3480746219640227
0.6699279122272193 1.2399812215146735
0.7211506872179784 1.1423867371680623
0.7666286369117753 1.0552250287403704
0.8064900770034087 0.9784392486642247
0.840842358976862 0.9119813284245508
0.8697734421454723 0.8558112747687749
0.8933539990966675 0.8098964528252971
0.9116394244788665 0.7742109538327858
0.9246714236819341 0.7487350933717017
0.9324791325864631 0.7334550454784624
0.9350797972929697 0.7283626033897675
0.9324791325864628 0.7334550454784622
0.9246714236819346 0.7487350933717014
0.9116394244788665 0.7742109538327853
0.8933539990966679 0.8098964528252965
0.869773442145473 0.8558112747687737
0.8408423589768623 0.9119813284245497
0.8064900770034101 0.9784392486642233
0.7666286369117757 1.055225028740369
0.7211506872179765 1.142386737168061
0.6699279122272187 1.2399812215146726
0.6128110700776942 1.3480746219640218
0.5496329186578972 1.466742447740106
0.4802153037495512 1.5960688887832135
0.40437817841382384 1.7361447835004853
0.3219575704517761 1.8870618314068273
0.23347711850275524 2.0488809762230065
0.14507615576043906 2.221411448180308
0.0717694842206081 2.4033931053102715
0.0188393562745697 2.5923208918392495
2.1230178784938356e-05 2.7867239428785266
1.0000016102291681e-05 2.9872858563663653
1e-05 3.1963686279685777
1e-05 3.4163629262471416
1e-05 3.6482323981248164
1e-05 3.8921630279621184
1e-05 3.8496785353603795
1e-05 3.6058374341382216
1e-05 3.3742222572276632
1e-05 3.1545781253368474
1.0000344426373702e-05 2.9454134620381516
7.127459031528181e-05 2.743786773352809
0.02792215642581592 2.54776217588075
0.08794459077589024 2.357559727206509
0.1675572785773713 2.175054025579375
0.2580546541166282 2.0024356487538575
0.3466436551419869 1.8406355000595465
0.428962877518502 1.689765362983629
0.5046798128423562 1.549748736332095
0.5739618797754698 1.4204863621055175
0.6370004639430518 1.3018823588987167
0.6939834324275275 1.1938494730183757
0.7450833736838028 1.0963105169412994
0.790451893106096 1.0091985142869693
0.8302181307214733 0.9324562486170608
0.8644895844383387 0.8660355426177989
0.8933539990966671 0.8098964528252973
0.9168815707839741 0.7640064980520765
0.9351270060902671 0.7283399857470876
0.9481312229981228 0.7028774667467259
0.9559226166751867 0.6876053261352493
0.9585179071087176 0.6825155023969524
0.9559226166751871 0.687605326135249
0.9481312229981231 0.7028774667467257
0.9351270060902677 0.7283399857470869
0.9168815707839745 0.7640064980520755
0.8933539990966676 0.8098964528252965
0.864489584438339 0.866035542617798
0.8302181307214734 0.93245624861706
0.7904518931060979 1.0091985142869684
0.7450833736838037 1.096310516941298
0.6939834324275236 1.193849473018375
0.6370004639430477 1.3018823588987167
0.573961879775466 1.4204863621055184
0.5046798128423508 1.5497487363320965
0.42896287751848533 1.689765362983632
0.3466436551419756 1.8406355000595518
0.2580546541166078 2.002435648753864
0.1675572785773401 2.1750540255793847
0.08794459077587415 2.357559727206522
0.027922156425796714 2.5477621758807647
7.127459031528181e-05 2.7437867733528263
1.0000344426373702e-05 2.945413462038166
1e-05 3.1545781253368563
1e-05 3.3742222572276703
1e-05 3.605837434138224
1e-05 3.84967853536038
1e-05 3.8168962788390335
1e-05 3.5731658732177594
1e-05 3.3418848596347845
1.0000000000222044e-05 3.122779674429022
1.0005274100816798e-05 2.91383750537645
0.0002307872713306439 2.7115795258775286
0.032233180991518284 2.5142365124786648
0.09683322002609789 2.3226857067280138
0.1825204487210026 2.139437274809083
0.27581447051321784 1.9665623064418922
0.36509093753026306 1.8046777082001932
0.4476487168260494 1.6537896867130228
0.5234458836081352 1.5137888374609352
0.5927165963927111 1.38455917070291
0.6556975419812554 1.2659950099900632
0.7126040674191113 1.158003496468748
0.7636237098952474 1.0605043380004517
0.8089157605682399 0.9734289081327294
0.8486130850994479 0.8967191552285543
0.882824858614946 0.8303265252798693
0.9116394244788664 0.7742109538327859
0.9351270060902671 0.7283399857470876
0.9533420214176319 0.692688032072226
0.9663249634583355 0.6672357787064842
0.9741037998842584 0.651969737235326
0.9766949426162683 0.6468819359678745
0.9741037998842585 0.6519697372353258
0.9663249634583356 0.6672357787064839
0.9533420214176322 0.6926880320722255
0.9351270060902677 0.728339985747087
0.9116394244788665 0.7742109538327852
0.8828248586149465 0.8303265252798686
0.8486130850994489 0.8967191552285532
0.8089157605682372 0.9734289081327282
0.7636237098952467 1.0605043380004515
0.7126040674191123 1.1580034964687471
0.6556975419812514 1.2659950099900628
0.5927165963926988 1.3845591707029103
0.5234458836081317 1.5137888374609378
0.4476487168260405 1.6537896867130253
0.36509093753024485 1.8046777082001983
0.27581447051319874 1.9665623064418987
0.18252044872096418 2.1394372748090933
0.09683322002607035 2.322685706728028
0.0322331809914993 2.5142365124786807
0.00023078727133086594 2.711579525877547
1.0005274100816798e-05 2.913837505376465
1.0000000000222044e-05 3.122779674429034
1e-05 3.341884859634794
1e-05 3.5731658732177634
1e-05 3.816896278839034
1e-05 3.793655960511907
1e-05 3.5500374906045464
1e-05 3.3191001699269145
1.0000000005773103e-05 3.1005771031025557
1.0043399068441235e-05 2.8919846219821777
0.0005408689483370791 2.6894335288464752
0.033264092882810535 2.4912170602272
0.09945649437661616 2.2985148023081354
0.19012121536966597 2.11442151734914
0.2869313927486066 1.941154714250723
0.3775588577762618 1.7791083880464074
0.46064666383768665 1.6281595705038856
0.5366604086586081 1.488145954579271
0.6060000234697246 1.3589269732670126
0.6689789439937012 1.2403843181367509
0.7258513983858864 1.1324184259835053
0.7768247337937747 1.03494540376012
0.8220682946388567 0.9478947207843199
0.8617199240869522 0.8712073357405593
0.8958911762212612 0.8048342160821849
0.9246714236819343 0.748735093371702
0.9481312229981228 0.7028774667467262
0.9663249634583355 0.6672357787064843
0.9792929499486095 0.6417907840144397
0.9870629269730418 0.6265290630391743
0.9896511374784983 0.6214426962018649
0.9870629269730418 0.6265290630391742
0.9792929499486095 0.6417907840144395
0.9663249634583359 0.6672357787064839
0.9481312229981235 0.7028774667467255
0.9246714236819342 0.7487350933717011
0.8958911762212617 0.8048342160821841
0.861719924086954 0.871207335740558
0.8220682946388552 0.9478947207843185
0.7768247337937749 1.0349454037601191
0.7258513983858844 1.1324184259835037
0.6689789439936964 1.2403843181367509
0.6060000234697193 1.3589269732670126
0.5366604086585945 1.4881459545792723
0.46064666383767844 1.6281595705038892
0.37755885777625103 1.7791083880464116
0.2869313927485807 1.9411547142507295
0.1901212153696319 2.1144215173491503
0.09945649437657697 2.298514802308149
0.033264092882785444 2.4912170602272172
0.0005408689483377453 2.689433528846494
1.0043399068441235e-05 2.891984621982194
1.0000000005773103e-05 3.100577103102566
1e-05 3.319100169926922
1e-05 3.5500374906045504
1e-05 3.793655960511908
1e-05 3.7797937491121942
1e-05 3.5362592002610147
1e-05 3.305578742748399
1.0000000038413333e-05 3.0874924281334613
1.0157741268468078e-05 2.879177696718966
0.0008833398748285894 2.676508459003216
0.0331679416755037 2.4778153324155126
0.09935883637949684 2.2843751986084317
0.19305437654173271 2.099635180018224
0.2927087624139581 1.9260251166806215
0.3846355328215601 1.7638256566323345
0.46825709856332676 1.6128139234561418
0.544493138054243 1.4727799238339025
0.6139161899990191 1.3435609242532438
0.6769142743399594 1.2250277605185542
0.7337766351524372 1.1170753573042767
0.7847276391461198 1.0196169387385958
0.8299450752438788 0.9325804667473547
0.8695709642652485 0.855906112245506
0.9037188859134601 0.7895444543159319
0.9324791325864628 0.7334550454784627
0.9559226166751867 0.6876053261352495
0.9741037998842583 0.6519697372353264
0.9870629269730414 0.6265290630391744
0.9948276439455869 0.6112699162726126
0.9974141111390171 0.6061844047957865
0.994827643945587 0.6112699162726125
0.9870629269730418 0.6265290630391741
0.9741037998842584 0.6519697372353257
0.9559226166751871 0.6876053261352488
0.9324791325864633 0.7334550454784619
0.9037188859134597 0.789544454315931
0.86957096426525 0.855906112245505
0.8299450752438791 0.9325804667473533
0.7847276391461195 1.019616938738595
0.733776635152434 1.1170753573042755
0.6769142743399592 1.2250277605185542
0.6139161899990215 1.3435609242532427
0.5444931380542306 1.4727799238339023
0.4682570985633113 1.612813923456144
0.38463553282154755 1.7638256566323383
0.29270876241391836 1.9260251166806273
0.1930543765416914 2.0996351800182365
0.09935883637946864 2.2843751986084464
0.03316794167548261 2.4778153324155308
0.0008833398748279232 2.6765084590032346
1.0157741268468078e-05 2.8791776967189846
1.0000000038413333e-05 3.087492428133476
1e-05 3.305578742748405
1e-05 3.5362592002610143
1e-05 3.7797937491121925
1e-05 3.775187920536974
1e-05 3.5316845145333176
1e-05 3.3010988478772756
1.0000000073273987e-05 3.083172759545825
1.0242459814996706e-05 2.874959790949936
0.0010348069140859294 2.6722592478109064
0.03304803389203943 2.4734161954628058
0.0990609760557585 2.2797263734010076
0.1937384333268235 2.0947481632848017
0.2944614310909428 1.921004043373688
0.38691352755949554 1.7587427219539757
0.4707565045649147 1.6077047955517532
0.5470855488164332 1.467661507238252
0.6165448556711112 1.3384412642550865
0.6795533183761648 1.2199106200968015
0.7364142979896966 1.111962363403539
0.7873588862840523 1.014508614538791
0.832568169449027 0.9274767636781428
0.8721857886663992 0.850806682669091
0.9063261116913182 0.784448802012089
0.9350797972929692 0.7283626033897679
0.9585179071087175 0.6825155023969528
0.976694942616268 0.6468819359678747
0.9896511374784982 0.6214426962018651
0.9974141111390171 0.6061844047957866
1.0 0.6010991777350745
0.9974141111390172 0.6061844047957864
0.9896511374784984 0.6214426962018647
0.9766949426162683 0.6468819359678742
0.958517907108718 0.682515502396952
0.9350797972929696 0.728362603389767
0.9063261116913186 0.7844488020120879
0.8721857886663998 0.8508066826690898
0.8325681694490277 0.9274767636781415
0.7873588862840541 1.0145086145387894
0.7364142979896928 1.1119623634035372
0.6795533183761628 1.2199106200968008
0.616544855671109 1.3384412642550854
0.5470855488164198 1.4676615072382524
0.4707565045649075 1.6077047955517554
0.38691352755948877 1.7587427219539786
0.2944614310909065 1.921004043373693
0.19373843332678164 2.094748163284812
0.09906097605572986 2.2797263734010214
0.03304803389202045 2.4734161954628227
0.001034806914088372 2.6722592478109233
1.0242459814996706e-05 2.8749597909499505
1.0000000073273987e-05 3.083172759545837
1e-05 3.30109884787728
1e-05 3.531684514533317
1e-05 3.77518792053697
1e-05 3.779793749112196
1e-05 3.536259200261018
1e-05 3.3055787427484002
1.0000000038413333e-05 3.087492428133464
1.0157741268468078e-05 2.8791776967189686
0.0008833398748277012 2.6765084590032178
0.03316794167550226 2.4778153324155143
0.09935883637949051 2.284375198608433
0.19305437654172872 2.099635180018225
0.29270876241395744 1.9260251166806222
0.3846355328215592 1.763825656632335
0.46825709856332887 1.6128139234561425
0.5444931380542413 1.4727799238339034
0.6139161899990168 1.343560924253244
0.676914274339959 1.2250277605185547
0.7337766351524363 1.1170753573042769
0.7847276391461199 1.019616938738596
0.8299450752438787 0.9325804667473548
0.8695709642652485 0.8559061122455061
0.9037188859134597 0.7895444543159319
0.932479132586463 0.7334550454784627
0.9559226166751865 0.6876053261352496
0.9741037998842584 0.6519697372353261
0.9870629269730415 0.6265290630391744
0.9948276439455869 0.6112699162726125
0.9974141111390172 0.6061844047957865
0.9948276439455871 0.6112699162726123
0.9870629269730418 0.626529063039174
0.9741037998842588 0.6519697372353256
0.9559226166751872 0.6876053261352485
0.9324791325864628 0.7334550454784616
0.9037188859134606 0.7895444543159308
0.8695709642652506 0.8559061122455045
0.8299450752438786 0.932580466747353
0.7847276391461209 1.0196169387385945
0.7337766351524356 1.1170753573042747
0.6769142743399601 1.2250277605185533
0.613916189999022 1.3435609242532418
0.5444931380542326 1.4727799238339014
0.46825709856331343 1.6128139234561427
0.38463553282154955 1.763825656632337
0.29270876241392746 1.9260251166806255
0.19305437654168642 2.099635180018234
0.09935883637946376 2.2843751986084455
0.03316794167548538 2.4778153324155294
0.0008833398748279232 2.6765084590032338
1.0157741268468078e-05 2.879177696718983
1.0000000038413333e-05 3.087492428133474
1e-05 3.3055787427484034
1e-05 3.5362592002610134
1e-05 3.779793749112192
1e-05 3.793655960511912
1e-05 3.55003749060455
1e-05 3.3191001699269176
1.0000000005773103e-05 3.100577103102559
1.0043399068441235e-05 2.8919846219821803
0.0005408689483375232 2.689433528846479
0.0332640928828092 2.4912170602272035
0.09945649437660717 2.2985148023081385
0.19012121536965665 2.1144215173491423
0.28693139274860113 1.941154714250725
0.3775588577762567 1.7791083880464087
0.46064666383768643 1.628159570503887
0.5366604086586045 1.4881459545792723
0.6060000234697217 1.3589269732670133
0.6689789439936995 1.240384318136752
0.725851398385884 1.1324184259835053
0.7768247337937748 1.03494540376012
0.8220682946388566 0.94789472078432
0.8617199240869524 0.8712073357405593
0.8958911762212607 0.804834216082185
0.924671423681934 0.7487350933717017
0.948131222998123 0.702877466746726
0.9663249634583354 0.6672357787064842
0.9792929499486096 0.6417907840144396
0.9870629269730417 0.6265290630391742
0.9896511374784985 0.6214426962018648
0.9870629269730419 0.626529063039174
0.9792929499486098 0.641790784014439
0.9663249634583357 0.6672357787064834
0.9481312229981235 0.7028774667467254
0.9246714236819354 0.7487350933717006
0.8958911762212624 0.8048342160821834
0.8617199240869542 0.8712073357405574
0.8220682946388574 0.9478947207843177
0.7768247337937758 1.0349454037601178
0.7258513983858853 1.1324184259835028
0.668978943993702 1.2403843181367493
0.606000023469725 1.3589269732670104
0.5366604086585958 1.4881459545792695
0.46064666383767844 1.6281595705038863
0.37755885777625525 1.7791083880464087
0.2869313927485886 1.9411547142507262
0.190121215369635 2.1144215173491463
0.09945649437657464 2.2985148023081456
0.033264092882787887 2.491217060227214
0.0005408689483381893 2.6894335288464903
1.0043399068441235e-05 2.8919846219821905
1.0000000005773103e-05 3.100577103102562
1e-05 3.3191001699269194
1e-05 3.5500374906045487
1e-05 3.793655960511906
1e-05 3.816896278839038
1e-05 3.5731658732177634
1e-05 3.3418848596347903
1.0000000000222044e-05 3.1227796744290246
1.0005274100816798e-05 2.9138375053764567
0.00023078727132997776 2.7115795258775353
0.03223318099149641 2.514236512478669
0.09683322002610122 2.322685706728017
0.18252044872100315 2.1394372748090875
0.2758144705132082 1.9665623064418956
0.3650909375302596 1.8046777082001964
0.44764871682604496 1.6537896867130257
0.5234458836081287 1.5137888374609376
0.5927165963927064 1.3845591707029112
0.6556975419812527 1.2659950099900643
0.7126040674191115 1.1580034964687484
0.7636237098952456 1.060504338000453
0.8089157605682368 0.9734289081327294
0.8486130850994481 0.8967191552285544
0.8828248586149456 0.8303265252798693
0.9116394244788665 0.7742109538327857
0.9351270060902674 0.7283399857470874
0.9533420214176319 0.6926880320722257
0.9663249634583359 0.6672357787064839
0.9741037998842587 0.6519697372353258
0.9766949426162684 0.6468819359678742
0.974103799884259 0.6519697372353255
0.9663249634583356 0.6672357787064834
0.9533420214176328 0.6926880320722248
0.9351270060902684 0.7283399857470862
0.9116394244788671 0.7742109538327845
0.8828248586149477 0.8303265252798675
0.8486130850994495 0.896719155228552
0.8089157605682403 0.9734289081327273
0.7636237098952499 1.0605043380004495
0.7126040674191139 1.1580034964687453
0.6556975419812574 1.2659950099900603
0.5927165963927049 1.3845591707029072
0.5234458836081315 1.513788837460934
0.4476487168260424 1.653789686713022
0.3650909375302552 1.8046777082001944
0.2758144705132032 1.966562306441894
0.18252044872097017 2.1394372748090884
0.09683322002608079 2.322685706728022
0.03223318099149908 2.514236512478675
0.0002307872713306439 2.711579525877542
1.0005274100816798e-05 2.9138375053764607
1.0000000000222044e-05 3.12277967442903
1e-05 3.3418848596347903
1e-05 3.5731658732177616
1e-05 3.8168962788390317
1e-05 3.8496785353603853
1e-05 3.6058374341382278
1e-05 3.374222257227668
1e-05 3.1545781253368506
1.0000344426373702e-05 2.945413462038157
7.127459031505977e-05 2.743786773352815
0.02792215642580393 2.5477621758807536
0.08794459077589457 2.3575597272065134
0.1675572785773703 2.1750540255793793
0.25805465411662587 2.002435648753862
0.34664365514198325 1.8406355000595507
0.42896287751849466 1.689765362983633
0.5046798128423471 1.5497487363320979
0.5739618797754629 1.4204863621055195
0.6370004639430498 1.3018823588987178
0.6939834324275265 1.193849473018377
0.7450833736838004 1.0963105169413
0.7904518931060955 1.0091985142869695
0.8302181307214732 0.9324562486170612
0.8644895844383375 0.8660355426177989
0.8933539990966669 0.8098964528252969
0.9168815707839748 0.7640064980520761
0.9351270060902674 0.7283399857470871
0.9481312229981229 0.7028774667467256
0.9559226166751872 0.6876053261352487
0.958517907108718 0.6825155023969519
0.955922616675187 0.6876053261352484
0.9481312229981235 0.7028774667467254
0.9351270060902682 0.7283399857470862
0.9168815707839749 0.7640064980520748
0.8933539990966687 0.8098964528252954
0.8644895844383408 0.8660355426177968
0.8302181307214758 0.932456248617058
0.7904518931060994 1.0091985142869662
0.7450833736838043 1.0963105169412959
0.6939834324275305 1.1938494730183726
0.6370004639430533 1.301882358898713
0.57396187977547 1.4204863621055144
0.504679812842353 1.549748736332092
0.428962877518496 1.6897653629836273
0.3466436551419875 1.8406355000595456
0.2580546541166202 2.0024356487538575
0.1675572785773593 2.175054025579377
0.08794459077588947 2.357559727206513
0.027922156425799267 2.547762175880755
7.127459031528181e-05 2.743786773352818
1.0000344426373702e-05 2.945413462038158
1e-05 3.15457812533685
1e-05 3.3742222572276654
1e-05 3.605837434138221
1e-05 3.849678535360378
1e-05 3.8921630279621215
1e-05 3.6482323981248195
1e-05 3.416362926247143
1e-05 3.1963686279685737
1.0000016102291681e-05 2.9872858563663596
2.1230178784938356e-05 2.78672394287852
0.0188393562745687 2.5923208918392433
0.07176948422060377 2.4033931053102666
0.14507615576044516 2.221411448180303
0.233477118502783 2.0488809762230047
0.32195757045178475 1.8870618314068295
0.40437817841382007 1.7361447835004866
0.4802153037495473 1.5960688887832157
0.5496329186578931 1.4667424477401074
0.6128110700776938 1.348074621964024
0.6699279122272185 1.2399812215146746
0.7211506872179763 1.142386737168063
0.7666286369117736 1.055225028740371
0.806490077003408 0.9784392486642246
0.8408423589768613 0.9119813284245505
0.8697734421454718 0.8558112747687746
0.8933539990966669 0.8098964528252967
0.9116394244788666 0.7742109538327853
0.9246714236819346 0.7487350933717012
0.9324791325864631 0.7334550454784619
0.9350797972929702 0.728362603389767
0.932479132586463 0.7334550454784616
0.9246714236819361 0.7487350933717005
0.9116394244788674 0.7742109538327844
0.8933539990966689 0.8098964528252954
0.8697734421454738 0.8558112747687723
0.8408423589768645 0.9119813284245484
0.8064900770034122 0.9784392486642214
0.7666286369117786 1.055225028740367
0.7211506872179836 1.1423867371680585
0.6699279122272226 1.2399812215146686
0.6128110700776993 1.3480746219640185
0.5496329186579113 1.4667424477401005
0.4802153037495635 1.5960688887832075
0.4043781784138336 1.7361447835004777
0.32195757045179435 1.8870618314068202
0.23347711850278144 2.0488809762229967
0.1450761557604485 2.2214114481802967
0.0717694842206132 2.4033931053102604
0.018839356274568477 2.5923208918392384
2.1230178784938356e-05 2.7867239428785173
1.0000016102291681e-05 2.9872858563663582
1e-05 3.196368627968568
1e-05 3.416362926247137
1e-05 3.648232398124811
1e-05 3.892163027962113
1e-05 3.9444717196265855
1e-05 3.700475377018615
1e-05 3.4684350413646277
1e-05 3.2482658048272297
1.0000000463402458e-05 3.0394680275454915
1.1103808674991383e-05 2.840114771112946
0.007315473346234209 2.647316732516128
0.05250143147665855 2.4596406037027556
0.11852921665746544 2.278319436532753
0.20309212151674025 2.105909826111536
0.2910421539776397 1.944007620937289
0.3737798607265486 1.7929765003170077
0.44994778846429034 1.6527908442524013
0.5196424155138617 1.523363426548696
0.5830545798200983 1.404604143354933
0.6403701582505417 1.296428790580542
0.691762594837518 1.1987615631155277
0.7373857388505314 1.1115359924206327
0.777370764507561 1.0346949573654634
0.8118266386452916 0.9681901524238127
0.8408423589768619 0.9119813284245503
0.8644895844383389 0.8660355426177982
0.8828248586149461 0.8303265252798686
0.8958911762212622 0.804834216082184
0.9037188859134606 0.7895444543159308
0.9063261116913194 0.7844488020120876
0.9037188859134611 0.7895444543159306
0.8958911762212625 0.804834216082183
0.8828248586149482 0.8303265252798673
0.8644895844383418 0.8660355426177966
0.840842358976865 0.9119813284245483
0.8118266386452971 0.9681901524238092
0.7773707645075665 1.0346949573654591
0.7373857388505377 1.1115359924206276
0.6917625948375247 1.1987615631155222
0.64037015825055 1.2964287905805354
0.5830545798201194 1.4046041433549252
0.5196424155138877 1.5233634265486855
0.4499477884643082 1.6527908442523889
0.3737798607265664 1.7929765003169953
0.2910421539776665 1.9440076209372747
0.20309212151675113 2.1059098261115214
0.11852921665747876 2.27831943653274
0.0525014314766601 2.4596406037027445
0.007315473346223995 2.64731673251612
1.1103808674991383e-05 2.8401147711129395
1.0000000463402458e-05 3.0394680275454844
1e-05 3.24826580482722
1e-05 3.4684350413646188
1e-05 3.7004753770186043
1e-05 3.9444717196265753
1e-05 4.006677749330713
1e-05 3.76262891016085
1e-05 3.530449549498691
1e-05 3.3101381809900565
1.0000000004440849e-05 3.1015046954687016
1.0039353495164467e-05 2.9030529096010813
0.000898104568907527 2.711719820925479
0.03437078496397089 2.5256712897908966
0.09093378423534068 2.3455748063687123
0.16788511161329595 2.1735131857727237
0.2539937442413303 2.0115067502124173
0.3371221735851496 1.860300094709322
0.4138119030888955 1.7199529075477278
0.4839230150990648 1.5903859470084907
0.5476619085950344 1.471506545081354
0.6052385646068879 1.363227177535732
0.6568457417434929 1.2654694686659627
0.7026495398011326 1.1781653345755094
0.7427873406699493 1.1012567690303983
0.7773707645075615 1.0346949573654627
0.8064900770034094 0.9784392486642238
0.8302181307214745 0.93245624861706
0.8486130850994491 0.8967191552285533
0.8617199240869535 0.8712073357405578
0.8695709642652502 0.8559061122455045
0.8721857886664001 0.8508066826690892
0.8695709642652505 0.8559061122455042
0.8617199240869543 0.8712073357405572
0.8486130850994499 0.8967191552285516
0.8302181307214771 0.9324562486170576
0.806490077003413 0.978439248664221
0.7773707645075671 1.0346949573654591
0.7427873406699558 1.1012567690303934
0.7026495398011383 1.1781653345755037
0.6568457417435026 1.2654694686659562
0.6052385646069052 1.363227177535724
0.5476619085950536 1.471506545081343
0.4839230150990867 1.5903859470084782
0.4138119030889147 1.719952907547712
0.3371221735851868 1.8603000947093058
0.2539937442413696 2.0115067502123973
0.1678851116133428 2.1735131857727032
0.09093378423538032 2.345574806368689
0.03437078496396112 2.525671289790877
0.0008981045689079711 2.7117198209254636
1.0039353495164467e-05 2.903052909601067
1.0000000004440849e-05 3.10150469546869
1e-05 3.3101381809900445
1e-05 3.5304495494986785
1e-05 3.7626289101608403
1e-05 4.006677749330703
1e-05 4.078815503402488
1e-05 3.8347144689119674
1e-05 3.602378122008049
1e-05 3.3818470338445157
1e-05 3.1730896249341853
1.0000418120020687e-05 2.9751176559727455
5.3092083120299224e-05 2.7852760683512012
0.017350999916875453 2.601362906866931
0.06339789566076198 2.422982626481725
0.1295272138600727 2.251598592140194
0.2114175523151769 2.0895649707110393
0.2944497590470497 1.9381457019476984
0.37177656912575163 1.7975896499836745
0.4424290148051185 1.6678468468891219
0.5065701535655777 1.5488207862641536
0.5644550753367699 1.4404168393974364
0.6163130454657318 1.3425515324491453
0.662329668610222 1.2551540825567298
0.7026495398011331 1.1781653345755088
0.7373857388505339 1.1115359924206316
0.7666286369117764 1.0552250287403695
0.7904518931060982 1.009198514286968
0.80891576056824 0.973428908132728
0.8220682946388571 0.9478947207843181
0.8299450752438798 0.932580466747353
0.8325681694490288 0.9274767636781408
0.8299450752438811 0.9325804667473525
0.8220682946388592 0.9478947207843171
0.8089157605682423 0.9734289081327268
0.7904518931060993 1.0091985142869657
0.7666286369117812 1.0552250287403662
0.7373857388505382 1.1115359924206272
0.7026495398011389 1.1781653345755034
0.6623296686102338 1.2551540825567227
0.6163130454657454 1.3425515324491364
0.5644550753367865 1.4404168393974268
0.506570153565601 1.5488207862641419
0.4424290148051468 1.6678468468891077
0.37177656912580603 1.797589649983657
0.29444975904711485 1.9381457019476738
0.2114175523152404 2.0895649707110127
0.12952721386016386 2.2515985921401622
0.06339789566079462 2.4229826264816903
0.017350999916870346 2.601362906866901
5.3092083120299224e-05 2.7852760683511764
1.0000418120020687e-05 2.9751176559727255
1e-05 3.1730896249341685
1e-05 3.381847033844499
1e-05 3.6023781220080346
1e-05 3.834714468911957
1e-05 4.078815503402479
1e-05 4.1609014600354755
1e-05 3.9167412629136997
1e-05 3.6842168106683606
1e-05 3.463383272738576
1e-05 3.254290735957207
1.0000001159061248e-05 3.056472538184072
1.0929690717307003e-05 2.868032964323387
0.0033127357871147 2.6863166041308726
0.03817235865088825 2.509958852306904
0.09185698736861418 2.3398773140387097
0.1649460302944406 2.1781283072257867
0.24604234556659618 2.0265267828731037
0.32388298280838956 1.8857296037722069
0.3951480541652082 1.7557828335894872
0.4597206737333202 1.6365902581384943
0.5179270614977588 1.5280452635140351
0.5700555635845268 1.4300569063446016
0.6163130454657341 1.3425515324491442
0.6568457417434972 1.265469468665961
0.6917625948375222 1.1987615631155255
0.7211506872179791 1.1423867371680607
0.7450833736838037 1.0963105169412977
0.7636237098952479 1.0605043380004506
0.7768247337937763 1.0349454037601182
0.7847276391461215 1.0196169387385938
0.7873588862840554 1.0145086145387883
0.7847276391461224 1.0196169387385932
0.7768247337937779 1.034945403760117
0.763623709895252 1.0605043380004482
0.7450833736838063 1.0963105169412954
0.7211506872179823 1.1423867371680572
0.6917625948375224 1.1987615631155215
0.6568457417435024 1.2654694686659556
0.6163130454657454 1.3425515324491362
0.570055563584546 1.4300569063445914
0.517927061497783 1.5280452635140227
0.4597206737333464 1.6365902581384784
0.3951480541652474 1.7557828335894696
0.32388298280846106 1.8857296037721831
0.24604234556666635 2.026526782873073
0.16494603029452853 2.17812830722575
0.09185698736869556 2.3398773140386666
0.03817235865091789 2.509958852306859
0.0033127357871281333 2.686316604130831
1.0929690717307003e-05 2.8680329643233486
1.0000001159061248e-05 3.0564725381840416
1e-05 3.254290735957183
1e-05 3.4633832727385547
1e-05 3.684216810668342
1e-05 3.916741262913682
1e-05 4.160901460035458
1e-05 4.252953752818783
1e-05 4.008726605554432
1e-05 3.7759930009518508
1e-05 3.5548110496387166
1e-05 3.345272053418331
1.0000000000444085e-05 3.147261194607067
1.000438820521494e-05 2.9596327507212896
0.00011508210712018908 2.7798090492313494
0.01687062896469106 2.6059341280393746
0.058269245169414334 2.4378666478157847
0.11801718931938776 2.276988760656272
0.19324342714094603 2.1254017229651487
0.27045612600745367 1.9843834278413528
0.3421381791471348 1.8542300047632563
0.407045144091277 1.7348658364165792
0.46552643424305556 1.6261702537903933
0.5179270614977664 1.528045263514034
0.5644550753367716 1.4404168393974341
0.6052385646068933 1.3632271775357288
0.6403701582505456 1.296428790580539
0.6699279122272203 1.239981221514672
0.6939834324275316 1.193849473018374
0.7126040674191143 1.1580034964687462
0.7258513983858874 1.1324184259835028
0.7337766351524371 1.1170753573042742
0.7364142979896959 1.1119623634035358
0.7337766351524376 1.1170753573042735
0.7258513983858877 1.1324184259835015
0.712604067419114 1.1580034964687438
0.6939834324275314 1.1938494730183713
0.6699279122272218 1.2399812215146682
0.6403701582505507 1.2964287905805345
0.6052385646069052 1.3632271775357236
0.5644550753367921 1.4404168393974262
0.5179270614977856 1.528045263514022
0.46552643424307355 1.6261702537903795
0.4070451440913049 1.7348658364165621
0.3421381791471833 1.8542300047632356
0.27045612600752594 1.9843834278413257
0.19324342714102263 2.1254017229651123
0.11801718931947536 2.2769887606562302
0.05826924516947762 2.4378666478157345
0.016870628964729805 2.6059341280393222
0.00011508210711974499 2.7798090492312975
1.000438820521494e-05 2.9596327507212483
1.0000000000444085e-05 3.147261194607031
1e-05 3.3452720534183027
1e-05 3.5548110496386927
1e-05 3.775993000951829
1e-05 4.008726605554409
1e-05 4.25295375281876
1e-05 4.355000897404407
1e-05 4.110701733993571
1e-05 3.8777488106380718
1e-05 3.65619551653828
1e-05 3.4461365021205657
1e-05 3.2476080328546706
1.0000002958714775e-05 3.0600990990680588
1.0907574427072066e-05 2.881805876703242
0.0019904242249149727 2.7104240182348835
0.030514514245451412 2.5447805414264764
0.0763937230609777 2.3855786735561177
0.13984214294514702 2.2345416371997504
0.2127436377844744 2.0935126725689353
0.28357961335911586 1.963225438183096
0.3484139305111998 1.8437133470277924
0.4070451440912827 1.7348658364165763
0.459720673733334 1.6365902581384901
0.5065701535655899 1.5488207862641494
0.5476619085950449 1.4715065450813494
0.5830545798201097 1.4046041433549294
0.6128110700776982 1.3480746219640207
0.6370004639430528 1.3018823588987136
0.6556975419812584 1.2659950099900608
0.6689789439937033 1.2403843181367487
0.6769142743399614 1.2250277605185522
0.6795533183761645 1.2199106200967988
0.6769142743399601 1.2250277605185513
0.6689789439937037 1.240384318136747
0.6556975419812581 1.2659950099900588
0.6370004639430566 1.3018823588987116
0.612811070077704 1.348074621964017
0.5830545798201188 1.4046041433549243
0.5476619085950605 1.4715065450813423
0.5065701535656021 1.5488207862641399
0.45972067373334696 1.6365902581384772
0.40704514409130643 1.7348658364165612
0.3484139305112342 1.8437133470277731
0.2835796133591606 1.963225438183072
0.21274363778455066 2.093512672568904
0.1398421429452366 2.2345416371997104
0.07639372306103577 2.38557867355607
0.030514514245500373 2.5447805414264244
0.001990424224920635 2.710424018234827
1.0907574427072066e-05 2.881805876703189
1.0000002958714775e-05 3.0600990990680157
1e-05 3.247608032854633
1e-05 3.4461365021205372
1e-05 3.6561955165382547
1e-05 3.8777488106380487
1e-05 4.110701733993546
1e-05 4.355000897404379
1e-05 4.467079935504125
1e-05 4.222707104041112
1e-05 3.9895329221625233
1e-05 3.7676010216831783
1e-05 3.556988711957449
1e-05 3.3577726936510026
1.0000000000222044e-05 3.1698294114020182
1.0000927583171374e-05 2.9921961791712848
3.382503161596161e-05 2.8227290836301973
0.00861551821225025 2.65975405812176
0.04299652094849568 2.502912096894523
0.09164969426339932 2.3534122552112207
0.15362405188956163 2.2129825346613443
0.21999771339625526 2.082810477737099
0.2835796133591312 1.9632254381830918
0.34213817914715766 1.8542300047632503
0.3951480541652285 1.7557828335894805
0.44242901480513447 1.667846846889115
0.48392301509908814 1.5903859470084838
0.5196424155138843 1.5233634265486895
0.5496329186579071 1.4667424477401025
0.5739618797754688 1.4204863621055153
0.5927165963927091 1.3845591707029075
0.6060000234697268 1.3589269732670095
0.6139161899990223 1.3435609242532407
0.6165448556711138 1.3384412642550834
0.6139161899990208 1.3435609242532403
0.6060000234697286 1.3589269732670082
0.5927165963927141 1.384559170702905
0.5739618797754787 1.4204863621055117
0.549632918657909 1.466742447740098
0.5196424155138946 1.5233634265486842
0.48392301509909336 1.590385947008476
0.4424290148051437 1.6678468468891068
0.39514805416525095 1.755782833589468
0.34213817914718286 1.8542300047632343
0.28357961335915916 1.9632254381830716
0.2199977133963069 2.082810477737074
0.15362405188963524 2.212982534661311
0.09164969426344928 2.3534122552111767
0.04299652094852788 2.502912096894475
0.008615518212272565 2.659754058121705
3.382503161596161e-05 2.822729083630144
1.0000927583171374e-05 2.9921961791712333
1.0000000000222044e-05 3.169829411401973
1e-05 3.3577726936509653
1e-05 3.5569887119574197
1e-05 3.7676010216831517
1e-05 3.9895329221624967
1e-05 4.22270710404108
1e-05 4.4670799355040955
1e-05 4.589231943406714
1e-05 4.344786793741503
1e-05 4.111397258625509
1e-05 3.889095648817738
1e-05 3.677937631917975
1e-05 3.477989524726969
1e-05 3.289255234456485
1.000000004840524e-05 3.1113455034248885
1.0024818467006957e-05 2.942960052826908
0.0001518814903925878 2.7822625518071193
0.015335402828067564 2.6282829306722912
0.0513863973996574 2.4813015645344025
0.0980314260392352 2.342480485776359
0.15362405188957284 2.2129825346613385
0.21274363778450503 2.093512672568924
0.2704561260074983 1.9843834278413408
0.32388298280844463 1.885729603772195
0.37177656912579893 1.7975896499836643
0.4138119030889166 1.7199529075477167
0.44994778846431177 1.6527908442523924
0.48021530374956584 1.596068888783209
0.5046798128423552 1.549748736332092
0.5234458836081362 1.513788837460933
0.5366604086586004 1.4881459545792681
0.5444931380542386 1.4727799238338997
0.5470855488164278 1.4676615072382488
0.5444931380542402 1.4727799238338992
0.536660408658603 1.4881459545792664
0.5234458836081352 1.51378883746093
0.5046798128423523 1.5497487363320883
0.48021530374956817 1.5960688887832053
0.4499477884643242 1.6527908442523862
0.4138119030889168 1.7199529075477091
0.371776569125818 1.7975896499836546
0.3238829828084677 1.8857296037721811
0.27045612600752783 1.9843834278413233
0.21274363778454966 2.0935126725689033
0.15362405188962946 2.2129825346613106
0.09803142603927884 2.342480485776326
0.051386397399686375 2.4813015645343626
0.015335402828085883 2.628282930672245
0.0001518814903921437 2.7822625518070683
1.0024818467006957e-05 2.942960052826858
1.000000004840524e-05 3.1113455034248427
1e-05 3.2892552344564447
1e-05 3.4779895247269357
1e-05 3.6779376319179455
1e-05 3.8890956488177095
1e-05 4.11139725862548
1e-05 4.3447867937414735
1e-05 4.589231943406687
1e-05 4.721498190285173
1e-05 4.476984572401158
1e-05 4.243392317915308
1e-05 4.020743618089958
1e-05 3.8090754693004136
1e-05 3.6084310823564807
1e-05 3.4188319384686636
1e-05 3.2401634391110483
1.0000000980539171e-05 3.071868698014266
1.0106527801106177e-05 2.9127261262903916
0.000297730149273632 2.7614634898525705
0.01784574581047055 2.617538577670277
0.05138639739966017 2.4813015645343968
0.09164969426340587 2.3534122552112073
0.1398421429451801 2.234541637199732
0.19324342714101175 2.1254017229651283
0.24604234556666435 2.026526782873083
0.2944497590471185 1.938145701947679
0.3371221735851945 1.860300094709309
0.3737798607265685 1.792976500316997
0.40437817841384216 1.7361447835004777
0.4289628775184973 1.689765362983627
0.44764871682604773 1.6537896867130204
0.46064666383767966 1.6281595705038843
0.46825709856332054 1.6128139234561398
0.4707565045649109 1.6077047955517512
0.4682570985633241 1.6128139234561392
0.460646663837683 1.6281595705038825
0.4476487168260476 1.6537896867130186
0.42896287751850154 1.689765362983624
0.40437817841385193 1.7361447835004735
0.37377986072656716 1.7929765003169904
0.33712217358519536 1.8603000947093025
0.2944497590471306 1.9381457019476696
0.2460423455666789 2.0265267828730695
0.19324342714102474 2.12540172296511
0.13984214294522795 2.234541637199708
0.09164969426344118 2.353412255211177
0.05138639739968271 2.4813015645343626
0.017845745810478656 2.617538577670239
0.00029773014927296585 2.7614634898525297
1.0106527801106177e-05 2.9127261262903485
1.0000000980539171e-05 3.0718686980142254
1e-05 3.240163439111009
1e-05 3.418831938468632
1e-05 3.60843108235645
1e-05 3.809075469300383
1e-05 4.02074361808993
1e-05 4.24339231791528
1e-05 4.47698457240112
1e-05 4.7214981902851365
1e-05 4.863916664605266
1e-05 4.619340214221087
1e-05 4.3855626955794005
1e-05 4.162598752003702
1e-05 3.950472309737242
1e-05 3.749210141673523
1e-05 3.5588308782714453
1e-05 3.3793125532731123
1e-05 3.2104934560971774
1.0000003235379584e-05 3.051873514546333
1.0154544785380578e-05 2.9025033772078777
0.00029773014927296585 2.7614634898525656
0.015335402828066898 2.6282829306722784
0.04299652094852155 2.502912096894504
0.07639372306101135 2.385578673556092
0.11801718931946137 2.276988760656241
0.16494603029454719 2.1781283072257556
0.21141755231524872 2.0895649707110158
0.25399374424138205 2.0115067502123987
0.29104215397768257 1.9440076209372759
0.32195757045179346 1.8870618314068188
0.34664365514199214 1.8406355000595447
0.36509093753025873 1.804677708200192
0.3775588577762576 1.7791083880464063
0.384635532821554 1.7638256566323331
0.3869135275594911 1.7587427219539737
0.38463553282155755 1.763825656632332
0.3775588577762616 1.7791083880464043
0.3650909375302683 1.8046777082001888
0.3466436551419959 1.8406355000595407
0.3219575704517946 1.8870618314068144
0.29104215397767447 1.94400762093727
0.25399374424138693 2.0115067502123924
0.21141755231525505 2.089564970711007
0.1649460302945474 2.1781283072257436
0.11801718931947636 2.2769887606562262
0.07639372306103877 2.385578673556068
0.04299652094852355 2.502912096894475
0.01533540282808455 2.6282829306722464
0.0002977301492731879 2.7614634898525305
1.0154544785380578e-05 2.902503377207841
1.0000003235379584e-05 3.0518735145462954
1e-05 3.2104934560971405
1e-05 3.3793125532730786
1e-05 3.5588308782714195
1e-05 3.749210141673496
1e-05 3.950472309737215
1e-05 4.1625987520036745
1e-05 4.385562695579369
1e-05 4.619340214221056
1e-05 4.863916664605229
1e-05 5.016519730087006
1e-05 4.771887072198222
1e-05 4.537944449578963
1e-05 4.314701470557374
1e-05 4.102173990807732
1e-05 3.900379848158698
1e-05 3.7093346427640594
1e-05 3.5290448869146243
1e-05 3.359489986173544
1e-05 3.200553423139796
1.0000003235379584e-05 3.051873514546328
1.0106527801106177e-05 2.9127261262903823
0.0001518814903921437 2.7822625518071002
0.00861551821226002 2.65975405812173
0.030514514245504037 2.5447805414264395
0.05826924516947573 2.4378666478157425
0.09185698736870977 2.339877314038668
0.1295272138601945 2.2515985921401627
0.1678851116133569 2.173513185772703
0.20309212151677966 2.105909826111519
0.2334771185027882 2.048880976222996
0.25805465411662076 2.0024356487538557
0.2758144705132093 1.9665623064418913
0.2869313927486 1.9411547142507233
0.29270876241392957 1.9260251166806213
0.29446143109091893 1.921004043373688
0.29270876241393456 1.92602511668062
0.28693139274859525 1.9411547142507208
0.2758144705132026 1.9665623064418878
0.2580546541166264 2.002435648753852
0.23347711850278688 2.048880976222992
0.20309212151678233 2.1059098261115143
0.167885111613361 2.1735131857726966
0.12952721386019705 2.2515985921401547
0.09185698736871999 2.339877314038657
0.058269245169507815 2.437866647815728
0.030514514245509477 2.5447805414264195
0.008615518212272232 2.6597540581217043
0.00015188149039236574 2.7822625518070674
1.0106527801106177e-05 2.9127261262903485
1.0000003235379584e-05 3.0518735145462954
1e-05 3.200553423139764
1e-05 3.3594899861735166
1e-05 3.529044886914597
1e-05 3.709334642764031
1e-05 3.9003798481586722
1e-05 4.102173990807706
1e-05 4.314701470557347
1e-05 4.537944449578934
1e-05 4.771887072198192
1e-05 5.016519730086974
1e-05 5.1793332206319915
1e-05 4.934651329607245
1e-05 4.700564575195402
1e-05 4.477079360607415
1e-05 4.264206646785702
1e-05 4.061959348012619
1e-05 3.8703509587326645
1e-05 3.6893950754556646
1e-05 3.519105956861162
1e-05 3.3594899861735414
1e-05 3.2104934560971685
1.0000000980539171e-05 3.071868698014253
1.0024818467006957e-05 2.9429600528268827
3.382503161596161e-05 2.822729083630163
0.0019904242249136404 2.7104240182348374
0.016870628964734135 2.605934128039325
0.038172358650937654 2.5099588523068572
0.06339789566082638 2.422982626481686
0.09093378423540252 2.3455748063686856
0.11852921665748975 2.278319436532735
0.14507615576046737 2.221411448180294
0.16755727857736008 2.1750540255793753
0.1825204487209724 2.1394372748090844
0.190121215369637 2.114421517349142
0.19305437654170218 2.099635180018229
0.19373843332678287 2.094748163284805
0.19305437654170474 2.099635180018227
0.19012121536964388 2.11442151734914
0.18252044872099005 2.139437274809082
0.1675572785773684 2.17505402557937
0.14507615576046592 2.22141144818029
0.11852921665748686 2.27831943653273
0.09093378423540252 2.34557480636868
0.06339789566081783 2.422982626481679
0.03817235865094687 2.5099588523068466
0.01687062896474235 2.6059341280393093
0.0019904242249140845 2.7104240182348196
3.382503161596161e-05 2.8227290836301404
1.0024818467006957e-05 2.942960052826856
1.0000000980539171e-05 3.0718686980142245
1e-05 3.21049345609714
1e-05 3.359489986173516
1e-05 3.5191059568611376
1e-05 3.6893950754556384
1e-05 3.8703509587326383
1e-05 4.061959348012595
1e-05 4.264206646785676
1e-05 4.477079360607386
1e-05 4.700564575195371
1e-05 4.934651329607213
1e-05 5.179333220631962
1e-05 5.352376561171338
1e-05 5.107652333709368
1e-05 4.8734419732745495
1e-05 4.649749787340275
1e-05 4.436583535826709
1e-05 4.233952788719369
1e-05 4.041868562960825
1e-05 3.8603437271455023
1e-05 3.6893950754556606
1e-05 3.5290448869146185
1e-05 3.3793125532731003
1e-05 3.240163439111031
1.000000004840524e-05 3.111345503424861
1.0000927583171374e-05 2.9921961791712475
1.0907574427072066e-05 2.881805876703196
0.0001150821071193009 2.779809049231298
0.003312735787125691 2.6863166041308246
0.017350999916889997 2.6013629068668944
0.03437078496397611 2.5256712897908713
0.05250143147666354 2.4596406037027387
0.07176948422061853 2.403393105310257
0.0879445907758958 2.3575597272065103
0.09683322002606891 2.322685706728019
0.09945649437656753 2.298514802308142
0.09935883637947053 2.2843751986084384
0.09906097605572531 2.2797263734010156
0.09935883637947808 2.284375198608436
0.09945649437659052 2.298514802308138
0.09683322002609489 2.322685706728013
0.0879445907758979 2.3575597272065054
0.07176948422061942 2.4033931053102533
0.052501431476660546 2.459640603702735
0.034370784963965895 2.5256712897908664
0.01735099991688045 2.6013629068668904
0.003312735787126579 2.6863166041308166
0.0001150821071193009 2.7798090492312855
1.0907574427072066e-05 2.8818058767031802
1.0000927583171374e-05 2.992196179171229
1.000000004840524e-05 3.1113455034248405
1e-05 3.240163439111008
1e-05 3.3793125532730777
1e-05 3.5290448869145967
1e-05 3.689395075455638
1e-05 3.8603437271454792
1e-05 4.0418685629608015
1e-05 4.233952788719343
1e-05 4.436583535826682
1e-05 4.64974978734025
1e-05 4.873441973274523
1e-05 5.107652333709332
1e-05 5.352376561171302
1e-05 5.535663547892785
1e-05 5.290903579562028
1e-05 5.0565890764288195
1e-05 4.832722865655267
1e-05 4.619310347135193
1e-05 4.416358287578346
1e-05 4.223874643892661
1e-05 4.041868562960822
1e-05 3.870350958732659
1e-05 3.7093346427640523
1e-05 3.558830878271437
1e-05 3.4188319384686494
1e-05 3.2892552344564607
1.0000000000222044e-05 3.1698294114019827
1.0000002958714775e-05 3.060099099068018
1.000438820521494e-05 2.9596327507212474
1.0929690717307003e-05 2.8680329643233446
5.3092083120299224e-05 2.7852760683511684
0.0008981045689097474 2.7117198209254574
0.0073154733462259935 2.6473167325161144
0.01883935627457414 2.592320891839235
0.02792215642580371 2.5477621758807523
0.032233180991493304 2.5142365124786727
0.03326409288277868 2.4912170602272106
0.03316794167546207 2.4778153324155237
0.03304803389203821 2.4734161954628155
0.03316794167547672 2.47781533241552
0.033264092882787664 2.4912170602272052
0.03223318099148986 2.5142365124786665
0.027922156425806706 2.547762175880746
0.018839356274572363 2.5923208918392304
0.007315473346237984 2.64731673251611
0.0008981045689086373 2.711719820925454
5.309208312052127e-05 2.785276068351164
1.0929690717307003e-05 2.8680329643233375
1.000438820521494e-05 2.959632750721236
1.0000002958714775e-05 3.0600990990680046
1.0000000000222044e-05 3.169829411401967
1e-05 3.2892552344564407
1e-05 3.4188319384686294
1e-05 3.5588308782714178
1e-05 3.7093346427640297
1e-05 3.870350958732637
1e-05 4.041868562960801
1e-05 4.223874643892638
1e-05 4.41635828757832
1e-05 4.6193103471351655
1e-05 4.8327228656552395
1e-05 5.056589076428789
1e-05 5.290903579561997
1e-05 5.535663547892751
1e-05 5.729203409164843
1e-05 5.484413919398837
1e-05 5.250013513575093
1e-05 5.02600389248598
1e-05 4.812388560247808
1e-05 4.609171779382143
1e-05 4.416358287578342
1e-05 4.233952788719366
1e-05 4.061959348012614
1e-05 3.9003798481586895
1e-05 3.749210141673513
1e-05 3.608431082356466
1e-05 3.4779895247269477
1e-05 3.357772693650974
1e-05 3.2476080328546373
1.0000000000444085e-05 3.147261194607031
1.0000001159061248e-05 3.0564725381840394
1.0000418120020687e-05 2.975117655972719
1.0039353495164467e-05 2.903052909601061
1.1103808674991383e-05 2.840114771112935
2.1230178784938356e-05 2.7867239428785124
7.127459031528181e-05 2.7437867733528143
0.0002307872713306439 2.7115795258775397
0.0005408689483370791 2.689433528846488
0.000883339874826591 2.6765084590032298
0.0010348069140872617 2.6722592478109153
0.0008833398748261469 2.6765084590032258
0.000540868948336191 2.689433528846483
0.00023078727133042185 2.711579525877534
7.127459031528181e-05 2.743786773352808
2.1230178784938356e-05 2.786723942878508
1.1103808674991383e-05 2.8401147711129293
1.0039353495164467e-05 2.903052909601057
1.0000418120020687e-05 2.9751176559727126
1.0000001159061248e-05 3.056472538184031
1.0000000000444085e-05 3.1472611946070224
1e-05 3.2476080328546253
1e-05 3.3577726936509587
1e-05 3.4779895247269317
1e-05 3.6084310823564456
1e-05 3.749210141673495
1e-05 3.9003798481586704
1e-05 4.061959348012595
1e-05 4.233952788719342
1e-05 4.416358287578319
1e-05 4.6091717793821205
1e-05 4.812388560247785
1e-05 5.026003892485953
1e-05 5.250013513575064
1e-05 5.484413919398796
1e-05 5.729203409164806
1e-05 5.933001942693658
1e-05 5.688188787803924
1e-05 5.45371958442418
1e-05 5.229595148423078
1e-05 5.0158174382876135
1e-05 4.812388560247806
1e-05 4.6193103471351895
1e-05 4.436583535826703
1e-05 4.264206646785696
1e-05 4.102173990807721
1e-05 3.9504723097372296
1e-05 3.8090754693003963
1e-05 3.677937631917957
1e-05 3.5569887119574273
1e-05 3.4461365021205417
1e-05 3.3452720534183045
1e-05 3.2542907359571824
1e-05 3.1730896249341645
1.0000000004440849e-05 3.101504695468686
1.0000000463402458e-05 3.0394680275454817
1.0000016102291681e-05 2.9872858563663542
1.0000344426373702e-05 2.9454134620381556
1.0005274100816798e-05 2.9138375053764594
1.0043399068441235e-05 2.8919846219821883
1.0157741268468078e-05 2.879177696718979
1.0242459814996706e-05 2.8749597909499442
1.0157741268468078e-05 2.879177696718976
1.0043399068441235e-05 2.8919846219821843
1.0005274100816798e-05 2.913837505376454
1.0000344426373702e-05 2.9454134620381494
1.0000016102291681e-05 2.9872858563663476
1.0000000463402458e-05 3.0394680275454755
1.0000000004440849e-05 3.1015046954686802
1e-05 3.1730896249341582
1e-05 3.2542907359571744
1e-05 3.345272053418295
1e-05 3.44613650212053
1e-05 3.5569887119574157
1e-05 3.677937631917942
1e-05 3.8090754693003794
1e-05 3.9504723097372123
1e-05 4.102173990807704
1e-05 4.2642066467856745
1e-05 4.436583535826681
1e-05 4.619310347135165
1e-05 4.8123885602477845
1e-05 5.015817438287588
1e-05 5.229595148423049
1e-05 5.453719584424149
1e-05 5.688188787803886
1e-05 5.933001942693622
1e-05 6.147062501783365
1e-05 5.902231228867467
1e-05 5.667709386156835
1e-05 5.443497109500273
1e-05 5.229595148423075
1e-05 5.026003892485976
1e-05 4.8327228656552625
1e-05 4.649749787340267
1e-05 4.477079360607408
1e-05 4.314701470557363
1e-05 4.162598752003689
1e-05 4.020743618089945
1e-05 3.8890956488177215
1e-05 3.7676010216831606
1e-05 3.6561955165382605
1e-05 3.5548110496386953
1e-05 3.463383272738556
1e-05 3.381847033844497
1e-05 3.3101381809900423
1e-05 3.2482658048272173
1e-05 3.196368627968566
1e-05 3.1545781253368483
1.0000000000222044e-05 3.1227796744290273
1.0000000005773103e-05 3.1005771031025606
1.0000000038413333e-05 3.087492428133471
1.0000000073273987e-05 3.0831727595458323
1.0000000038413333e-05 3.0874924281334684
1.0000000005773103e-05 3.100577103102557
1.0000000000222044e-05 3.1227796744290224
1e-05 3.154578125336841
1e-05 3.1963686279685612
1e-05 3.2482658048272124
1e-05 3.3101381809900357
1e-05 3.3818470338444886
1e-05 3.4633832727385463
1e-05 3.5548110496386864
1e-05 3.6561955165382503
1e-05 3.7676010216831477
1e-05 3.889095648817705
1e-05 4.020743618089926
1e-05 4.162598752003672
1e-05 4.314701470557344
1e-05 4.477079360607385
1e-05 4.649749787340247
1e-05 4.832722865655238
1e-05 5.026003892485952
1e-05 5.229595148423048
1e-05 5.443497109500238
1e-05 5.667709386156796
1e-05 5.902231228867424
1e-05 6.147062501783319
1e-05 6.371386894078056
1e-05 6.126542809706055
1e-05 5.89198375624513
1e-05 5.667709386156833
1e-05 5.453719584424177
1e-05 5.250013513575089
1e-05 5.056589076428811
1e-05 4.8734419732745415
1e-05 4.700564575195392
1e-05 4.537944449578952
1e-05 4.385562695579388
1e-05 4.243392317915296
1e-05 4.111397258625496
1e-05 3.9895329221625087
1e-05 3.8777488106380567
1e-05 3.775993000951834
1e-05 3.6842168106683446
1e-05 3.602378122008034
1e-05 3.5304495494986785
1e-05 3.4684350413646174
1e-05 3.416362926247136
1e-05 3.374222257227664
1e-05 3.341884859634789
1e-05 3.3191001699269176
1e-05 3.305578742748402
1e-05 3.3010988478772765
1e-05 3.3055787427484002
1e-05 3.3191001699269145
1e-05 3.3418848596347854
1e-05 3.37422225722766
1e-05 3.416362926247131
1e-05 3.4684350413646103
1e-05 3.530449549498672
1e-05 3.6023781220080267
1e-05 3.6842168106683344
1e-05 3.7759930009518223
1e-05 3.8777488106380433
1e-05 3.9895329221624922
1e-05 4.111397258625477
1e-05 4.2433923179152755
1e-05 4.385562695579366
1e-05 4.53794444957893
1e-05 4.7005645751953695
1e-05 4.87344197327452
1e-05 5.056589076428787
1e-05 5.250013513575062
1e-05 5.453719584424149
1e-05 5.667709386156796
1e-05 5.891983756245092
1e-05 6.126542809706007
1e-05 6.371386894078005
1e-05 6.605975923682571
1e-05 6.36112416245428
1e-05 6.126542809706054
1e-05 5.902231228867463
1e-05 5.688188787803918
1e-05 5.484413919398829
1e-05 5.290903579562017
1e-05 5.107652333709353
1e-05 4.9346513296072345
1e-05 4.771887072198212
1e-05 4.619340214221077
1e-05 4.4769845724011414
1e-05 4.344786793741486
1e-05 4.222707104041093
1e-05 4.110701733993555
1e-05 4.0087266055544175
1e-05 3.916741262913684
1e-05 3.8347144689119577
1e-05 3.762628910160841
1e-05 3.700475377018603
1e-05 3.6482323981248115
1e-05 3.6058374341382207
1e-05 3.5731658732177594
1e-05 3.5500374906045478
1e-05 3.5362592002610156
1e-05 3.531684514533319
1e-05 3.5362592002610156
1e-05 3.550037490604545
1e-05 3.5731658732177562
1e-05 3.6058374341382153
1e-05 3.6482323981248066
1e-05 3.7004753770185963
1e-05 3.7626289101608297
1e-05 3.834714468911944
1e-05 3.916741262913674
1e-05 4.008726605554404
1e-05 4.110701733993541
1e-05 4.222707104041078
1e-05 4.344786793741468
1e-05 4.476984572401116
1e-05 4.6193402142210545
1e-05 4.771887072198188
1e-05 4.934651329607209
1e-05 5.1076523337093285
1e-05 5.290903579561992
1e-05 5.484413919398791
1e-05 5.688188787803885
1e-05 5.902231228867422
1e-05 6.126542809706007
1e-05 6.36112416245423
1e-05 6.605975923682521
1e-05 6.850830330331955
1e-05 6.60597592368257
1e-05 6.3713868940780545
1e-05 6.147062501783361
1e-05 5.933001942693654
1e-05 5.729203409164836
1e-05 5.535663547892773
1e-05 5.3523765611713205
1e-05 5.1793332206319835
1e-05 5.016519730086995
1e-05 4.863916664605251
1e-05 4.721498190285157
1e-05 4.5892319434067
1e-05 4.467079935504108
1e-05 4.3550008974043894
1e-05 4.252953752818767
1e-05 4.160901460035462
1e-05 4.078815503402479
1e-05 4.006677749330702
1e-05 3.944471719626574
1e-05 3.8921630279621136
1e-05 3.8496785353603777
1e-05 3.8168962788390304
1e-05 3.793655960511906
1e-05 3.7797937491121942
1e-05 3.7751879205369727
1e-05 3.779793749112194
1e-05 3.793655960511903
1e-05 3.8168962788390277
1e-05 3.8496785353603724
1e-05 3.8921630279621073
1e-05 3.9444717196265677
1e-05 4.006677749330692
1e-05 4.078815503402464
1e-05 4.1609014600354515
1e-05 4.252953752818755
1e-05 4.355000897404375
1e-05 4.467079935504093
1e-05 4.5892319434066815
1e-05 4.721498190285131
1e-05 4.863916664605227
1e-05 5.016519730086969
1e-05 5.179333220631957
1e-05 5.352376561171299
1e-05 5.535663547892746
1e-05 5.729203409164801
1e-05 5.93300194269362
1e-05 6.147062501783318
1e-05 6.371386894078004
1e-05 6.605975923682521
1e-05 6.8508303303319025
