0.005 9.296998659464926
0.005 9.00200108170908
0.005 8.717007311132443
0.005 8.4420174326796
0.005 8.17703158935189
0.005 7.92204996798083
0.005 7.677072792589893
0.005 7.442100311708783
0.005 7.217132784298501
0.005 7.002170461639377
0.005 6.797213566706124
0.005 6.6022622702833775
0.005 6.417316664987965
0.005 6.242376737552571
0.005 6.077442340941924
0.005 5.9225131676274
0.005 5.777588726190366
0.005 5.642668323289122
0.005 5.517751053444769
0.005 5.402835798711665
0.005 5.297921240162293
0.005 5.203005882245869
0.005 5.118088090295717
0.005 5.043166139892613
0.005 4.978238278512524
0.005 4.9233027898992905
0.005 4.878358066451108
0.005 4.843402680336774
0.005 4.818435445738676
0.005 4.803455473044886
0.005 4.798462211040694
0.005 4.803455473044886
0.005 4.818435445738678
0.005 4.843402680336776
0.005 4.878358066451113
0.005 4.923302789899301
0.005 4.9782382785125305
0.005 5.043166139892623
0.005 5.118088090295725
0.005 5.203005882245872
0.005 5.297921240162292
0.005 5.402835798711666
0.005 5.517751053444771
0.005 5.642668323289124
0.005 5.77758872619037
0.005 5.9225131676273985
0.005 6.077442340941924
0.005 6.242376737552567
0.005 6.417316664987961
0.005 6.602262270283376
0.005 6.797213566706123
0.005 7.002170461639373
0.005 7.217132784298498
0.005 7.442100311708779
0.005 7.6770727925898905
0.005 7.922049967980833
0.005 8.177031589351895
0.005 8.442017432679611
0.005 8.71700731113246
0.005 9.002001081709132
0.005 9.296998659464982
0.005 9.00200108170908
0.005 8.707003576041522
0.005 8.422009995129041
0.005 8.147020429294102
0.005 7.882035030463423
0.005 7.627053997558769
0.005 7.3820775696914485
0.005 7.147106013092403
0.005 6.922139606542314
0.005 6.707178622539454
0.005 6.502223305736137
0.005 6.307273847838432
0.005 6.1223303601417705
0.005 5.947392844053288
0.005 5.782461161227553
0.005 5.62753500471941
0.005 5.482613873464109
0.005 5.347697052293055
0.005 5.222783600159497
0.005 5.107872348867995
0.005 5.002961914444238
0.005 4.908050722420745
0.005 4.823137047592235
0.005 4.748219065961779
0.005 4.6832949212487005
0.005 4.628362792699903
0.005 4.583420973996626
0.005 4.548467948852925
0.005 4.523502457272766
0.005 4.5085235536161985
0.005 4.5035306518819755
0.005 4.5085235536161985
0.005 4.523502457272768
0.005 4.5484679488529265
0.005 4.583420973996629
0.005 4.628362792699911
0.005 4.683294921248709
0.005 4.748219065961789
0.005 4.8231370475922395
0.005 4.908050722420749
0.005 5.002961914444241
0.005 5.107872348867997
0.005 5.222783600159496
0.005 5.347697052293056
0.005 5.482613873464111
0.005 5.627535004719409
0.005 5.782461161227554
0.005 5.947392844053285
0.005 6.122330360141767
0.005 6.307273847838429
0.005 6.502223305736135
0.005 6.707178622539453
0.005 6.922139606542309
0.005 7.147106013092398
0.005 7.382077569691445
0.005 7.627053997558771
0.005 7.8820350304634275
0.005 8.147020429294109
0.005 8.422009995129054
0.005 8.70700357604155
0.005 9.002001081709128
0.005 8.717007311132445
0.005 8.422009995129041
0.005 8.137016911207933
0.005 7.86202816422385
0.005 7.597043930220296
0.005 7.342064440837751
0.005 7.097089976110704
0.005 6.862120850432052
0.005 6.6371573967276145
0.005 6.422199945764915
0.005 6.217248802135235
0.005 6.022304215937166
0.005 5.837366351334109
0.005 5.662435252316112
0.005 5.497510807422422
0.005 5.342592715032011
0.005 5.197680451896105
0.005 5.062773247598906
0.005 4.937870068221878
0.005 4.822969612174449
0.005 4.718070320990011
0.005 4.6231704067854915
0.005 4.538267896845703
0.005 4.463360695912632
0.005 4.398446659698115
0.005 4.343523682815129
0.005 4.298589785937977
0.005 4.263643204657519
0.005 4.238682472160364
0.005 4.223706488096815
0.005 4.218714570435269
0.005 4.223706488096816
0.005 4.238682472160366
0.005 4.26364320465752
0.005 4.29858978593798
0.005 4.343523682815132
0.005 4.39844665969812
0.005 4.463360695912636
0.005 4.538267896845706
0.005 4.623170406785494
0.005 4.718070320990013
0.005 4.82296961217445
0.005 4.937870068221878
0.005 5.062773247598906
0.005 5.197680451896105
0.005 5.342592715032012
0.005 5.497510807422422
0.005 5.662435252316112
0.005 5.837366351334108
0.005 6.022304215937163
0.005 6.217248802135234
0.005 6.4221999457649135
0.005 6.637157396727612
0.005 6.86212085043205
0.005 7.097089976110703
0.005 7.342064440837752
0.005 7.597043930220298
0.005 7.862028164223854
0.005 8.13701691120794
0.005 8.42200999512905
0.005 8.717007311132456
0.005 8.4420174326796
0.005 8.1470204292941
0.005 7.86202816422385
0.005 7.587040767030959
0.005 7.322058454767274
0.005 7.067081514832459
0.005 6.822110297197818
0.005 6.587145198871802
0.005 6.362186646092138
0.005 6.1472350706355465
0.005 5.942290881775367
0.005 5.747354432610536
0.005 5.562425981912519
0.005 5.387505651749291
0.005 5.222593382840372
0.005 5.0676888895644066
0.005 4.922791617915289
0.005 4.78790070990787
0.005 4.6630149787935125
0.005 4.548132899218272
0.005 4.443252616306712
0.005 4.348371976524461
0.005 4.26348858200226
0.005 4.188599865120461
0.005 4.123703186318239
0.005 4.068795937848427
0.005 4.023875663068675
0.005 3.988940169778157
0.005 3.9639876319002827
0.005 3.9490166773178657
0.005 3.944026455197608
0.005 3.9490166773178665
0.005 3.9639876319002836
0.005 3.988940169778158
0.005 4.023875663068677
0.005 4.068795937848429
0.005 4.123703186318242
0.005 4.188599865120465
0.005 4.263488582002262
0.005 4.348371976524462
0.005 4.443252616306713
0.005 4.548132899218273
0.005 4.663014978793514
0.005 4.787900709907872
0.005 4.92279161791529
0.005 5.067688889564405
0.005 5.222593382840371
0.005 5.387505651749288
0.005 5.562425981912518
0.005 5.747354432610535
0.005 5.9422908817753655
0.005 6.147235070635545
0.005 6.362186646092137
0.005 6.5871451988717995
0.005 6.822110297197818
0.005 7.067081514832461
0.005 7.322058454767276
0.005 7.587040767030963
0.005 7.862028164223853
0.005 8.147020429294104
0.005 8.442017432679604
0.005 8.17703158935189
0.005 7.882035030463424
0.005 7.597043930220297
0.005 7.322058454767274
0.005 7.057078881909743
0.005 6.802105581903871
0.005 6.557139009036249
0.005 6.32217968414918
0.005 6.097228174199289
0.005 5.882285064449022
0.005 5.677350924759907
0.005 5.482426268225348
0.005 5.297511503183027
0.005 5.122606878705321
0.005 4.957712425739965
0.005 4.80282789624702
0.005 4.6579527045171
0.005 4.523085875420712
0.005 4.39822600563395
0.005 4.2833712439269105
0.005 4.178519296571503
0.005 4.0836674622831675
0.005 3.9988126987383836
0.005 3.9239517228842886
0.005 3.859081132898793
0.005 3.8041975594767674
0.005 3.7592978145911307
0.005 3.7243790439100914
0.005 3.6994388689448656
0.005 3.6844755035831502
0.005 3.679487840237645
0.005 3.684475503583151
0.005 3.6994388689448656
0.005 3.7243790439100923
0.005 3.759297814591132
0.005 3.804197559476771
0.005 3.8590811328987957
0.005 3.9239517228842913
0.005 3.998812698738384
0.005 4.083667462283169
0.005 4.178519296571506
0.005 4.283371243926911
0.005 4.39822600563395
0.005 4.523085875420713
0.005 4.6579527045171
0.005 4.80282789624702
0.005 4.957712425739965
0.005 5.12260687870532
0.005 5.297511503183025
0.005 5.482426268225346
0.005 5.677350924759904
0.005 5.882285064449021
0.005 6.097228174199288
0.005 6.322179684149179
0.005 6.55713900903625
0.005 6.80210558190387
0.005 7.057078881909742
0.005 7.322058454767273
0.005 7.597043930220296
0.005 7.882035030463423
0.005 8.177031589351888
0.005 7.922049967980831
0.005 7.627053997558769
0.005 7.342064440837751
0.005 7.067081514832458
0.005 6.802105581903871
0.005 6.5471371280565345
0.005 6.302176753977215
0.005 6.067225155344424
0.005 5.842283099256586
0.005 5.627351391266712
0.005 5.422430834335404
0.005 5.227522177190441
0.005 5.042626052878878
0.005 4.867742907264413
0.005 4.7028729198259995
0.005 4.548015919581627
0.005 4.40317130151711
0.005 4.268337950029376
0.005 4.143514177957323
0.005 4.02869769024691
0.005 3.9238855815297473
0.005 3.829074375246573
0.005 3.7442601095406336
0.005 3.66943846594955
0.005 3.6046049454050104
0.005 3.5497550608063797
0.005 3.504884558507152
0.005 3.469989628723791
0.005 3.445067092497688
0.005 3.430114560104019
0.005 3.4251305499075277
0.005 3.430114560104019
0.005 3.4450670924976885
0.005 3.469989628723792
0.005 3.504884558507154
0.005 3.5497550608063806
0.005 3.6046049454050126
0.005 3.6694384659495514
0.005 3.744260109540635
0.005 3.829074375246574
0.005 3.9238855815297486
0.005 4.02869769024691
0.005 4.143514177957325
0.005 4.268337950029377
0.005 4.40317130151711
0.005 4.548015919581627
0.005 4.702872919826
0.005 4.867742907264412
0.005 5.042626052878878
0.005 5.227522177190441
0.005 5.422430834335402
0.005 5.627351391266711
0.005 5.8422830992565835
0.005 6.067225155344423
0.005 6.302176753977213
0.005 6.547137128056534
0.005 6.802105581903869
0.005 7.067081514832459
0.005 7.342064440837748
0.005 7.6270539975587655
0.005 7.922049967980824
0.005 7.677072792589894
0.005 7.38207756969145
0.005 7.097089976110705
0.005 6.822110297197819
0.005 6.557139009036249
0.005 6.302176753977215
0.005 6.057224331512556
0.005 5.822282676377094
0.005 5.597352831627644
0.005 5.382435909688542
0.005 5.17753304234434
0.005 4.98264531605486
0.005 4.79777369284795
0.005 4.62291891588801
0.005 4.458081402082532
0.005 4.303261125009242
0.005 4.158457495000388
0.005 4.023669245303827
0.005 3.89889433649901
0.005 3.7841298927932008
0.005 3.6793721847276855
0.005 3.584616670595773
0.005 3.4998581042656545
0.005 3.4250907152510264
0.005 3.360308441231984
0.005 3.305505220226068
0.005 3.2606752842964655
0.005 3.2258134562957057
0.005 3.2009154203592094
0.005 3.1859779381019053
0.005 3.1809990037312414
0.005 3.1859779381019053
0.005 3.2009154203592094
0.005 3.2258134562957066
0.005 3.260675284296466
0.005 3.305505220226068
0.005 3.3603084412319846
0.005 3.4250907152510273
0.005 3.499858104265656
0.005 3.584616670595774
0.005 3.6793721847276863
0.005 3.784129892793201
0.005 3.8988943364990103
0.005 4.023669245303827
0.005 4.158457495000388
0.005 4.303261125009242
0.005 4.458081402082532
0.005 4.62291891588801
0.005 4.797773692847949
0.005 4.982645316054859
0.005 5.177533042344339
0.005 5.3824359096885415
0.005 5.597352831627643
0.005 5.822282676377093
0.005 6.057224331512554
0.005 6.3021767539772116
0.005 6.557139009036248
0.005 6.822110297197813
0.005 7.0970899761107
0.005 7.382077569691434
0.005 7.67707279258988
0.005 7.442100311708782
0.005 7.147106013092402
0.005 6.862120850432051
0.005 6.587145198871801
0.005 6.322179684149178
0.005 6.067225155344424
0.005 5.822282676377094
0.005 5.587353502361271
0.005 5.362439049599532
0.005 5.147540850221165
0.005 4.942660491855242
0.005 4.7477995370757355
0.005 4.562959421905099
0.005 4.38814133127791
0.005 4.223346053458785
0.005 4.068573816914294
0.005 3.9238241181335662
0.005 3.7890955524059495
0.005 3.6643856648150863
0.005 3.549690841783834
0.005 3.4450062657538068
0.005 3.3503259539229764
0.005 3.26564289728513
0.005 3.190949298851602
0.005 3.1262369163859165
0.005 3.0714974551248972
0.005 3.026723014630562
0.005 2.991906511280818
0.005 2.9670420439431515
0.005 2.952125189383249
0.005 2.947153212768875
0.005 2.9521251893832496
0.005 2.9670420439431515
0.005 2.9919065112808183
0.005 3.0267230146305635
0.005 3.0714974551248972
0.005 3.1262369163859165
0.005 3.1909492988516033
0.005 3.2656428972851304
0.005 3.3503259539229764
0.005 3.4450062657538076
0.005 3.549690841783835
0.005 3.6643856648150868
0.005 3.78909555240595
0.005 3.923824118133566
0.005 4.068573816914294
0.005 4.223346053458785
0.005 4.38814133127791
0.005 4.562959421905098
0.005 4.7477995370757355
0.005 4.942660491855241
0.005 5.147540850221163
0.005 5.36243904959953
0.005 5.58735350236127
0.005 5.822282676377093
0.005 6.067225155344421
0.005 6.322179684149177
0.005 6.587145198871796
0.005 6.862120850432043
0.005 7.147106013092391
0.005 7.442100311708771
0.005 7.2171327842984985
0.005 6.92213960654231
0.005 6.637157396727614
0.005 6.362186646092138
0.005 6.097228174199288
0.005 5.842283099256584
0.005 5.597352831627644
0.005 5.362439049599531
0.005 5.137543667332783
0.005 4.922668783433039
0.005 4.717816609552767
0.005 4.522989371417837
0.005 4.338189179884826
0.005 4.163417867891188
0.005 3.998676794156259
0.005 3.8439666167799285
0.005 3.699287046776614
0.005 3.564636597327936
0.005 3.4400123528382625
0.005 3.325409788056807
0.005 3.2208226725672096
0.005 3.1262430948876894
0.005 3.0416616326715906
0.005 2.9670676874707835
0.005 2.9024499550999314
0.005 2.847797027964198
0.005 2.8030980163154626
0.005 2.7683431592553966
0.005 2.7435243551542707
0.005 2.7286355591433273
0.005 2.723673046280349
0.005 2.7286355591433273
0.005 2.7435243551542707
0.005 2.7683431592553966
0.005 2.8030980163154635
0.005 2.8477970279641984
0.005 2.902449955099932
0.005 2.9670676874707835
0.005 3.0416616326715915
0.005 3.12624309488769
0.005 3.22082267256721
0.005 3.3254097880568074
0.005 3.4400123528382625
0.005 3.5646365973279366
0.005 3.6992870467766146
0.005 3.843966616779928
0.005 3.998676794156259
0.005 4.163417867891187
0.005 4.338189179884825
0.005 4.522989371417838
0.005 4.717816609552767
0.005 4.922668783433037
0.005 5.137543667332781
0.005 5.36243904959953
0.005 5.597352831627642
0.005 5.842283099256582
0.005 6.0972281741992855
0.005 6.362186646092132
0.005 6.637157396727607
0.005 6.922139606542305
0.005 7.217132784298492
0.005 7.002170461639373
0.005 6.707178622539452
0.005 6.4221999457649135
0.005 6.147235070635545
0.005 5.882285064449022
0.005 5.627351391266711
0.005 5.3824359096885415
0.005 5.147540850221165
0.005 4.922668783433038
0.005 4.70782256406203
0.005 4.503005248989214
0.005 4.308219978154712
0.005 4.123469813314579
0.005 3.948757527111145
0.005 3.7840853408685233
0.005 3.629454612645707
0.005 3.484865486484456
0.005 3.3503165226953784
0.005 3.2258043421281646
0.005 3.111323328665815
0.005 3.0068654444434992
0.005 2.9124202150380327
0.005 2.8279749357887725
0.005 2.7535151182878783
0.005 2.689025188346799
0.005 2.634489335820882
0.005 2.5898924755354957
0.005 2.5552211401685017
0.005 2.5304642067639262
0.005 2.51561342216536
0.005 2.5106637279155506
0.005 2.51561342216536
0.005 2.530464206763926
0.005 2.5552211401685017
0.005 2.589892475535496
0.005 2.634489335820882
0.005 2.6890251883467986
0.005 2.7535151182878788
0.005 2.827974935788773
0.005 2.9124202150380327
0.005 3.0068654444434997
0.005 3.111323328665815
0.005 3.2258043421281646
0.005 3.350316522695379
0.005 3.484865486484456
0.005 3.6294546126457066
0.005 3.7840853408685233
0.005 3.9487575271111446
0.005 4.123469813314579
0.005 4.308219978154712
0.005 4.503005248989213
0.005 4.707822564062029
0.005 4.922668783433037
0.005 5.147540850221162
0.005 5.382435909688541
0.005 5.627351391266707
0.005 5.882285064449018
0.005 6.147235070635541
0.005 6.422199945764906
0.005 6.707178622539448
0.005 7.00217046163937
0.005 6.797213566706123
0.005 6.502223305736136
0.005 6.2172488021352335
0.005 5.942290881775366
0.005 5.677350924759906
0.005 5.422430834335402
0.005 5.177533042344339
0.005 4.942660491855241
0.005 4.717816609552767
0.005 4.503005248989214
0.005 4.298230600437203
0.005 4.1034970518627505
0.005 3.9188089917109123
0.005 3.744170540615239
0.005 3.579585205759578
0.005 3.425055455524393
0.005 3.2805822244054963
0.005 3.1461643715459457
0.005 3.021798136361848
0.005 2.9074766548153748
0.005 2.8031896198953246
0.005 2.708923179694153
0.005 2.6246601601504707
0.005 2.5503806809188303
0.005 2.4860631405046227
0.005 2.431685537626115
0.005 2.387226880342457
0.005 2.352668521310458
0.005 2.3279952101199286
0.005 2.3131957567618975
0.005 2.3082633641704953
0.005 2.313195756761897
0.005 2.327995210119928
0.005 2.352668521310458
0.005 2.387226880342457
0.005 2.4316855376261155
0.005 2.4860631405046227
0.005 2.5503806809188307
0.005 2.6246601601504707
0.005 2.7089231796941537
0.005 2.8031896198953246
0.005 2.907476654815374
0.005 3.021798136361848
0.005 3.1461643715459457
0.005 3.2805822244054963
0.005 3.4250554555243924
0.005 3.5795852057595776
0.005 3.7441705406152384
0.005 3.9188089917109123
0.005 4.10349705186275
0.005 4.298230600437202
0.005 4.503005248989213
0.005 4.717816609552767
0.005 4.942660491855242
0.005 5.177533042344337
0.005 5.4224308343354
0.005 5.677350924759902
0.005 5.942290881775361
0.005 6.217248802135228
0.005 6.502223305736125
0.005 6.7972135667061115
0.005 6.602262270283375
0.005 6.307273847838426
0.005 6.0223042159371625
0.005 5.747354432610535
0.005 5.482426268225346
0.005 5.2275221771904405
0.005 4.982645316054859
0.005 4.7477995370757355
0.005 4.522989371417837
0.005 4.308219978154711
0.005 4.10349705186275
0.005 3.908826667204556
0.005 3.724215045003075
0.005 3.549668218676921
0.005 3.3851915866343654
0.005 3.2307893402994723
0.005 3.086463773006238
0.005 2.9522144939109785
0.005 2.828037601397384
0.005 2.71392490424732
0.005 2.60986331592345
0.005 2.5158345740892227
0.005 2.4318154447095206
0.005 2.3577785214878286
0.005 2.2936936871078633
0.005 2.23953007015783
0.005 2.1952583024447647
0.005 2.1608525643146343
0.005 2.1362920464961324
0.005 2.1215617282341293
0.005 2.116652617110109
0.005 2.1215617282341293
0.005 2.1362920464961324
0.005 2.1608525643146343
0.005 2.195258302444764
0.005 2.2395300701578305
0.005 2.293693687107863
0.005 2.3577785214878295
0.005 2.4318154447095215
0.005 2.5158345740892227
0.005 2.60986331592345
0.005 2.7139249042473192
0.005 2.828037601397383
0.005 2.9522144939109793
0.005 3.086463773006237
0.005 3.2307893402994723
0.005 3.385191586634366
0.005 3.549668218676921
0.005 3.7242150450030747
0.005 3.908826667204556
0.005 4.103497051862749
0.005 4.308219978154711
0.005 4.522989371417836
0.005 4.747799537075736
0.005 4.982645316054858
0.005 5.227522177190439
0.005 5.482426268225343
0.005 5.747354432610531
0.005 6.022304215937158
0.005 6.3072738478384185
0.005 6.602262270283365
0.005 6.41731666498796
0.005 6.122330360141767
0.005 5.837366351334106
0.005 5.562425981912516
0.005 5.297511503183025
0.005 5.0426260528788776
0.005 4.797773692847948
0.005 4.562959421905098
0.005 4.338189179884825
0.005 4.123469813314579
0.005 3.9188089917109123
0.005 3.724215045003075
0.005 3.5396966978254403
0.005 3.3652626674540236
0.005 3.200921097643371
0.005 3.0466788035569428
0.005 2.9025403209771983
0.005 2.7685067782308805
0.005 2.644574652998653
0.005 2.5307345312313796
0.005 2.4269700516510033
0.005 2.333257277371684
0.005 2.249564764714596
0.005 2.1758545875732005
0.005 2.1120844131995344
0.005 2.058210604280309
0.005 2.0141917753895724
0.005 1.979992070519696
0.005 1.9555833106353127
0.005 1.9409457359189883
0.005 1.9360678038010872
0.005 1.9409457359189886
0.005 1.9555833106353129
0.005 1.9799920705196956
0.005 2.0141917753895724
0.005 2.058210604280309
0.005 2.1120844131995344
0.005 2.1758545875732
0.005 2.2495647647145955
0.005 2.333257277371685
0.005 2.4269700516510024
0.005 2.530734531231379
0.005 2.6445746529986516
0.005 2.76850677823088
0.005 2.9025403209771974
0.005 3.046678803556942
0.005 3.200921097643371
0.005 3.365262667454024
0.005 3.5396966978254407
0.005 3.724215045003074
0.005 3.9188089917109115
0.005 4.123469813314579
0.005 4.338189179884824
0.005 4.562959421905098
0.005 4.797773692847946
0.005 5.042626052878876
0.005 5.2975115031830216
0.005 5.562425981912513
0.005 5.837366351334102
0.005 6.122330360141759
0.005 6.417316664987954
0.005 6.2423767375525685
0.005 5.947392844053285
0.005 5.66243525231611
0.005 5.387505651749288
0.005 5.122606878705319
0.005 4.867742907264412
0.005 4.62291891588801
0.005 4.38814133127791
0.005 4.163417867891187
0.005 3.9487575271111446
0.005 3.744170540615239
0.005 3.549668218676921
0.005 3.3652626674540236
0.005 3.1909663249683904
0.005 3.0267912675012507
0.005 2.8727482370038504
0.005 2.728845358202186
0.005 2.5950865444200066
0.005 2.4714696510426304
0.005 2.357984520460516
0.005 2.2546111756768537
0.005 2.161318537729242
0.005 2.0780641344715267
0.005 2.0047952505646918
0.005 1.94145190339944
0.005 1.8879715979638856
0.005 1.8442953876768302
0.005 1.810373426607158
0.005 1.7861680893678709
0.005 1.77165422889411
0.005 1.7668177726647614
0.005 1.7716542288941095
0.005 1.7861680893678704
0.005 1.8103734266071578
0.005 1.8442953876768302
0.005 1.887971597963884
0.005 1.9414519033994397
0.005 2.0047952505646895
0.005 2.078064134471526
0.005 2.1613185377292417
0.005 2.254611175676852
0.005 2.3579845204605157
0.005 2.47146965104263
0.005 2.5950865444200066
0.005 2.728845358202185
0.005 2.872748237003851
0.005 3.0267912675012507
0.005 3.190966324968391
0.005 3.3652626674540245
0.005 3.549668218676921
0.005 3.744170540615238
0.005 3.9487575271111446
0.005 4.163417867891186
0.005 4.38814133127791
0.005 4.622918915888008
0.005 4.86774290726441
0.005 5.122606878705317
0.005 5.387505651749285
0.005 5.662435252316107
0.005 5.947392844053278
0.005 6.24237673755256
0.005 6.077442340941921
0.005 5.782461161227552
0.005 5.4975108074224215
0.005 5.222593382840369
0.005 4.957712425739965
0.005 4.702872919825999
0.005 4.458081402082531
0.005 4.223346053458785
0.005 3.998676794156259
0.005 3.7840853408685233
0.005 3.579585205759578
0.005 3.3851915866343654
0.005 3.200921097643371
0.005 3.0267912675012507
0.005 2.8628197270321625
0.005 2.7090229977537366
0.005 2.5654148055528734
0.005 2.4320038740149217
0.005 2.3087912267136153
0.005 2.195767151285397
0.005 2.092908163877288
0.005 2.0001745352986964
0.005 1.9175091407759675
0.005 1.8448385041835673
0.005 1.7820767328784952
0.005 1.7291329638520536
0.005 1.6859217780514235
0.005 1.652373463893273
0.005 1.6284390022096877
0.005 1.6140884897327605
0.005 1.6093065427665973
0.005 1.6140884897327603
0.005 1.6284390022096866
0.005 1.6523734638932732
0.005 1.6859217780514233
0.005 1.7291329638520516
0.005 1.7820767328784946
0.005 1.8448385041835664
0.005 1.9175091407759646
0.005 2.0001745352986955
0.005 2.092908163877287
0.005 2.1957671512853967
0.005 2.3087912267136144
0.005 2.4320038740149204
0.005 2.5654148055528734
0.005 2.7090229977537357
0.005 2.862819727032162
0.005 3.0267912675012507
0.005 3.2009210976433704
0.005 3.385191586634365
0.005 3.579585205759577
0.005 3.784085340868523
0.005 3.998676794156258
0.005 4.223346053458785
0.005 4.458081402082529
0.005 4.702872919825998
0.005 4.957712425739961
0.005 5.222593382840367
0.005 5.49751080742242
0.005 5.782461161227549
0.005 6.07744234094192
0.005 5.922513167627399
0.005 5.62753500471941
0.005 5.34259271503201
0.005 5.067688889564406
0.005 4.802827896247019
0.005 4.548015919581625
0.005 4.303261125009242
0.005 4.068573816914293
0.005 3.8439666167799276
0.005 3.629454612645707
0.005 3.425055455524392
0.005 3.2307893402994723
0.005 3.0466788035569423
0.005 2.8727482370038504
0.005 2.7090229977537366
0.005 2.555527969579879
0.005 2.4122854252381614
0.005 2.2793120576059382
0.005 2.1566151265277678
0.005 2.044187830517894
0.005 1.9420042990661859
0.005 1.8500150045758046
0.005 1.7681438439187318
0.005 1.6962883450665511
0.005 1.6343243688945446
0.005 1.5821167434537455
0.005 1.5395381512145256
0.005 1.5064901909403308
0.005 1.482912076111604
0.005 1.4687734078481012
0.005 1.4640616171131842
0.005 1.4687734078481005
0.005 1.4829120761116024
0.005 1.5064901909403299
0.005 1.539538151214525
0.005 1.5821167434537449
0.005 1.634324368894542
0.005 1.6962883450665505
0.005 1.7681438439187291
0.005 1.8500150045758013
0.005 1.9420042990661837
0.005 2.0441878305178935
0.005 2.1566151265277673
0.005 2.279312057605937
0.005 2.4122854252381614
0.005 2.555527969579878
0.005 2.7090229977537357
0.005 2.8727482370038513
0.005 3.046678803556942
0.005 3.2307893402994723
0.005 3.425055455524392
0.005 3.6294546126457057
0.005 3.8439666167799267
0.005 4.068573816914293
0.005 4.30326112500924
0.005 4.548015919581624
0.005 4.802827896247017
0.005 5.067688889564404
0.005 5.342592715032008
0.005 5.627535004719409
0.005 5.9225131676273985
0.005 5.7775887261903645
0.005 5.482613873464108
0.005 5.197680451896104
0.005 4.922791617915286
0.005 4.657952704517099
0.005 4.40317130151711
0.005 4.158457495000386
0.005 3.9238241181335654
0.005 3.699287046776614
0.005 3.4848654864844555
0.005 3.280582224405496
0.005 3.086463773006238
0.005 2.9025403209771983
0.005 2.7288453582021854
0.005 2.5654148055528734
0.005 2.4122854252381614
0.005 2.2694922491544687
0.005 2.1370647424146365
0.005 2.0150214712638483
0.005 1.9033632214251681
0.005 1.8020649142240714
0.005 1.711067360723802
0.005 1.63027082934096
0.005 1.5595331154748457
0.005 1.4986735292654658
0.005 1.4474849194353274
0.005 1.4057669940490725
0.005 1.373376423085219
0.005 1.3502471630063306
0.005 1.3363660687780765
0.005 1.331737958790503
0.005 1.3363660687780763
0.005 1.3502471630063304
0.005 1.3733764230852177
0.005 1.4057669940490694
0.005 1.447484919435326
0.005 1.4986735292654632
0.005 1.5595331154748424
0.005 1.6302708293409556
0.005 1.7110673607238007
0.005 1.8020649142240697
0.005 1.9033632214251666
0.005 2.0150214712638457
0.005 2.1370647424146334
0.005 2.2694922491544682
0.005 2.412285425238161
0.005 2.565414805552873
0.005 2.728845358202185
0.005 2.902540320977198
0.005 3.0864637730062374
0.005 3.280582224405496
0.005 3.4848654864844555
0.005 3.6992870467766137
0.005 3.923824118133566
0.005 4.158457495000385
0.005 4.4031713015171094
0.005 4.657952704517098
0.005 4.922791617915286
0.005 5.197680451896103
0.005 5.482613873464107
0.005 5.7775887261903645
0.005 5.642668323289119
0.005 5.347697052293052
0.005 5.0627732475989005
0.005 4.787900709907868
0.005 4.523085875420711
0.005 4.268337950029374
0.005 4.023669245303826
0.005 3.7890955524059486
0.005 3.5646365973279357
0.005 3.3503165226953784
0.005 3.1461643715459453
0.005 2.9522144939109785
0.005 2.7685067782308805
0.005 2.595086544420006
0.005 2.4320038740149217
0.005 2.2793120576059382
0.005 2.1370647424146365
0.005 2.0053112631605012
0.005 1.8840895977904693
0.005 1.7734164952385503
0.005 1.6732747681279383
0.005 1.5835987179784945
0.005 1.5042604185483002
0.005 1.4350621863426
0.005 1.375736565539174
0.005 1.3259452883246174
0.005 1.2853348220582068
0.005 1.2536799464233308
0.005000000000013256 1.2309544274739537
0.005000000000103397 1.2172529657168107
0.005000000000198841 1.2126734265243204
0.005000000000103397 1.2172529657168094
0.005000000000013256 1.2309544274739512
0.005 1.2536799464233284
0.005 1.2853348220582028
0.005 1.3259452883246128
0.005 1.3757365655391707
0.005 1.4350621863425959
0.005 1.504260418548298
0.005 1.5835987179784916
0.005 1.6732747681279336
0.005 1.7734164952385474
0.005 1.8840895977904664
0.005 2.0053112631604995
0.005 2.137064742414633
0.005 2.279312057605936
0.005 2.4320038740149204
0.005 2.5950865444200066
0.005 2.76850677823088
0.005 2.9522144939109785
0.005 3.146164371545945
0.005 3.350316522695378
0.005 3.5646365973279353
0.005 3.789095552405949
0.005 4.023669245303825
0.005 4.268337950029375
0.005 4.523085875420711
0.005 4.787900709907867
0.005 5.062773247598902
0.005 5.3476970522930545
0.005 5.6426683232891195
0.005 5.517751053444761
0.005 5.222783600159489
0.005 4.9378700682218755
0.005 4.663014978793511
0.005 4.398226005633949
0.005 4.143514177957323
0.005 3.898894336499009
0.005 3.664385664815085
0.005 3.440012352838262
0.005 3.225804342128164
0.005 3.021798136361848
0.005 2.8280376013973836
0.005 2.644574652998652
0.005 2.47146965104263
0.005 2.3087912267136153
0.005 2.1566151265277678
0.005 2.015021471263848
0.005 1.8840895977904693
0.005 1.7638894017227957
0.005 1.6544679179474513
0.005 1.555829821013029
0.005 1.4679104713177376
0.005 1.3905390750436992
0.005 1.3234004404351336
0.005000000000000884 1.2660292260657007
0.005000000007626655 1.2178043475741365
0.005000004530583833 1.1780738478562849
0.005000194011007489 1.1465484925277123
0.0050013330961591615 1.1234691398213754
0.0050030849234943475 1.1093455727243915
0.005003890074340627 1.1045903143506743
0.0050030849234943475 1.10934557272439
0.0050013330961591615 1.1234691398213736
0.005000194011007489 1.14654849252771
0.005000004530583833 1.1780738478562807
0.005000000007626655 1.2178043475741296
0.005000000000000884 1.266029226065694
0.005 1.32340044043513
0.005 1.390539075043694
0.005 1.467910471317734
0.005 1.5558298210130244
0.005 1.6544679179474455
0.005 1.76388940172279
0.005 1.884089597790466
0.005 2.0150214712638452
0.005 2.156615126527767
0.005 2.308791226713614
0.005 2.471469651042629
0.005 2.6445746529986516
0.005 2.8280376013973827
0.005 3.021798136361848
0.005 3.2258043421281637
0.005 3.440012352838262
0.005 3.6643856648150854
0.005 3.8988943364990085
0.005 4.143514177957323
0.005 4.398226005633948
0.005 4.663014978793512
0.005 4.9378700682218755
0.005 5.222783600159493
0.005 5.517751053444766
0.005 5.4028357987116555
0.005 5.1078723488679865
0.005 4.822969612174447
0.005 4.548132899218269
0.005 4.283371243926906
0.005 4.028697690246908
0.005 3.7841298927931994
0.005 3.5496908417838333
0.005 3.3254097880568065
0.005 3.1113233286658146
0.005 2.9074766548153743
0.005 2.7139249042473197
0.005 2.530734531231379
0.005 2.3579845204605157
0.005 2.195767151285397
0.005 2.0441878305178935
0.005 1.9033632214251675
0.005 1.77341649523855
0.005 1.6544679179474509
0.005 1.5466177895823583
0.005 1.4499144255912364
0.005 1.3642856679069117
0.005 1.2894023192870634
0.00500000001094067 1.2245052591832561
0.005000125979968666 1.168525725766739
0.005028957775500132 1.1205570352586736
0.005575685015140329 1.080099250837228
0.007920369707539976 1.0472349357969835
0.01122964124113563 1.0226532515309619
0.01290005252723914 1.0073633103977109
0.013195381262215155 1.0021749011766656
0.01290005252724179 1.007363310397709
0.011229641241127677 1.0226532515309579
0.007920369707527604 1.0472349357969788
0.005575685015138561 1.080099250837223
0.005028957775500132 1.1205570352586673
0.005000125979968666 1.1685257257667316
0.00500000001094067 1.224505259183248
0.005 1.289402319287054
0.005 1.3642856679069013
0.005 1.4499144255912286
0.005 1.5466177895823523
0.005 1.6544679179474444
0.005 1.7734164952385456
0.005 1.9033632214251652
0.005 2.0441878305178918
0.005 2.195767151285395
0.005 2.357984520460515
0.005 2.5307345312313787
0.005 2.713924904247318
0.005 2.907476654815373
0.005 3.1113233286658133
0.005 3.3254097880568065
0.005 3.5496908417838338
0.005 3.784129892793199
0.005 4.028697690246908
0.005 4.283371243926907
0.005 4.548132899218269
0.005 4.822969612174448
0.005 5.10787234886799
0.005 5.40283579871166
0.005 5.297921240162286
0.005 5.002961914444232
0.005 4.718070320990008
0.005 4.443252616306709
0.005 4.178519296571502
0.005 3.9238855815297464
0.005 3.6793721847276855
0.005 3.4450062657538068
0.005 3.2208226725672096
0.005 3.0068654444434992
0.005 2.8031896198953246
0.005 2.6098633159234494
0.005 2.4269700516510033
0.005 2.2546111756768523
0.005 2.0929081638772886
0.005 1.9420042990661859
0.005 1.802064914224071
0.005 1.6732747681279372
0.005 1.5558298210130284
0.005 1.4499144255912353
0.005 1.355622969929021
0.005000000000000884 1.2727089412625414
0.005000002319916175 1.2001309306203714
0.0050157965915065056 1.1361348608964272
0.006183232560615292 1.079260910278347
0.0141294795146121 1.0292347198628629
0.033256324059788234 0.986495799742931
0.06749635479146064 0.9515291859655676
0.11125463433561104 0.9250925045566621
0.14489832057102545 0.9084156212302745
0.15675224336729215 0.9027013898767082
0.1448983205710184 0.9084156212302729
0.11125463433567291 0.9250925045566585
0.06749635479143191 0.9515291859655611
0.03325632405974228 0.9864957997429242
0.014129479514611215 1.0292347198628553
0.006183232560612642 1.0792609102783366
0.0050157965915065056 1.136134860896419
0.005000002319916175 1.200130930620357
0.005000000000000884 1.2727089412625252
0.005 1.3556229699290117
0.005 1.449914425591226
0.005 1.5558298210130221
0.005 1.6732747681279307
0.005 1.8020649142240681
0.005 1.942004299066182
0.005 2.0929081638772855
0.005 2.2546111756768514
0.005 2.4269700516510015
0.005 2.609863315923449
0.005 2.8031896198953237
0.005 3.0068654444434992
0.005 3.2208226725672096
0.005 3.4450062657538076
0.005 3.6793721847276855
0.005 3.9238855815297464
0.005 4.178519296571502
0.005 4.44325261630671
0.005 4.718070320990008
0.005 5.002961914444231
0.005 5.297921240162286
0.005 5.203005882245866
0.005 4.908050722420742
0.005 4.623170406785491
0.005 4.348371976524459
0.005 4.083667462283167
0.005 3.8290743752465723
0.005 3.584616670595772
0.005 3.3503259539229764
0.005 3.126243094887689
0.005 2.9124202150380327
0.005 2.708923179694153
0.005 2.5158345740892227
0.005 2.333257277371684
0.005 2.1613185377292408
0.005 2.000174535298696
0.005 1.8500150045758028
0.005 1.7110673607238023
0.005 1.583598717978493
0.005 1.4679104713177358
0.005 1.3642856679069109
0.005000000000000884 1.2727089412625405
0.00500001204531864 1.1920918565049732
0.005102539162417403 1.1200192011180747
0.009552912400279438 1.054366070259843
0.02922183903310198 0.9947054253990284
0.06942464729014755 0.9415404515978322
0.12794552002227144 0.8957857783458748
0.20720701039999154 0.8583974285329159
0.3106762449665485 0.8302407562769984
0.40817635761876864 0.8124552285868227
0.4488786894211006 0.806336863135691
0.40817635761883975 0.8124552285868206
0.31067624496657725 0.8302407562769949
0.20720701040009318 0.8583974285329092
0.12794552002224183 0.8957857783458678
0.069424647290167 0.9415404515978241
0.029221839033093142 0.9947054253990181
0.009552912400262648 1.054366070259829
0.005102539162417403 1.1200192011180576
0.00500001204531864 1.1920918565049547
0.005000000000000884 1.2727089412625212
0.005 1.3642856679068958
0.005 1.4679104713177282
0.005 1.5835987179784883
0.005 1.7110673607237978
0.005 1.8500150045757977
0.005 2.000174535298693
0.005 2.161318537729238
0.005 2.3332572773716835
0.005 2.5158345740892205
0.005 2.7089231796941524
0.005 2.912420215038032
0.005 3.1262430948876885
0.005 3.3503259539229764
0.005 3.584616670595772
0.005 3.8290743752465723
0.005 4.083667462283166
0.005 4.348371976524459
0.005 4.623170406785491
0.005 4.9080507224207395
0.005 5.203005882245862
0.005 5.118088090295718
0.005 4.823137047592234
0.005 4.5382678968457
0.005 4.263488582002259
0.005 3.9988126987383823
0.005 3.744260109540633
0.005 3.499858104265654
0.005 3.265642897285129
0.005 3.0416616326715906
0.005 2.8279749357887725
0.005 2.6246601601504707
0.005 2.4318154447095206
0.005 2.249564764714595
0.005 2.078064134471526
0.005 1.9175091407759666
0.005 1.7681438439187307
0.005 1.630270829340958
0.005 1.5042604185482984
0.005 1.3905390750436957
0.005 1.289402319287058
0.005000002319916175 1.2001309306203671
0.005102539162417403 1.1200192011180734
0.011383683094340763 1.046049413713157
0.03790224944581853 0.9772757918920899
0.09084685063648784 0.9140354659555342
0.17951497883073236 0.8573543524993712
0.31397483459452946 0.8084875875440279
0.49518400606479807 0.7687592106012743
0.6969981846899188 0.7393621750497011
0.8644960730549153 0.721190260569811
0.9307795064224644 0.7150195629018193
0.8644960730549126 0.7211902605698102
0.6969981846899842 0.7393621750496973
0.49518400606498586 0.7687592106012694
0.3139748345945586 0.8084875875440197
0.17951497883081236 0.8573543524993624
0.09084685063653158 0.9140354659555199
0.03790224944582118 0.9772757918920719
0.011383683094331042 1.046049413713137
0.00510253916241652 1.120019201118052
0.005000002319916175 1.2001309306203491
0.005 1.2894023192870459
0.005 1.390539075043686
0.005 1.5042604185482915
0.005 1.6302708293409505
0.005 1.7681438439187251
0.005 1.9175091407759621
0.005 2.078064134471524
0.005 2.249564764714595
0.005 2.4318154447095197
0.005 2.6246601601504693
0.005 2.827974935788772
0.005 3.04166163267159
0.005 3.2656428972851295
0.005 3.4998581042656536
0.005 3.7442601095406323
0.005 3.9988126987383823
0.005 4.2634885820022586
0.005 4.5382678968457
0.005 4.823137047592232
0.005 5.118088090295716
0.005 5.043166139892613
0.005 4.748219065961779
0.005 4.46336069591263
0.005 4.18859986512046
0.005 3.9239517228842886
0.005 3.669438465949549
0.005 3.425090715251026
0.005 3.1909492988516015
0.005 2.967067687470783
0.005 2.7535151182878783
0.005 2.5503806809188303
0.005 2.3577785214878286
0.005 2.1758545875732
0.005 2.004795250564691
0.005 1.8448385041835664
0.005 1.6962883450665507
0.005 1.5595331154748433
0.005 1.4350621863425967
0.005 1.3234004404351303
0.00500000001094067 1.2245052591832488
0.0050157965915065056 1.1361348608964235
0.009552912400270602 1.054366070259839
0.03790224944581853 0.9772757918920882
0.09715579821580907 0.9048020760355837
0.20535558012480173 0.837801945515048
0.40037167792283224 0.777698067627974
0.6940060483680431 0.7263894350089566
1.0231614129385633 0.6854966854468241
1.3083000467429085 0.6559136336916199
1.5010057802277776 0.6380200476770512
1.5696808144595265 0.632025255699595
1.5010057802277526 0.6380200476770487
1.3083000467430186 0.6559136336916173
1.023161412938683 0.6854966854468206
0.6940060483681815 0.7263894350089489
0.4003716779229259 0.7776980676279642
0.20535558012509825 0.8378019455150327
0.09715579821595223 0.9048020760355651
0.03790224944583708 0.9772757918920655
0.009552912400259113 1.0543660702598177
0.0050157965915065056 1.1361348608964037
0.00500000001094067 1.2245052591832322
0.005 1.3234004404351172
0.005 1.4350621863425856
0.005 1.559533115474836
0.005 1.6962883450665462
0.005 1.8448385041835613
0.005 2.0047952505646864
0.005 2.1758545875731987
0.005 2.357778521487828
0.005 2.5503806809188294
0.005 2.7535151182878783
0.005 2.967067687470783
0.005 3.1909492988516015
0.005 3.425090715251026
0.005 3.6694384659495496
0.005 3.923951722884288
0.005 4.18859986512046
0.005 4.463360695912631
0.005 4.748219065961782
0.005 5.043166139892617
0.005 4.978238278512524
0.005 4.6832949212487005
0.005 4.398446659698115
0.005 4.123703186318239
0.005 3.8590811328987926
0.005 3.6046049454050104
0.005 3.3603084412319837
0.005 3.126236916385916
0.005 2.902449955099931
0.005 2.689025188346799
0.005 2.4860631405046227
0.005 2.2936936871078633
0.005 2.112084413199535
0.005 1.94145190339944
0.005 1.7820767328784937
0.005 1.6343243688945428
0.005 1.4986735292654638
0.005 1.3757365655391716
0.005000000000000884 1.2660292260656933
0.005000125979968666 1.1685257257667307
0.006183232560611758 1.0792609102783377
0.029221839033108165 0.9947054253990214
0.09084685063650728 0.9140354659555294
0.20535558012482075 0.8378019455150458
0.43320458768602865 0.7673199694764525
0.8179915794447218 0.7049210601493326
1.268640874804156 0.6528430892570807
1.6684337213694547 0.6121183081995814
1.9660502303568548 0.5829872560544894
2.1479852032331457 0.5654915061201561
2.2093368205358166 0.5596551641929053
2.1479852032331914 0.5654915061201546
1.9660502303568552 0.5829872560544883
1.6684337213695275 0.6121183081995774
1.2686408748043247 0.652843089257073
0.8179915794449095 0.7049210601493223
0.4332045876863128 0.7673199694764383
0.20535558012515215 0.8378019455150261
0.09084685063661024 0.9140354659555078
0.02922183903309933 0.9947054253990003
0.00618323256060999 1.079260910278317
0.005000125979968666 1.1685257257667114
0.005000000000000884 1.2660292260656774
0.005 1.37573656553916
0.005 1.498673529265455
0.005 1.634324368894536
0.005 1.7820767328784912
0.005 1.941451903399436
0.005 2.1120844131995327
0.005 2.2936936871078606
0.005 2.48606314050462
0.005 2.689025188346797
0.005 2.90244995509993
0.005 3.126236916385916
0.005 3.3603084412319832
0.005 3.6046049454050104
0.005 3.859081132898793
0.005 4.123703186318238
0.005 4.398446659698117
0.005 4.683294921248705
0.005 4.978238278512527
0.005 4.9233027898992905
0.005 4.628362792699903
0.005 4.343523682815128
0.005 4.068795937848427
0.005 3.804197559476767
0.005 3.5497550608063793
0.005 3.3055052202260677
0.005 3.071497455124897
0.005 2.8477970279641975
0.005 2.634489335820881
0.005 2.4316855376261155
0.005 2.23953007015783
0.005 2.058210604280309
0.005 1.8879715979638856
0.005 1.7291329638520518
0.005 1.5821167434537446
0.005 1.4474849194353254
0.005 1.3259452883246137
0.005000000007626655 1.2178043475741278
0.005028957775500132 1.1205570352586656
0.014129479514600612 1.0292347198628526
0.06942464729025272 0.941540451597823
0.17951497883082118 0.8573543524993646
0.4003716779229436 0.7776980676279696
0.8179915794448159 0.704921060149332
1.3563103820453746 0.6419344548531618
1.85661387695876 0.5902146744216926
2.251754963487468 0.550044444827321
2.5332925379829363 0.5213948202907448
2.702015447770336 0.504219003966532
2.758271585700595 0.49849536270062494
2.702015447770335 0.5042190039665305
2.5332925379829 0.5213948202907417
2.251754963487462 0.5500444448273167
1.8566138769588576 0.5902146744216861
1.356310382045608 0.641934454853154
0.8179915794450633 0.7049210601493172
0.4003716779231274 0.7776980676279523
0.17951497883093076 0.857354352499345
0.06942464729026862 0.9415404515978023
0.014129479514596192 1.029234719862832
0.005028957775500132 1.1205570352586445
0.005000000007626655 1.217804347574109
0.005 1.3259452883246
0.005 1.4474849194353157
0.005 1.5821167434537373
0.005 1.7291329638520474
0.005 1.887971597963881
0.005 2.0582106042803066
0.005 2.2395300701578273
0.005 2.431685537626113
0.005 2.6344893358208803
0.005 2.8477970279641975
0.005 3.071497455124896
0.005 3.3055052202260673
0.005 3.5497550608063784
0.005 3.804197559476768
0.005 4.068795937848427
0.005 4.343523682815129
0.005 4.628362792699908
0.005 4.923302789899297
0.005 4.878358066451109
0.005 4.583420973996626
0.005 4.298589785937977
0.005 4.023875663068675
0.005 3.7592978145911307
0.005 3.504884558507152
0.005 3.260675284296465
0.005 3.026723014630562
0.005 2.8030980163154626
0.005 2.589892475535496
0.005 2.387226880342457
0.005 2.1952583024447643
0.005 2.014191775389572
0.005 1.8442953876768304
0.005 1.6859217780514237
0.005 1.5395381512145254
0.005 1.4057669940490714
0.005 1.285334822058203
0.005000004530583833 1.1780738478562784
0.005575685015140329 1.080099250837221
0.03325632405980546 0.9864957997429229
0.1279455200223673 0.8957857783458674
0.31397483459463993 0.8084875875440203
0.6940060483682875 0.7263894350089515
1.2686408748043059 0.6528430892570791
1.8566138769587799 0.5902146744216924
2.34697839823882 0.5390794805545275
2.7242450308107165 0.4994215997288926
2.9912766606276593 0.47115459671294185
3.1506968387682965 0.4542160981775798
3.203729778230164 0.4485732159656725
3.150696838768321 0.45421609817757785
2.991276660627704 0.47115459671293874
2.724245030810733 0.49942159972888717
2.346978398238844 0.5390794805545216
1.8566138769589264 0.5902146744216824
1.2686408748045712 0.652843089257065
0.6940060483685792 0.7263894350089338
0.3139748345947451 0.8084875875439981
0.12794552002232445 0.8957857783458462
0.03325632405980458 0.9864957997428999
0.005575685015135909 1.0800992508371985
0.005000004530583833 1.178073847856261
0.005 1.2853348220581868
0.005 1.4057669940490594
0.005 1.5395381512145172
0.005 1.6859217780514184
0.005 1.8442953876768253
0.005 2.0141917753895706
0.005 2.1952583024447616
0.005 2.3872268803424554
0.005 2.589892475535495
0.005 2.8030980163154617
0.005 3.026723014630562
0.005 3.2606752842964655
0.005 3.5048845585071513
0.005 3.759297814591129
0.005 4.023875663068674
0.005 4.298589785937976
0.005 4.58342097399663
0.005 4.8783580664511135
0.005 4.843402680336776
0.005 4.548467948852926
0.005 4.263643204657519
0.005 3.988940169778157
0.005 3.7243790439100914
0.005 3.4699896287237912
0.005 3.2258134562957053
0.005 2.991906511280818
0.005 2.7683431592553966
0.005 2.5552211401685017
0.005 2.352668521310458
0.005 2.160852564314635
0.005 1.979992070519696
0.005 1.8103734266071585
0.005 1.6523734638932734
0.005 1.5064901909403305
0.005 1.3733764230852195
0.005 1.2536799464233295
0.005000194011007489 1.1465484925277094
0.00792036970754086 1.0472349357969795
0.06749635479151189 0.9515291859655624
0.20720701040010245 0.858397428532911
0.4951840060649978 0.7687592106012705
1.023161412938779 0.6854966854468219
1.6684337213695493 0.6121183081995809
2.2517549634874903 0.5500444448273208
2.7242450308107387 0.4994215997288929
3.0868168304759704 0.46016297088894964
3.3433600164614616 0.4321807865374454
3.496404444646405 0.41541411073126144
3.547284627479048 0.40982885754266024
3.496404444646427 0.41541411073126044
3.3433600164615 0.43218078653744263
3.0868168304760473 0.4601629708889445
2.7242450308107835 0.49942159972888484
2.2517549634875804 0.5500444448273116
1.6684337213697866 0.6121183081995688
1.0231614129390563 0.6854966854468056
0.4951840060652766 0.7687592106012504
0.20720701040026418 0.8583974285328874
0.06749635479147124 0.9515291859655381
0.007920369707524069 1.0472349357969557
0.005000194011007489 1.1465484925276892
0.005 1.2536799464233135
0.005 1.3733764230852061
0.005 1.5064901909403223
0.005 1.6523734638932674
0.005 1.8103734266071536
0.005 1.9799920705196934
0.005 2.1608525643146317
0.005 2.3526685213104575
0.005 2.5552211401685003
0.005 2.7683431592553953
0.005 2.9919065112808165
0.005 3.2258134562957044
0.005 3.46998962872379
0.005 3.72437904391009
0.005 3.988940169778155
0.005 4.263643204657519
0.005 4.548467948852924
0.005 4.843402680336772
0.005 4.818435445738677
0.005 4.523502457272767
0.005 4.238682472160364
0.005 3.963987631900283
0.005 3.6994388689448656
0.005 3.445067092497688
0.005 3.20091542035921
0.005 2.9670420439431515
0.005 2.7435243551542707
0.005 2.530464206763927
0.005 2.327995210119929
0.005 2.1362920464961332
0.005 1.9555833106353138
0.005 1.7861680893678715
0.005 1.6284390022096895
0.005 1.4829120761116041
0.005 1.3502471630063317
0.005000000000013256 1.2309544274739548
0.0050013330961591615 1.1234691398213765
0.011229641241139166 1.0226532515309616
0.1112546343356159 0.925092504556662
0.3106762449665927 0.8302407562769971
0.6969981846900681 0.7393621750497006
1.308300046743004 0.6559136336916205
1.9660502303569012 0.5829872560544903
2.5332925379829705 0.5213948202907459
2.9912766606276753 0.47115459671294313
3.3433600164614603 0.4321807865374461
3.5927367975773548 0.4043967742162234
3.74155306896394 0.38774771668758284
3.79102796682278 0.3822015677165514
3.7415530689639436 0.38774771668758146
3.592736797577387 0.4043967742162201
3.3433600164615234 0.4321807865374409
2.9912766606277414 0.47115459671293564
2.5332925379830376 0.5213948202907366
1.9660502303570568 0.5829872560544789
1.3083000467432868 0.6559136336916044
0.6969981846902802 0.7393621750496803
0.31067624496680835 0.8302407562769744
0.11125463433572681 0.9250925045566363
0.011229641241115305 1.022653251530937
0.0050013330961591615 1.1234691398213548
0.005000000000013256 1.230954427473937
0.005 1.3502471630063189
0.005 1.482912076111596
0.005 1.62843900220968
0.005 1.7861680893678666
0.005 1.9555833106353115
0.005 2.13629204649613
0.005 2.327995210119926
0.005 2.5304642067639245
0.005 2.743524355154269
0.005 2.9670420439431506
0.005 3.200915420359209
0.005 3.4450670924976863
0.005 3.6994388689448643
0.005 3.9639876319002822
0.005 4.23868247216036
0.005 4.523502457272761
0.005 4.818435445738674
0.005 4.803455473044886
0.005 4.5085235536161985
0.005 4.223706488096815
0.005 3.9490166773178657
0.005 3.6844755035831507
0.005 3.430114560104019
0.005 3.1859779381019053
0.005 2.952125189383249
0.005 2.7286355591433282
0.005 2.5156134221653597
0.005 2.3131957567618975
0.005 2.12156172823413
0.005 1.9409457359189892
0.005 1.7716542288941113
0.005 1.6140884897327623
0.005 1.4687734078481038
0.005 1.3363660687780796
0.005000000000103397 1.2172529657168134
0.0050030849234943475 1.1093455727243953
0.012900052527238255 1.0073633103977144
0.1448983205710069 0.9084156212302775
0.40817635761882476 0.8124552285868253
0.8644960730549975 0.7211902605698142
1.5010057802278145 0.6380200476770549
2.1479852032331324 0.5654915061201596
2.7020154477703384 0.5042190039665346
3.150696838768297 0.4542160981775824
3.496404444646394 0.4154141107312634
3.7415530689639342 0.3877477166875838
3.8879230013336774 0.371167764009911
3.936593152947951 0.36564446384615
3.887923001333688 0.37116776400990914
3.7415530689639542 0.3877477166875805
3.496404444646459 0.4154141107312584
3.1506968387683876 0.45421609817757397
2.7020154477704508 0.5042190039665244
2.1479852032333313 0.5654915061201453
1.5010057802280128 0.638020047677037
0.8644960730551924 0.721190260569793
0.4081763576189069 0.812455228586802
0.1448983205709742 0.9084156212302538
0.012900052527245326 1.0073633103976913
0.0050030849234943475 1.1093455727243713
0.005000000000103397 1.2172529657167936
0.005 1.3363660687780652
0.005 1.468773407848093
0.005 1.614088489732755
0.005 1.771654228894105
0.005 1.940945735918986
0.005 2.121561728234127
0.005 2.3131957567618953
0.005 2.515613422165358
0.005 2.7286355591433265
0.005 2.9521251893832483
0.005 3.185977938101904
0.005 3.4301145601040166
0.005 3.684475503583149
0.005 3.949016677317863
0.005 4.223706488096811
0.005 4.508523553616192
0.005 4.803455473044878
0.005 4.798462211040694
0.005 4.5035306518819755
0.005 4.218714570435269
0.005 3.9440264551976085
0.005 3.679487840237645
0.005 3.4251305499075277
0.005 3.1809990037312423
0.005 2.947153212768875
0.005 2.7236730462803496
0.005 2.5106637279155506
0.005 2.308263364170496
0.005 2.116652617110109
0.005 1.9360678038010897
0.005 1.7668177726647634
0.005 1.609306542766602
0.005 1.4640616171131886
0.005 1.3317379587905067
0.005000000000198841 1.2126734265243275
0.005003890074340627 1.1045903143506817
0.013195381262225758 1.0021749011766743
0.1567522433673045 0.9027013898767169
0.4488786894209871 0.8063368631356992
0.9307795064224093 0.7150195629018256
1.5696808144595662 0.6320252556996013
2.2093368205357953 0.5596551641929117
2.758271585700532 0.4984953627006305
3.203729778230117 0.44857321596567645
3.547284627479031 0.4098288575426633
3.791027966822766 0.38220156771655367
3.9365931529479403 0.36564446384615146
3.985 0.3601286969549347
3.9365931529479585 0.36564446384614924
3.7910279668228006 0.3822015677165497
3.547284627479078 0.4098288575426572
3.203729778230224 0.4485732159656683
2.7582715857006965 0.4984953627006185
2.2093368205359667 0.5596551641928966
1.569680814459689 0.6320252556995829
0.930779506422719 0.7150195629018052
0.4488786894212637 0.8063368631356724
0.15675224336721968 0.9027013898766902
0.013195381262204549 1.0021749011766483
0.005003890074340627 1.104590314350658
0.005000000000198841 1.212673426524307
0.005 1.3317379587904943
0.005 1.4640616171131762
0.005 1.609306542766592
0.005 1.7668177726647578
0.005 1.9360678038010855
0.005 2.1166526171101046
0.005 2.3082633641704926
0.005 2.5106637279155475
0.005 2.723673046280347
0.005 2.9471532127688747
0.005 3.18099900373124
0.005 3.425130549907526
0.005 3.6794878402376425
0.005 3.944026455197604
0.005 4.218714570435265
0.005 4.5035306518819676
0.005 4.798462211040685
0.005 4.803455473044886
0.005 4.5085235536161985
0.005 4.223706488096816
0.005 3.949016677317866
0.005 3.684475503583151
0.005 3.430114560104019
0.005 3.1859779381019053
0.005 2.9521251893832496
0.005 2.7286355591433287
0.005 2.5156134221653597
0.005 2.3131957567618984
0.005 2.121561728234131
0.005 1.9409457359189894
0.005 1.7716542288941117
0.005 1.6140884897327634
0.005 1.4687734078481065
0.005 1.3363660687780823
0.005000000000103397 1.217252965716816
0.0050030849234943475 1.1093455727244
0.012900052527250627 1.0073633103977224
0.14489832057086638 0.9084156212302852
0.40817635761873194 0.8124552285868317
0.864496073054899 0.7211902605698208
1.5010057802276695 0.6380200476770602
2.1479852032330333 0.5654915061201633
2.702015447770292 0.5042190039665377
3.150696838768256 0.4542160981775851
3.4964044446463545 0.41541411073126533
3.7415530689639183 0.387747716687585
3.887923001333669 0.37116776400991197
3.936593152947946 0.36564446384615057
3.887923001333689 0.3711677640099093
3.741553068963951 0.38774771668758057
3.496404444646455 0.4154141107312585
3.1506968387683663 0.45421609817757436
2.7020154477704317 0.5042190039665255
2.1479852032332967 0.5654915061201465
1.5010057802279493 0.6380200476770391
0.8644960730551531 0.7211902605697957
0.40817635761886006 0.8124552285868046
0.14489832057096977 0.9084156212302568
0.012900052527243556 1.0073633103976936
0.0050030849234943475 1.1093455727243737
0.005000000000103397 1.2172529657167954
0.005 1.3363660687780665
0.005 1.4687734078480934
0.005 1.6140884897327559
0.005 1.771654228894106
0.005 1.9409457359189861
0.005 2.121561728234127
0.005 2.3131957567618953
0.005 2.515613422165358
0.005 2.7286355591433265
0.005 2.9521251893832483
0.005 3.1859779381019036
0.005 3.4301145601040166
0.005 3.6844755035831493
0.005 3.9490166773178617
0.005 4.223706488096809
0.005 4.5085235536161905
0.005 4.803455473044875
0.005 4.818435445738679
0.005 4.523502457272769
0.005 4.238682472160365
0.005 3.9639876319002845
0.005 3.6994388689448656
0.005 3.445067092497689
0.005 3.20091542035921
0.005 2.967042043943152
0.005 2.7435243551542716
0.005 2.530464206763928
0.005 2.327995210119931
0.005 2.1362920464961346
0.005 1.9555833106353144
0.005 1.7861680893678726
0.005 1.6284390022096924
0.005 1.4829120761116075
0.005 1.3502471630063373
0.005000000000013256 1.2309544274739606
0.0050013330961591615 1.1234691398213839
0.011229641241153304 1.022653251530974
0.11125463433554962 0.9250925045566742
0.3106762449665419 0.8302407562770107
0.6969981846898264 0.7393621750497145
1.3083000467427197 0.6559136336916317
1.9660502303566945 0.5829872560544999
2.533292537982807 0.5213948202907529
2.9912766606275816 0.47115459671294824
3.343360016461388 0.4321807865374498
3.5927367975773135 0.4043967742162253
3.7415530689639276 0.38774771668758407
3.791027966822782 0.38220156771655234
3.7415530689639493 0.3877477166875817
3.592736797577389 0.40439677421622044
3.3433600164615167 0.43218078653744124
2.9912766606277175 0.4711545967129364
2.533292537983008 0.5213948202907379
1.966050230356976 0.5829872560544811
1.3083000467431534 0.6559136336916083
0.6969981846901768 0.7393621750496853
0.31067624496673013 0.83024075627698
0.11125463433570781 0.9250925045566423
0.011229641241123259 1.0226532515309419
0.0050013330961591615 1.1234691398213583
0.005000000000013256 1.2309544274739406
0.005 1.3502471630063215
0.005 1.4829120761115973
0.005 1.6284390022096817
0.005 1.7861680893678669
0.005 1.9555833106353118
0.005 2.1362920464961306
0.005 2.3279952101199264
0.005 2.5304642067639245
0.005 2.743524355154269
0.005 2.96704204394315
0.005 3.200915420359209
0.005 3.4450670924976854
0.005 3.699438868944863
0.005 3.9639876319002814
0.005 4.238682472160358
0.005 4.523502457272758
0.005 4.81843544573867
0.005 4.8434026803367765
0.005 4.5484679488529265
0.005 4.26364320465752
0.005 3.988940169778158
0.005 3.7243790439100923
0.005 3.469989628723792
0.005 3.225813456295707
0.005 2.9919065112808183
0.005 2.7683431592553966
0.005 2.5552211401685017
0.005 2.3526685213104592
0.005 2.160852564314635
0.005 1.9799920705196976
0.005 1.8103734266071614
0.005 1.6523734638932779
0.005 1.5064901909403359
0.005 1.3733764230852263
0.005 1.2536799464233424
0.005000194011007489 1.1465484925277258
0.007920369707537324 1.0472349357969983
0.06749635479143634 0.9515291859655838
0.20720701039995001 0.8583974285329332
0.49518400606467655 0.7687592106012924
1.0231614129383029 0.685496685446841
1.6684337213691534 0.6121183081995955
2.251754963487235 0.5500444448273314
2.724245030810561 0.4994215997289001
3.086816830475893 0.4601629708889548
3.3433600164614106 0.4321807865374488
3.4964044446463842 0.41541411073126344
3.5472846274790566 0.4098288575426607
3.4964044446464366 0.4154141107312603
3.343360016461504 0.43218078653744235
3.08681683047604 0.46016297088894487
2.7242450308107693 0.49942159972888595
2.251754963487512 0.5500444448273133
1.6684337213696132 0.612118308199572
1.023161412938907 0.6854966854468117
0.4951840060651365 0.7687592106012566
0.20720701040013514 0.8583974285328954
0.06749635479148362 0.9515291859655458
0.007920369707525837 1.0472349357969628
0.005000194011007489 1.1465484925276952
0.005 1.2536799464233177
0.005 1.3733764230852092
0.005 1.5064901909403252
0.005 1.6523734638932686
0.005 1.8103734266071545
0.005 1.9799920705196945
0.005 2.1608525643146326
0.005 2.352668521310458
0.005 2.5552211401685008
0.005 2.7683431592553953
0.005 2.9919065112808165
0.005 3.2258134562957035
0.005 3.4699896287237895
0.005 3.724379043910088
0.005 3.988940169778153
0.005 4.263643204657514
0.005 4.548467948852915
0.005 4.843402680336765
0.005 4.878358066451112
0.005 4.583420973996629
0.005 4.29858978593798
0.005 4.023875663068677
0.005 3.7592978145911324
0.005 3.504884558507154
0.005 3.2606752842964672
0.005 3.0267230146305644
0.005 2.803098016315464
0.005 2.5898924755354966
0.005 2.387226880342459
0.005 2.1952583024447665
0.005 2.0141917753895733
0.005 1.8442953876768338
0.005 1.6859217780514286
0.005 1.5395381512145332
0.005 1.4057669940490805
0.005 1.28533482205822
0.005000004530583833 1.1780738478562989
0.005575685015142979 1.0800992508372487
0.033256324059724604 0.9864957997429531
0.12794552002204962 0.8957857783458973
0.31397483459424713 0.8084875875440496
0.6940060483678037 0.7263894350089778
1.2686408748037843 0.6528430892570999
1.8566138769584533 0.5902146744217059
2.346978398238614 0.5390794805545381
2.72424503081058 0.4994215997288987
2.9912766606276238 0.4711545967129453
3.1506968387683107 0.4542160981775814
3.203729778230179 0.4485732159656729
3.1506968387683325 0.45421609817757747
2.9912766606277192 0.4711545967129384
2.7242450308107644 0.49942159972888667
2.346978398238811 0.5390794805545219
1.856613876958825 0.5902146744216851
1.2686408748043452 0.6528430892570702
0.6940060483683043 0.7263894350089425
0.3139748345946629 0.8084875875440096
0.12794552002230988 0.8957857783458553
0.03325632405976967 0.9864957997429099
0.005575685015135909 1.0800992508372078
0.005000004530583833 1.1780738478562693
0.005 1.2853348220581935
0.005 1.4057669940490634
0.005 1.53953815121452
0.005 1.6859217780514202
0.005 1.844295387676827
0.005 2.0141917753895715
0.005 2.1952583024447625
0.005 2.387226880342456
0.005 2.589892475535495
0.005 2.8030980163154617
0.005 3.0267230146305613
0.005 3.2606752842964655
0.005 3.50488455850715
0.005 3.7592978145911284
0.005 4.023875663068671
0.005 4.298589785937971
0.005 4.583420973996622
0.005 4.878358066451103
0.005 4.923302789899301
0.005 4.62836279269991
0.005 4.343523682815132
0.005 4.06879593784843
0.005 3.80419755947677
0.005 3.549755060806381
0.005 3.305505220226068
0.005 3.071497455124898
0.005 2.8477970279641984
0.005 2.6344893358208825
0.005 2.4316855376261164
0.005 2.2395300701578322
0.005 2.0582106042803106
0.005 1.8879715979638891
0.005 1.7291329638520594
0.005 1.582116743453752
0.005 1.4474849194353359
0.005 1.3259452883246328
0.005000000007626655 1.2178043475741542
0.0050289577755010155 1.1205570352586953
0.014129479514634193 1.0292347198628886
0.06942464729011884 0.9415404515978607
0.17951497883047565 0.8573543524994012
0.400371677922374 0.7776980676280009
0.8179915794442016 0.7049210601493553
1.3563103820449844 0.641934454853178
1.8566138769585563 0.5902146744217037
2.251754963487333 0.550044444827328
2.533292537982891 0.5213948202907484
2.7020154477703606 0.5042190039665325
2.7582715857006312 0.4984953627006244
2.702015447770412 0.5042190039665295
2.5332925379830225 0.5213948202907402
2.2517549634875262 0.5500444448273148
1.8566138769588394 0.5902146744216856
1.3563103820454656 0.6419344548531559
0.8179915794448747 0.7049210601493238
0.4003716779229745 0.7776980676279616
0.1795149788308119 0.8573543524993558
0.06942464729020544 0.9415404515978147
0.014129479514600612 1.0292347198628429
0.005028957775500132 1.1205570352586551
0.005000000007626655 1.2178043475741183
0.005 1.3259452883246055
0.005 1.4474849194353208
0.005 1.58211674345374
0.005 1.7291329638520487
0.005 1.887971597963882
0.005 2.0582106042803066
0.005 2.2395300701578287
0.005 2.4316855376261137
0.005 2.634489335820881
0.005 2.8477970279641975
0.005 3.071497455124896
0.005 3.305505220226067
0.005 3.5497550608063784
0.005 3.804197559476766
0.005 4.068795937848425
0.005 4.3435236828151265
0.005 4.6283627926999005
0.005 4.92330278989929
0.005 4.9782382785125305
0.005 4.68329492124871
0.005 4.398446659698119
0.005 4.1237031863182425
0.005 3.8590811328987957
0.005 3.604604945405013
0.005 3.360308441231985
0.005 3.1262369163859174
0.005 2.9024499550999314
0.005 2.6890251883468004
0.005 2.486063140504624
0.005 2.293693687107865
0.005 2.1120844131995384
0.005 1.9414519033994433
0.005 1.7820767328784992
0.005 1.6343243688945523
0.005 1.4986735292654756
0.005 1.3757365655391884
0.005000000000000884 1.2660292260657189
0.005000125979968666 1.1685257257667625
0.0061832325606197116 1.0792609102783766
0.029221839033056907 0.9947054253990599
0.09084685063639018 0.9140354659555653
0.20535558012466124 0.8378019455150785
0.4332045876855696 0.7673199694764808
0.817991579444271 0.7049210601493512
1.2686408748039903 0.652843089257093
1.6684337213693967 0.6121183081995881
1.9660502303568501 0.5829872560544922
2.1479852032331697 0.565491506120156
2.209336820535911 0.5596551641929038
2.147985203233305 0.5654915061201512
1.966050230357002 0.5829872560544833
1.6684337213695908 0.6121183081995734
1.2686408748043465 0.6528430892570711
0.8179915794448305 0.7049210601493239
0.4332045876861431 0.7673199694764433
0.20535558012497054 0.8378019455150358
0.09084685063649756 0.9140354659555194
0.029221839033075465 0.9947054253990136
0.00618323256060999 1.0792609102783302
0.005000125979968666 1.1685257257667232
0.005000000000000884 1.266029226065686
0.005 1.3757365655391656
0.005 1.4986735292654596
0.005 1.634324368894539
0.005 1.782076732878493
0.005 1.941451903399438
0.005 2.112084413199533
0.005 2.2936936871078615
0.005 2.4860631405046214
0.005 2.6890251883467977
0.005 2.9024499550999296
0.005 3.126236916385915
0.005 3.3603084412319832
0.005 3.604604945405009
0.005 3.8590811328987913
0.005 4.123703186318237
0.005 4.398446659698114
0.005 4.683294921248701
0.005 4.978238278512523
0.005 5.043166139892623
0.005 4.748219065961789
0.005 4.463360695912636
0.005 4.188599865120465
0.005 3.923951722884291
0.005 3.6694384659495514
0.005 3.4250907152510273
0.005 3.1909492988516037
0.005 2.967067687470784
0.005 2.7535151182878788
0.005 2.550380680918833
0.005 2.35777852148783
0.005 2.1758545875732036
0.005 2.004795250564694
0.005 1.844838504183571
0.005 1.6962883450665558
0.005 1.5595331154748542
0.005 1.435062186342612
0.005 1.3234004404351525
0.00500000001094067 1.2245052591832815
0.0050157965915065056 1.1361348608964585
0.009552912400284741 1.0543660702598763
0.037902249445768595 0.9772757918921229
0.09715579821570744 0.9048020760356146
0.20535558012474564 0.8378019455150738
0.4003716779225494 0.7776980676279924
0.6940060483679066 0.7263894350089667
1.0231614129385715 0.6854966854468288
1.3083000467429924 0.6559136336916211
1.5010057802278904 0.6380200476770497
1.56968081445966 0.632025255699591
1.5010057802280017 0.6380200476770436
1.3083000467432333 0.6559136336916103
1.023161412938922 0.6854966854468142
0.6940060483683335 0.7263894350089435
0.4003716779229078 0.7776980676279632
0.20535558012495772 0.8378019455150373
0.09715579821585679 0.9048020760355727
0.0379022494457845 0.9772757918920773
0.00955291240026088 1.0543660702598303
0.0050157965915065056 1.1361348608964164
0.00500000001094067 1.2245052591832435
0.005 1.3234004404351258
0.005 1.4350621863425914
0.005 1.5595331154748395
0.005 1.6962883450665485
0.005 1.844838504183564
0.005 2.004795250564688
0.005 2.1758545875731996
0.005 2.357778521487829
0.005 2.55038068091883
0.005 2.7535151182878783
0.005 2.9670676874707835
0.005 3.190949298851601
0.005 3.4250907152510255
0.005 3.6694384659495487
0.005 3.9239517228842873
0.005 4.188599865120458
0.005 4.46336069591263
0.005 4.748219065961779
0.005 5.043166139892613
0.005 5.118088090295724
0.005 4.8231370475922395
0.005 4.5382678968457055
0.005 4.263488582002262
0.005 3.998812698738384
0.005 3.7442601095406354
0.005 3.499858104265656
0.005 3.2656428972851304
0.005 3.0416616326715915
0.005 2.827974935788774
0.005 2.6246601601504724
0.005 2.431815444709523
0.005 2.2495647647145978
0.005 2.0780641344715294
0.005 1.917509140775972
0.005 1.7681438439187374
0.005 1.6302708293409687
0.005 1.5042604185483117
0.005 1.3905390750437157
0.005 1.2894023192870847
0.005000002319916175 1.2001309306203989
0.005102539162417403 1.1200192011181065
0.011383683094353135 1.0460494137131882
0.037902249445815876 0.9772757918921172
0.09084685063645824 0.9140354659555554
0.17951497883063205 0.8573543524993873
0.313974834594419 0.8084875875440366
0.4951840060647733 0.7687592106012775
0.6969981846900491 0.7393621750496994
0.8644960730551248 0.7211902605698064
0.9307795064226579 0.7150195629018135
0.8644960730552065 0.7211902605697997
0.6969981846903195 0.7393621750496855
0.4951840060652956 0.7687592106012574
0.31397483459467307 0.8084875875440097
0.17951497883082385 0.8573543524993574
0.09084685063646707 0.9140354659555213
0.03790224944578627 0.9772757918920785
0.01138368309432839 1.0460494137131464
0.005102539162417403 1.1200192011180636
0.005000002319916175 1.2001309306203582
0.005 1.2894023192870536
0.005 1.3905390750436912
0.005 1.504260418548296
0.005 1.6302708293409536
0.005 1.7681438439187274
0.005 1.9175091407759641
0.005 2.0780641344715245
0.005 2.2495647647145955
0.005 2.43181544470952
0.005 2.6246601601504698
0.005 2.827974935788772
0.005 3.04166163267159
0.005 3.2656428972851295
0.005 3.4998581042656536
0.005 3.744260109540632
0.005 3.998812698738382
0.005 4.2634885820022586
0.005 4.538267896845699
0.005 4.823137047592233
0.005 5.118088090295716
0.005 5.20300588224587
0.005 4.908050722420747
0.005 4.623170406785494
0.005 4.348371976524462
0.005 4.083667462283169
0.005 3.8290743752465737
0.005 3.5846166705957745
0.005 3.350325953922977
0.005 3.126243094887691
0.005 2.912420215038035
0.005 2.708923179694154
0.005 2.5158345740892245
0.005 2.3332572773716866
0.005 2.1613185377292474
0.005 2.000174535298701
0.005 1.8500150045758097
0.005 1.7110673607238096
0.005 1.5835987179785038
0.005 1.4679104713177498
0.005 1.3642856679069295
0.005000000000000884 1.272708941262563
0.00500001204531864 1.192091856505002
0.005102539162417403 1.1200192011181018
0.009552912400282974 1.0543660702598654
0.029221839033067513 0.9947054253990466
0.0694246472901343 0.9415404515978462
0.1279455200222078 0.8957857783458809
0.20720701040004721 0.8583974285329169
0.3106762449666232 0.8302407562769945
0.4081763576188632 0.8124552285868155
0.4488786894212681 0.8063368631356819
0.4081763576189268 0.8124552285868089
0.3106762449668154 0.8302407562769794
0.20720701040026682 0.8583974285328938
0.12794552002238455 0.8957857783458555
0.06942464729018069 0.9415404515978154
0.02922183903306928 0.9947054253990162
0.009552912400259995 1.0543660702598323
0.005102539162417403 1.120019201118065
0.00500001204531864 1.1920918565049616
0.005000000000000884 1.2727089412625305
0.005 1.364285667906905
0.005 1.4679104713177338
0.005 1.5835987179784914
0.005 1.7110673607238003
0.005 1.8500150045758006
0.005 2.0001745352986946
0.005 2.16131853772924
0.005 2.333257277371685
0.005 2.515834574089221
0.005 2.7089231796941524
0.005 2.9124202150380314
0.005 3.126243094887689
0.005 3.350325953922977
0.005 3.584616670595772
0.005 3.829074375246573
0.005 4.083667462283166
0.005 4.348371976524458
0.005 4.623170406785491
0.005 4.90805072242074
0.005 5.203005882245864
0.005 5.2979212401622915
0.005 5.002961914444239
0.005 4.718070320990012
0.005 4.4432526163067125
0.005 4.178519296571505
0.005 3.9238855815297478
0.005 3.679372184727686
0.005 3.445006265753807
0.005 3.2208226725672104
0.005 3.0068654444435006
0.005 2.8031896198953263
0.005 2.6098633159234517
0.005 2.4269700516510047
0.005 2.2546111756768563
0.005 2.092908163877292
0.005 1.9420042990661892
0.005 1.802064914224076
0.005 1.6732747681279465
0.005 1.5558298210130401
0.005 1.449914425591249
0.005 1.3556229699290383
0.005000000000000884 1.2727089412625607
0.005000002319916175 1.2001309306203907
0.0050157965915065056 1.1361348608964463
0.0061832325606197116 1.0792609102783632
0.014129479514638613 1.029234719862872
0.03325632405974316 0.9864957997429353
0.06749635479147478 0.9515291859655662
0.11125463433564552 0.9250925045566567
0.14489832057097862 0.9084156212302671
0.1567522433672705 0.9027013898766985
0.14489832057108068 0.9084156212302603
0.11125463433575641 0.9250925045566413
0.06749635479149953 0.9515291859655431
0.03325632405979397 0.9864957997429071
0.014129479514605029 1.0292347198628433
0.006183232560610874 1.0792609102783315
0.0050157965915065056 1.136134860896419
0.005000002319916175 1.2001309306203605
0.005000000000000884 1.2727089412625316
0.005 1.355622969929016
0.005 1.4499144255912317
0.005 1.5558298210130252
0.005 1.6732747681279345
0.005 1.8020649142240706
0.005 1.9420042990661843
0.005 2.092908163877287
0.005 2.254611175676852
0.005 2.426970051651003
0.005 2.609863315923449
0.005 2.803189619895324
0.005 3.0068654444434992
0.005 3.2208226725672096
0.005 3.4450062657538076
0.005 3.6793721847276855
0.005 3.923885581529746
0.005 4.178519296571501
0.005 4.44325261630671
0.005 4.718070320990009
0.005 5.002961914444233
0.005 5.297921240162289
0.005 5.4028357987116635
0.005 5.107872348867995
0.005 4.822969612174449
0.005 4.548132899218272
0.005 4.2833712439269105
0.005 4.02869769024691
0.005 3.784129892793201
0.005 3.5496908417838346
0.005 3.3254097880568074
0.005 3.111323328665816
0.005 2.9074766548153748
0.005 2.713924904247322
0.005 2.5307345312313805
0.005 2.3579845204605188
0.005 2.1957671512854002
0.005 2.044187830517897
0.005 1.9033632214251732
0.005 1.7734164952385558
0.005 1.6544679179474606
0.005 1.5466177895823696
0.005 1.4499144255912477
0.005 1.364285667906924
0.005 1.2894023192870774
0.00500000001094067 1.2245052591832701
0.005000125979968666 1.168525725766747
0.005028957775500132 1.1205570352586787
0.005575685015140329 1.0800992508372314
0.007920369707537324 1.0472349357969806
0.011229641241133863 1.022653251530956
0.01290005252723207 1.007363310397704
0.013195381262210735 1.0021749011766565
0.012900052527247977 1.0073633103976964
0.011229641241122374 1.0226532515309414
0.007920369707523186 1.0472349357969606
0.005575685015136793 1.0800992508372051
0.005028957775500132 1.1205570352586527
0.005000125979968666 1.168525725766724
0.00500000001094067 1.224505259183245
0.005 1.2894023192870552
0.005 1.3642856679069058
0.005 1.4499144255912322
0.005 1.5466177895823554
0.005 1.654467917947447
0.005 1.7734164952385478
0.005 1.9033632214251672
0.005 2.0441878305178927
0.005 2.1957671512853967
0.005 2.357984520460516
0.005 2.53073453123138
0.005 2.713924904247319
0.005 2.9074766548153734
0.005 3.1113233286658137
0.005 3.325409788056807
0.005 3.5496908417838338
0.005 3.7841298927931994
0.005 4.028697690246908
0.005 4.283371243926908
0.005 4.5481328992182695
0.005 4.8229696121744485
0.005 5.107872348867992
0.005 5.40283579871166
0.005 5.517751053444771
0.005 5.222783600159496
0.005 4.937870068221879
0.005 4.663014978793513
0.005 4.39822600563395
0.005 4.143514177957324
0.005 3.89889433649901
0.005 3.6643856648150863
0.005 3.4400123528382625
0.005 3.2258043421281655
0.005 3.0217981363618494
0.005 2.828037601397385
0.005 2.644574652998654
0.005 2.4714696510426317
0.005 2.3087912267136192
0.005 2.1566151265277713
0.005 2.0150214712638523
0.005 1.8840895977904752
0.005 1.7638894017228015
0.005 1.65446791794746
0.005 1.5558298210130383
0.005 1.4679104713177462
0.005 1.3905390750437086
0.005 1.3234004404351432
0.005000000000000884 1.266029226065707
0.005000000007626655 1.2178043475741416
0.005000004530583833 1.1780738478562862
0.005000194011007489 1.1465484925277087
0.0050013330961591615 1.1234691398213696
0.0050030849234943475 1.1093455727243844
0.005003890074340627 1.104590314350665
0.0050030849234943475 1.1093455727243775
0.0050013330961591615 1.1234691398213588
0.005000194011007489 1.1465484925276936
0.005000004530583833 1.1780738478562656
0.005000000007626655 1.2178043475741156
0.005000000000000884 1.2660292260656865
0.005 1.3234004404351263
0.005 1.390539075043693
0.005 1.4679104713177347
0.005 1.5558298210130257
0.005 1.6544679179474473
0.005 1.763889401722792
0.005 1.884089597790468
0.005 2.015021471263846
0.005 2.1566151265277673
0.005 2.308791226713615
0.005 2.47146965104263
0.005 2.644574652998652
0.005 2.8280376013973836
0.005 3.021798136361848
0.005 3.2258043421281632
0.005 3.4400123528382616
0.005 3.664385664815086
0.005 3.898894336499008
0.005 4.143514177957323
0.005 4.398226005633948
0.005 4.663014978793512
0.005 4.937870068221875
0.005 5.2227836001594925
0.005 5.517751053444766
0.005 5.642668323289123
0.005 5.347697052293056
0.005 5.062773247598905
0.005 4.787900709907871
0.005 4.523085875420711
0.005 4.268337950029377
0.005 4.023669245303827
0.005 3.789095552405949
0.005 3.564636597327936
0.005 3.3503165226953793
0.005 3.146164371545946
0.005 2.95221449391098
0.005 2.7685067782308814
0.005 2.595086544420008
0.005 2.432003874014925
0.005 2.279312057605942
0.005 2.1370647424146387
0.005 2.0053112631605052
0.005 1.884089597790475
0.005 1.7734164952385547
0.005 1.6732747681279443
0.005 1.5835987179784998
0.005 1.5042604185483066
0.005 1.4350621863426056
0.005 1.3757365655391787
0.005 1.3259452883246226
0.005 1.285334822058207
0.005 1.25367994642333
0.005000000000013256 1.230954427473951
0.005000000000103397 1.2172529657168043
0.005000000000198841 1.2126734265243124
0.005000000000103397 1.2172529657167983
0.005000000000013256 1.2309544274739417
0.005 1.253679946423317
0.005 1.2853348220581917
0.005 1.3259452883246055
0.005 1.3757365655391651
0.005 1.435062186342592
0.005 1.5042604185482968
0.005 1.5835987179784916
0.005 1.6732747681279347
0.005 1.7734164952385483
0.005 1.884089597790468
0.005 2.0053112631605003
0.005 2.137064742414635
0.005 2.2793120576059365
0.005 2.4320038740149204
0.005 2.5950865444200066
0.005 2.768506778230881
0.005 2.9522144939109793
0.005 3.1461643715459453
0.005 3.350316522695378
0.005 3.5646365973279357
0.005 3.789095552405949
0.005 4.023669245303825
0.005 4.268337950029374
0.005 4.523085875420712
0.005 4.787900709907867
0.005 5.062773247598901
0.005 5.347697052293053
0.005 5.6426683232891195
0.005 5.777588726190366
0.005 5.482613873464109
0.005 5.197680451896105
0.005 4.922791617915289
0.005 4.6579527045171
0.005 4.40317130151711
0.005 4.158457495000388
0.005 3.9238241181335654
0.005 3.699287046776614
0.005 3.484865486484456
0.005 3.2805822244054967
0.005 3.0864637730062383
0.005 2.9025403209771983
0.005 2.7288453582021868
0.005 2.565414805552875
0.005 2.412285425238163
0.005 2.269492249154472
0.005 2.1370647424146387
0.005 2.015021471263852
0.005 1.9033632214251717
0.005 1.8020649142240754
0.005 1.7110673607238056
0.005 1.6302708293409638
0.005 1.559533115474849
0.005 1.4986735292654683
0.005 1.4474849194353294
0.005 1.4057669940490731
0.005 1.3733764230852186
0.005 1.3502471630063282
0.005 1.3363660687780732
0.005 1.331737958790498
0.005 1.3363660687780692
0.005 1.3502471630063217
0.005 1.3733764230852084
0.005 1.4057669940490622
0.005 1.4474849194353192
0.005 1.4986735292654583
0.005 1.5595331154748409
0.005 1.6302708293409542
0.005 1.7110673607238005
0.005 1.8020649142240706
0.005 1.9033632214251675
0.005 2.0150214712638466
0.005 2.1370647424146356
0.005 2.269492249154469
0.005 2.4122854252381614
0.005 2.565414805552873
0.005 2.728845358202185
0.005 2.9025403209771983
0.005 3.0864637730062374
0.005 3.2805822244054963
0.005 3.4848654864844555
0.005 3.6992870467766132
0.005 3.9238241181335654
0.005 4.158457495000385
0.005 4.4031713015171094
0.005 4.6579527045171
0.005 4.922791617915287
0.005 5.197680451896103
0.005 5.482613873464108
0.005 5.777588726190365
0.005 5.9225131676273985
0.005 5.627535004719409
0.005 5.34259271503201
0.005 5.067688889564404
0.005 4.8028278962470194
0.005 4.548015919581626
0.005 4.303261125009241
0.005 4.068573816914293
0.005 3.843966616779928
0.005 3.629454612645706
0.005 3.425055455524392
0.005 3.2307893402994736
0.005 3.046678803556943
0.005 2.8727482370038513
0.005 2.709022997753737
0.005 2.5555279695798814
0.005 2.412285425238163
0.005 2.2793120576059414
0.005 2.156615126527771
0.005 2.044187830517897
0.005 1.9420042990661877
0.005 1.850015004575807
0.005 1.7681438439187345
0.005 1.6962883450665522
0.005 1.6343243688945472
0.005 1.5821167434537458
0.005 1.5395381512145272
0.005 1.5064901909403297
0.005 1.4829120761116021
0.005 1.4687734078480974
0.005 1.4640616171131804
0.005 1.4687734078480963
0.005 1.482912076111598
0.005 1.5064901909403239
0.005 1.53953815121452
0.005 1.5821167434537406
0.005 1.6343243688945395
0.005 1.6962883450665487
0.005 1.7681438439187278
0.005 1.8500150045758006
0.005 1.9420042990661848
0.005 2.044187830517893
0.005 2.1566151265277673
0.005 2.279312057605937
0.005 2.4122854252381614
0.005 2.5555279695798783
0.005 2.7090229977537374
0.005 2.8727482370038513
0.005 3.046678803556942
0.005 3.2307893402994723
0.005 3.425055455524392
0.005 3.6294546126457057
0.005 3.8439666167799267
0.005 4.068573816914293
0.005 4.303261125009239
0.005 4.548015919581623
0.005 4.802827896247017
0.005 5.067688889564403
0.005 5.3425927150320085
0.005 5.627535004719409
0.005 5.9225131676273985
0.005 6.077442340941922
0.005 5.782461161227552
0.005 5.4975108074224215
0.005 5.222593382840368
0.005 4.957712425739963
0.005 4.7028729198259995
0.005 4.45808140208253
0.005 4.223346053458785
0.005 3.998676794156259
0.005 3.784085340868523
0.005 3.5795852057595776
0.005 3.3851915866343654
0.005 3.2009210976433717
0.005 3.026791267501251
0.005 2.8628197270321634
0.005 2.709022997753737
0.005 2.565414805552875
0.005 2.4320038740149243
0.005 2.3087912267136184
0.005 2.1957671512854
0.005 2.092908163877291
0.005 2.0001745352986986
0.005 1.9175091407759697
0.005 1.8448385041835684
0.005 1.7820767328784968
0.005 1.7291329638520552
0.005 1.6859217780514242
0.005 1.6523734638932737
0.005 1.6284390022096868
0.005 1.6140884897327594
0.005 1.6093065427665956
0.005 1.6140884897327574
0.005 1.6284390022096835
0.005 1.65237346389327
0.005 1.6859217780514206
0.005 1.7291329638520487
0.005 1.782076732878493
0.005 1.8448385041835647
0.005 1.9175091407759643
0.005 2.0001745352986946
0.005 2.0929081638772873
0.005 2.1957671512853967
0.005 2.3087912267136153
0.005 2.432003874014921
0.005 2.5654148055528734
0.005 2.7090229977537374
0.005 2.8628197270321625
0.005 3.0267912675012516
0.005 3.2009210976433713
0.005 3.385191586634365
0.005 3.579585205759577
0.005 3.7840853408685233
0.005 3.9986767941562587
0.005 4.223346053458785
0.005 4.458081402082528
0.005 4.702872919825999
0.005 4.957712425739961
0.005 5.222593382840367
0.005 5.49751080742242
0.005 5.782461161227548
0.005 6.077442340941918
0.005 6.242376737552566
0.005 5.947392844053284
0.005 5.662435252316108
0.005 5.387505651749287
0.005 5.122606878705318
0.005 4.867742907264411
0.005 4.6229189158880075
0.005 4.388141331277909
0.005 4.163417867891186
0.005 3.948757527111144
0.005 3.744170540615238
0.005 3.5496682186769206
0.005 3.365262667454024
0.005 3.190966324968391
0.005 3.026791267501251
0.005 2.8727482370038517
0.005 2.7288453582021868
0.005 2.595086544420008
0.005 2.4714696510426317
0.005 2.3579845204605183
0.005 2.2546111756768563
0.005 2.161318537729244
0.005 2.0780641344715276
0.005 2.0047952505646927
0.005 1.941451903399441
0.005 1.8879715979638867
0.005 1.8442953876768298
0.005 1.810373426607158
0.005 1.7861680893678693
0.005 1.7716542288941082
0.005 1.76681777266476
0.005 1.7716542288941075
0.005 1.7861680893678684
0.005 1.8103734266071545
0.005 1.8442953876768269
0.005 1.8879715979638825
0.005 1.9414519033994384
0.005 2.0047952505646887
0.005 2.078064134471525
0.005 2.16131853772924
0.005 2.2546111756768514
0.005 2.357984520460516
0.005 2.4714696510426304
0.005 2.5950865444200066
0.005 2.7288453582021854
0.005 2.8727482370038513
0.005 3.0267912675012516
0.005 3.190966324968391
0.005 3.3652626674540245
0.005 3.5496682186769206
0.005 3.7441705406152375
0.005 3.948757527111144
0.005 4.163417867891186
0.005 4.38814133127791
0.005 4.6229189158880075
0.005 4.867742907264409
0.005 5.122606878705316
0.005 5.387505651749285
0.005 5.662435252316104
0.005 5.947392844053277
0.005 6.24237673755256
0.005 6.417316664987957
0.005 6.122330360141763
0.005 5.837366351334105
0.005 5.562425981912514
0.005 5.2975115031830216
0.005 5.042626052878876
0.005 4.797773692847946
0.005 4.562959421905098
0.005 4.338189179884824
0.005 4.123469813314578
0.005 3.9188089917109115
0.005 3.724215045003074
0.005 3.53969669782544
0.005 3.3652626674540236
0.005 3.2009210976433713
0.005 3.0466788035569428
0.005 2.9025403209771987
0.005 2.7685067782308814
0.005 2.6445746529986534
0.005 2.53073453123138
0.005 2.426970051651004
0.005 2.3332572773716853
0.005 2.2495647647145964
0.005 2.175854587573202
0.005 2.112084413199535
0.005 2.058210604280308
0.005 2.0141917753895724
0.005 1.9799920705196963
0.005 1.955583310635313
0.005 1.9409457359189872
0.005 1.9360678038010868
0.005 1.9409457359189866
0.005 1.9555833106353124
0.005 1.9799920705196952
0.005 2.0141917753895715
0.005 2.058210604280307
0.005 2.112084413199534
0.005 2.1758545875731996
0.005 2.249564764714596
0.005 2.333257277371685
0.005 2.426970051651003
0.005 2.53073453123138
0.005 2.644574652998652
0.005 2.7685067782308805
0.005 2.9025403209771987
0.005 3.0466788035569423
0.005 3.2009210976433713
0.005 3.3652626674540245
0.005 3.5396966978254403
0.005 3.7242150450030747
0.005 3.918808991710912
0.005 4.123469813314579
0.005 4.338189179884823
0.005 4.562959421905098
0.005 4.7977736928479455
0.005 5.042626052878875
0.005 5.2975115031830216
0.005 5.562425981912512
0.005 5.8373663513341025
0.005 6.122330360141758
0.005 6.4173166649879505
0.005 6.6022622702833695
0.005 6.307273847838421
0.005 6.022304215937159
0.005 5.747354432610532
0.005 5.482426268225343
0.005 5.227522177190438
0.005 4.982645316054857
0.005 4.747799537075733
0.005 4.522989371417836
0.005 4.308219978154711
0.005 4.103497051862748
0.005 3.908826667204555
0.005 3.724215045003074
0.005 3.5496682186769206
0.005 3.3851915866343654
0.005 3.230789340299473
0.005 3.0864637730062383
0.005 2.9522144939109793
0.005 2.8280376013973845
0.005 2.713924904247321
0.005 2.6098633159234508
0.005 2.515834574089223
0.005 2.431815444709522
0.005 2.357778521487829
0.005 2.293693687107864
0.005 2.2395300701578305
0.005 2.1952583024447643
0.005 2.160852564314634
0.005 2.136292046496132
0.005 2.121561728234129
0.005 2.116652617110107
0.005 2.1215617282341284
0.005 2.1362920464961315
0.005 2.160852564314633
0.005 2.195258302444763
0.005 2.2395300701578296
0.005 2.293693687107862
0.005 2.3577785214878295
0.005 2.431815444709521
0.005 2.515834574089222
0.005 2.60986331592345
0.005 2.7139249042473197
0.005 2.8280376013973836
0.005 2.9522144939109793
0.005 3.086463773006238
0.005 3.2307893402994723
0.005 3.385191586634365
0.005 3.549668218676921
0.005 3.7242150450030747
0.005 3.908826667204556
0.005 4.103497051862748
0.005 4.30821997815471
0.005 4.522989371417836
0.005 4.7477995370757355
0.005 4.982645316054858
0.005 5.227522177190437
0.005 5.482426268225342
0.005 5.747354432610531
0.005 6.022304215937157
0.005 6.307273847838418
0.005 6.602262270283365
0.005 6.797213566706113
0.005 6.502223305736129
0.005 6.217248802135228
0.005 5.94229088177536
0.005 5.6773509247599
0.005 5.422430834335398
0.005 5.1775330423443355
0.005 4.942660491855239
0.005 4.717816609552766
0.005 4.50300524898921
0.005 4.2982306004372015
0.005 4.103497051862748
0.005 3.918808991710911
0.005 3.7441705406152375
0.005 3.5795852057595776
0.005 3.425055455524392
0.005 3.2805822244054963
0.005 3.1461643715459457
0.005 3.021798136361849
0.005 2.9074766548153743
0.005 2.8031896198953254
0.005 2.7089231796941537
0.005 2.624660160150471
0.005 2.5503806809188316
0.005 2.4860631405046223
0.005 2.4316855376261155
0.005 2.387226880342457
0.005 2.3526685213104583
0.005 2.327995210119929
0.005 2.3131957567618966
0.005 2.3082633641704944
0.005 2.313195756761896
0.005 2.327995210119928
0.005 2.352668521310458
0.005 2.3872268803424572
0.005 2.4316855376261146
0.005 2.486063140504622
0.005 2.5503806809188307
0.005 2.6246601601504707
0.005 2.7089231796941533
0.005 2.8031896198953246
0.005 2.9074766548153743
0.005 3.0217981363618485
0.005 3.1461643715459457
0.005 3.2805822244054967
0.005 3.425055455524392
0.005 3.579585205759577
0.005 3.7441705406152375
0.005 3.918808991710912
0.005 4.103497051862748
0.005 4.2982306004372015
0.005 4.503005248989211
0.005 4.7178166095527665
0.005 4.942660491855242
0.005 5.1775330423443355
0.005 5.422430834335399
0.005 5.6773509247599
0.005 5.942290881775359
0.005 6.217248802135228
0.005 6.502223305736124
0.005 6.7972135667061115
0.005 7.002170461639366
0.005 6.707178622539444
0.005 6.422199945764902
0.005 6.147235070635539
0.005 5.882285064449017
0.005 5.627351391266706
0.005 5.382435909688537
0.005 5.147540850221159
0.005 4.922668783433035
0.005 4.707822564062027
0.005 4.50300524898921
0.005 4.30821997815471
0.005 4.123469813314578
0.005 3.9487575271111433
0.005 3.784085340868522
0.005 3.6294546126457057
0.005 3.4848654864844555
0.005 3.3503165226953784
0.005 3.2258043421281637
0.005 3.111323328665816
0.005 3.0068654444435
0.005 2.9124202150380336
0.005 2.8279749357887725
0.005 2.753515118287879
0.005 2.6890251883468
0.005 2.634489335820882
0.005 2.589892475535496
0.005 2.5552211401685017
0.005 2.5304642067639267
0.005 2.51561342216536
0.005 2.5106637279155493
0.005 2.5156134221653597
0.005 2.5304642067639262
0.005 2.5552211401685017
0.005 2.5898924755354957
0.005 2.634489335820882
0.005 2.689025188346798
0.005 2.753515118287879
0.005 2.827974935788773
0.005 2.9124202150380327
0.005 3.0068654444434992
0.005 3.1113233286658146
0.005 3.2258043421281646
0.005 3.350316522695379
0.005 3.484865486484456
0.005 3.6294546126457057
0.005 3.7840853408685233
0.005 3.948757527111144
0.005 4.123469813314578
0.005 4.30821997815471
0.005 4.503005248989211
0.005 4.7078225640620275
0.005 4.922668783433037
0.005 5.147540850221161
0.005 5.38243590968854
0.005 5.627351391266705
0.005 5.882285064449018
0.005 6.14723507063554
0.005 6.422199945764906
0.005 6.707178622539448
0.005 7.002170461639368
0.005 7.217132784298484
0.005 6.922139606542294
0.005 6.637157396727604
0.005 6.362186646092128
0.005 6.097228174199278
0.005 5.842283099256577
0.005 5.5973528316276395
0.005 5.362439049599526
0.005 5.1375436673327775
0.005 4.922668783433034
0.005 4.717816609552766
0.005 4.522989371417835
0.005 4.338189179884824
0.005 4.1634178678911855
0.005 3.9986767941562578
0.005 3.8439666167799267
0.005 3.6992870467766137
0.005 3.5646365973279353
0.005 3.440012352838262
0.005 3.325409788056807
0.005 3.22082267256721
0.005 3.12624309488769
0.005 3.041661632671591
0.005 2.9670676874707835
0.005 2.9024499550999314
0.005 2.847797027964198
0.005 2.803098016315463
0.005 2.768343159255397
0.005 2.7435243551542703
0.005 2.7286355591433282
0.005 2.723673046280349
0.005 2.728635559143328
0.005 2.7435243551542707
0.005 2.768343159255396
0.005 2.803098016315463
0.005 2.847797027964198
0.005 2.9024499550999305
0.005 2.9670676874707835
0.005 3.041661632671591
0.005 3.12624309488769
0.005 3.2208226725672096
0.005 3.325409788056807
0.005 3.4400123528382625
0.005 3.564636597327936
0.005 3.6992870467766137
0.005 3.843966616779927
0.005 3.998676794156259
0.005 4.163417867891186
0.005 4.338189179884823
0.005 4.522989371417836
0.005 4.7178166095527665
0.005 4.922668783433037
0.005 5.137543667332779
0.005 5.362439049599527
0.005 5.597352831627641
0.005 5.84228309925658
0.005 6.097228174199282
0.005 6.362186646092131
0.005 6.637157396727606
0.005 6.922139606542302
0.005 7.21713278429849
0.005 7.442100311708761
0.005 7.14710601309238
0.005 6.862120850432032
0.005 6.587145198871785
0.005 6.322179684149168
0.005 6.067225155344417
0.005 5.8222826763770845
0.005 5.587353502361266
0.005 5.3624390495995256
0.005 5.147540850221159
0.005 4.94266049185524
0.005 4.747799537075734
0.005 4.562959421905096
0.005 4.388141331277909
0.005 4.223346053458785
0.005 4.068573816914293
0.005 3.9238241181335654
0.005 3.7890955524059486
0.005 3.664385664815086
0.005 3.549690841783834
0.005 3.4450062657538085
0.005 3.3503259539229764
0.005 3.2656428972851304
0.005 3.1909492988516033
0.005 3.126236916385917
0.005 3.071497455124897
0.005 3.0267230146305635
0.005 2.991906511280818
0.005 2.967042043943152
0.005 2.95212518938325
0.005 2.9471532127688755
0.005 2.95212518938325
0.005 2.9670420439431515
0.005 2.9919065112808174
0.005 3.026723014630563
0.005 3.0714974551248972
0.005 3.1262369163859165
0.005 3.1909492988516024
0.005 3.26564289728513
0.005 3.350325953922977
0.005 3.445006265753808
0.005 3.549690841783834
0.005 3.664385664815086
0.005 3.7890955524059495
0.005 3.923824118133566
0.005 4.068573816914293
0.005 4.223346053458785
0.005 4.38814133127791
0.005 4.562959421905098
0.005 4.7477995370757355
0.005 4.942660491855242
0.005 5.147540850221161
0.005 5.362439049599527
0.005 5.587353502361269
0.005 5.82228267637709
0.005 6.06722515534442
0.005 6.322179684149172
0.005 6.587145198871792
0.005 6.86212085043204
0.005 7.147106013092386
0.005 7.442100311708766
0.005 7.677072792589865
0.005 7.382077569691419
0.005 7.097089976110687
0.005 6.822110297197804
0.005 6.55713900903624
0.005 6.302176753977198
0.005 6.057224331512543
0.005 5.822282676377084
0.005 5.597352831627639
0.005 5.382435909688535
0.005 5.177533042344335
0.005 4.982645316054855
0.005 4.797773692847944
0.005 4.622918915888006
0.005 4.458081402082528
0.005 4.3032611250092385
0.005 4.158457495000385
0.005 4.023669245303824
0.005 3.898894336499009
0.005 3.7841298927932008
0.005 3.679372184727686
0.005 3.5846166705957736
0.005 3.499858104265655
0.005 3.4250907152510273
0.005 3.360308441231984
0.005 3.305505220226068
0.005 3.2606752842964664
0.005 3.225813456295706
0.005 3.2009154203592094
0.005 3.1859779381019053
0.005 3.180999003731242
0.005 3.1859779381019058
0.005 3.2009154203592094
0.005 3.2258134562957057
0.005 3.2606752842964664
0.005 3.3055052202260677
0.005 3.3603084412319837
0.005 3.4250907152510264
0.005 3.4998581042656545
0.005 3.5846166705957727
0.005 3.679372184727686
0.005 3.7841298927932
0.005 3.8988943364990094
0.005 4.023669245303825
0.005 4.158457495000386
0.005 4.30326112500924
0.005 4.45808140208253
0.005 4.622918915888008
0.005 4.797773692847946
0.005 4.982645316054858
0.005 5.1775330423443355
0.005 5.382435909688539
0.005 5.597352831627641
0.005 5.82228267637709
0.005 6.05722433151255
0.005 6.302176753977208
0.005 6.557139009036243
0.005 6.822110297197809
0.005 7.097089976110695
0.005 7.382077569691432
0.005 7.677072792589876
0.005 7.922049967980804
0.005 7.62705399755874
0.005 7.342064440837728
0.005 7.06708151483244
0.005 6.802105581903856
0.005 6.547137128056517
0.005 6.3021767539771965
0.005 6.067225155344415
0.005 5.842283099256576
0.005 5.627351391266703
0.005 5.422430834335397
0.005 5.227522177190435
0.005 5.042626052878873
0.005 4.867742907264409
0.005 4.702872919825998
0.005 4.548015919581623
0.005 4.403171301517109
0.005 4.268337950029375
0.005 4.143514177957322
0.005 4.028697690246908
0.005 3.923885581529747
0.005 3.829074375246573
0.005 3.7442601095406345
0.005 3.6694384659495505
0.005 3.6046049454050118
0.005 3.5497550608063797
0.005 3.5048845585071535
0.005 3.4699896287237917
0.005 3.445067092497688
0.005 3.4301145601040184
0.005 3.4251305499075273
0.005 3.4301145601040184
0.005 3.4450670924976876
0.005 3.4699896287237912
0.005 3.504884558507153
0.005 3.5497550608063806
0.005 3.6046049454050113
0.005 3.6694384659495505
0.005 3.744260109540633
0.005 3.8290743752465732
0.005 3.9238855815297473
0.005 4.028697690246909
0.005 4.143514177957324
0.005 4.268337950029374
0.005 4.40317130151711
0.005 4.5480159195816245
0.005 4.7028729198259995
0.005 4.86774290726441
0.005 5.042626052878875
0.005 5.227522177190437
0.005 5.422430834335398
0.005 5.627351391266706
0.005 5.84228309925658
0.005 6.06722515534442
0.005 6.302176753977208
0.005 6.5471371280565265
0.005 6.802105581903862
0.005 7.0670815148324495
0.005 7.34206444083774
0.005 7.627053997558755
0.005 7.922049967980814
0.005 8.177031589351863
0.005 7.882035030463388
0.005 7.5970439302202655
0.005 7.322058454767251
0.005 7.057078881909718
0.005 6.802105581903854
0.005 6.557139009036236
0.005 6.322179684149167
0.005 6.097228174199276
0.005 5.8822850644490146
0.005 5.677350924759897
0.005 5.48242626822534
0.005 5.29751150318302
0.005 5.122606878705314
0.005 4.95771242573996
0.005 4.802827896247017
0.005 4.657952704517098
0.005 4.523085875420711
0.005 4.398226005633949
0.005 4.283371243926909
0.005 4.178519296571504
0.005 4.0836674622831675
0.005 3.9988126987383836
0.005 3.9239517228842904
0.005 3.859081132898795
0.005 3.8041975594767696
0.005 3.759297814591132
0.005 3.7243790439100923
0.005 3.699438868944866
0.005 3.6844755035831502
0.005 3.6794878402376443
0.005 3.6844755035831502
0.005 3.6994388689448656
0.005 3.7243790439100914
0.005 3.759297814591131
0.005 3.8041975594767683
0.005 3.8590811328987944
0.005 3.92395172288429
0.005 3.998812698738383
0.005 4.0836674622831675
0.005 4.178519296571503
0.005 4.28337124392691
0.005 4.398226005633949
0.005 4.523085875420712
0.005 4.6579527045171
0.005 4.802827896247018
0.005 4.957712425739962
0.005 5.122606878705316
0.005 5.2975115031830216
0.005 5.482426268225342
0.005 5.6773509247599
0.005 5.882285064449017
0.005 6.097228174199283
0.005 6.322179684149173
0.005 6.557139009036245
0.005 6.802105581903863
0.005 7.057078881909734
0.005 7.322058454767266
0.005 7.597043930220286
0.005 7.882035030463411
0.005 8.177031589351877
0.005 8.442017432679553
0.005 8.147020429294054
0.005 7.862028164223814
0.005 7.58704076703093
0.005 7.322058454767249
0.005 7.067081514832438
0.005 6.822110297197801
0.005 6.587145198871782
0.005 6.362186646092125
0.005 6.147235070635536
0.005 5.942290881775357
0.005 5.747354432610527
0.005 5.5624259819125115
0.005 5.387505651749282
0.005 5.222593382840366
0.005 5.067688889564403
0.005 4.922791617915286
0.005 4.787900709907866
0.005 4.663014978793512
0.005 4.548132899218271
0.005 4.443252616306711
0.005 4.34837197652446
0.005 4.26348858200226
0.005 4.188599865120462
0.005 4.123703186318242
0.005 4.068795937848428
0.005 4.023875663068675
0.005 3.988940169778157
0.005 3.9639876319002827
0.005 3.9490166773178657
0.005 3.9440264551976068
0.005 3.949016677317866
0.005 3.9639876319002827
0.005 3.988940169778157
0.005 4.023875663068675
0.005 4.068795937848428
0.005 4.12370318631824
0.005 4.1885998651204615
0.005 4.263488582002259
0.005 4.34837197652446
0.005 4.443252616306711
0.005 4.54813289921827
0.005 4.663014978793512
0.005 4.787900709907868
0.005 4.922791617915288
0.005 5.067688889564404
0.005 5.222593382840367
0.005 5.387505651749285
0.005 5.5624259819125115
0.005 5.747354432610531
0.005 5.94229088177536
0.005 6.147235070635541
0.005 6.362186646092131
0.005 6.587145198871794
0.005 6.82211029719781
0.005 7.06708151483245
0.005 7.322058454767267
0.005 7.587040767030952
0.005 7.86202816422384
0.005 8.147020429294091
0.005 8.442017432679586
0.005 8.717007311132402
0.005 8.422009995128992
0.005 8.137016911207898
0.005 7.862028164223811
0.005 7.597043930220261
0.005 7.342064440837726
0.005 7.097089976110683
0.005 6.862120850432028
0.005 6.6371573967275985
0.005 6.422199945764899
0.005 6.217248802135225
0.005 6.022304215937154
0.005 5.837366351334101
0.005 5.662435252316102
0.005 5.497510807422418
0.005 5.342592715032007
0.005 5.197680451896103
0.005 5.062773247598902
0.005 4.937870068221876
0.005 4.822969612174449
0.005 4.71807032099001
0.005 4.623170406785493
0.005 4.538267896845705
0.005 4.463360695912634
0.005 4.39844665969812
0.005 4.343523682815132
0.005 4.2985897859379785
0.005 4.2636432046575194
0.005 4.238682472160364
0.005 4.2237064880968145
0.005 4.218714570435267
0.005 4.2237064880968145
0.005 4.238682472160364
0.005 4.2636432046575194
0.005 4.2985897859379785
0.005 4.343523682815131
0.005 4.398446659698116
0.005 4.463360695912632
0.005 4.538267896845703
0.005 4.623170406785492
0.005 4.718070320990011
0.005 4.8229696121744485
0.005 4.937870068221877
0.005 5.062773247598904
0.005 5.197680451896103
0.005 5.34259271503201
0.005 5.49751080742242
0.005 5.662435252316107
0.005 5.837366351334102
0.005 6.022304215937158
0.005 6.217248802135228
0.005 6.4221999457649055
0.005 6.637157396727606
0.005 6.862120850432042
0.005 7.097089976110696
0.005 7.342064440837741
0.005 7.597043930220288
0.005 7.86202816422384
0.005 8.137016911207928
0.005 8.422009995129036
0.005 8.717007311132436
0.005 9.002001081709038
0.005 8.707003576041481
0.005 8.422009995128988
0.005 8.147020429294049
0.005 7.882035030463381
0.005 7.627053997558731
0.005 7.38207756969141
0.005 7.147106013092373
0.005 6.922139606542292
0.005 6.707178622539441
0.005 6.502223305736124
0.005 6.307273847838413
0.005 6.122330360141754
0.005 5.947392844053275
0.005 5.782461161227543
0.005 5.627535004719406
0.005 5.482613873464106
0.005 5.347697052293054
0.005 5.222783600159495
0.005 5.107872348867993
0.005 5.002961914444235
0.005 4.908050722420743
0.005 4.823137047592236
0.005 4.748219065961788
0.005 4.6832949212487085
0.005 4.628362792699911
0.005 4.583420973996632
0.005 4.548467948852927
0.005 4.523502457272764
0.005 4.508523553616194
0.005 4.503530651881972
0.005 4.508523553616195
0.005 4.523502457272766
0.005 4.548467948852928
0.005 4.583420973996632
0.005 4.6283627926999085
0.005 4.683294921248706
0.005 4.748219065961783
0.005 4.823137047592234
0.005 4.908050722420741
0.005 5.002961914444234
0.005 5.1078723488679945
0.005 5.222783600159496
0.005 5.3476970522930545
0.005 5.482613873464107
0.005 5.627535004719409
0.005 5.782461161227548
0.005 5.9473928440532795
0.005 6.122330360141758
0.005 6.307273847838418
0.005 6.502223305736124
0.005 6.707178622539448
0.005 6.922139606542303
0.005 7.147106013092388
0.005 7.382077569691434
0.005 7.627053997558759
0.005 7.8820350304634115
0.005 8.147020429294093
0.005 8.422009995129036
0.005 8.707003576041528
0.005 9.002001081709095
0.005 9.296998659464892
0.005 9.002001081709036
0.005 8.717007311132399
0.005 8.442017432679547
0.005 8.177031589351854
0.005 7.922049967980793
0.005 7.677072792589854
0.005 7.442100311708754
0.005 7.2171327842984825
0.005 7.002170461639363
0.005 6.797213566706107
0.005 6.602262270283361
0.005 6.417316664987948
0.005 6.242376737552556
0.005 6.077442340941914
0.005 5.922513167627394
0.005 5.777588726190363
0.005 5.6426683232891195
0.005 5.517751053444767
0.005 5.402835798711662
0.005 5.29792124016229
0.005 5.203005882245866
0.005 5.1180880902957195
0.005 5.043166139892621
0.005 4.97823827851253
0.005 4.9233027898993
0.005 4.878358066451115
0.005 4.843402680336777
0.005 4.818435445738674
0.005 4.803455473044882
0.005 4.79846221104069
0.005 4.803455473044884
0.005 4.818435445738676
0.005 4.843402680336778
0.005 4.878358066451114
0.005 4.9233027898992985
0.005 4.978238278512528
0.005 5.043166139892618
0.005 5.118088090295719
0.005 5.203005882245864
0.005 5.29792124016229
0.005 5.402835798711663
0.005 5.517751053444768
0.005 5.64266832328912
0.005 5.7775887261903645
0.005 5.922513167627398
0.005 6.077442340941918
0.005 6.242376737552562
0.005 6.417316664987952
0.005 6.602262270283364
0.005 6.7972135667061115
0.005 7.002170461639368
0.005 7.21713278429849
0.005 7.442100311708769
0.005 7.677072792589878
0.005 7.922049967980817
0.005 8.177031589351879
0.005 8.44201743267959
0.005 8.717007311132436
0.005 9.002001081709095
0.005 9.296998659464949
