1e-05 15.664072881583367
1e-05 15.469662178200009
1e-05 15.286416453634242
1e-05 15.114295141189476
1e-05 14.953231167832731
1e-05 14.803131957860817
1e-05 14.663880931225403
1e-05 14.535339629796072
1e-05 14.417350561754052
1e-05 14.309740807200525
1e-05 14.212326356987314
1e-05 14.124917070335204
1e-05 14.047322051612127
1e-05 13.979355180314736
1e-05 13.920840490305682
1e-05 13.871617094176827
1e-05 13.831543408810573
1e-05 13.800500516187437
1e-05 13.778394533818156
1e-05 13.765157974515057
1e-05 13.760750291701006
1e-05 13.765157974515033
1e-05 13.778394533818108
1e-05 13.800500516187364
1e-05 13.831543408810488
1e-05 13.871617094176734
1e-05 13.920840490305588
1e-05 13.979355180314652
1e-05 14.047322051612056
1e-05 14.124917070335146
1e-05 14.212326356987274
1e-05 14.3097408072005
1e-05 14.41735056175404
1e-05 14.535339629796066
1e-05 14.663880931225405
1e-05 14.803131957860822
1e-05 14.953231167832737
1e-05 15.114295141189485
1e-05 15.286416453634248
1e-05 15.469662178200016
1e-05 15.66407288158338
1e-05 15.469662178200009
1e-05 15.27525828805791
1e-05 15.092033020102065
1e-05 14.919945836978977
1e-05 14.75892967029934
1e-05 14.608891851085499
1e-05 14.46971551205448
1e-05 14.341261599570688
1e-05 14.223371596604064
1e-05 14.115871016744103
1e-05 14.018573663079257
1e-05 13.931286560914856
1e-05 13.85381538465795
1e-05 13.785970124889758
1e-05 13.727570690153259
1e-05 13.67845211496467
1e-05 13.6384690904886
1e-05 13.607499603074851
1e-05 13.585447478879576
1e-05 13.572243753838944
1e-05 13.567847096018316
1e-05 13.572243753838904
1e-05 13.585447478879496
1e-05 13.607499603074736
1e-05 13.638469090488462
1e-05 13.678452114964516
1e-05 13.727570690153101
1e-05 13.785970124889612
1e-05 13.853815384657818
1e-05 13.93128656091474
1e-05 14.018573663079167
1e-05 14.115871016744036
1e-05 14.223371596604018
1e-05 14.341261599570657
1e-05 14.46971551205446
1e-05 14.608891851085488
1e-05 14.758929670299334
1e-05 14.919945836978977
1e-05 15.092033020102065
1e-05 15.275258288057914
1e-05 15.469662178200018
1e-05 15.28641645363424
1e-05 15.092033020102065
1e-05 14.908869188216178
1e-05 14.73688455518108
1e-05 14.576012144087338
1e-05 14.426159112832513
1e-05 14.287207862914059
1e-05 14.159017697074946
1e-05 14.041427158655358
1e-05 13.9342571636257
1e-05 13.83731498800109
1e-05 13.750399097291814
1e-05 13.673304706608247
1e-05 13.605829854707224
1e-05 13.547781687314611
1e-05 13.498982591844321
1e-05 13.45927577492664
1e-05 13.428529794345323
1e-05 13.40664157348289
1e-05 13.393537732648701
1e-05 13.389174606749613
1e-05 13.393537732648637
1e-05 13.406641573482762
1e-05 13.428529794345142
1e-05 13.45927577492642
1e-05 13.498982591844078
1e-05 13.547781687314364
1e-05 13.60582985470698
1e-05 13.673304706608027
1e-05 13.750399097291623
1e-05 13.837314988000937
1e-05 13.93425716362558
1e-05 14.041427158655273
1e-05 14.159017697074887
1e-05 14.28720786291402
1e-05 14.426159112832488
1e-05 14.576012144087327
1e-05 14.736884555181076
1e-05 14.908869188216178
1e-05 15.092033020102072
1e-05 15.286416453634255
1e-05 15.114295141189478
1e-05 14.919945836978977
1e-05 14.736884555181081
1e-05 14.565071272763802
1e-05 14.404439426583423
1e-05 14.25489625064999
1e-05 14.116323382964513
1e-05 13.988577900217196
1e-05 13.87149395689408
1e-05 13.76488522040993
1e-05 13.668548286267798
1e-05 13.582267211424671
1e-05 13.505819203326588
1e-05 13.438981340317039
1e-05 13.381538022952435
1e-05 13.3332887809701
1e-05 13.294055976059324
1e-05 13.263691499571566
1e-05 13.242081102385754
1e-05 13.229145459538753
1e-05 13.224838573630022
1e-05 13.229145459538648
1e-05 13.242081102385551
1e-05 13.26369149957128
1e-05 13.294055976058976
1e-05 13.333288780969715
1e-05 13.381538022952038
1e-05 13.438981340316658
1e-05 13.50581920332624
1e-05 13.58226721142437
1e-05 13.668548286267553
1e-05 13.764885220409736
1e-05 13.871493956893936
1e-05 13.988577900217095
1e-05 14.116323382964447
1e-05 14.254896250649947
1e-05 14.404439426583398
1e-05 14.565071272763793
1e-05 14.736884555181081
1e-05 14.919945836978986
1e-05 15.114295141189492
1e-05 14.953231167832737
1e-05 14.758929670299345
1e-05 14.576012144087343
1e-05 14.404439426583425
1e-05 14.244146091014358
1e-05 14.095040266274227
1e-05 13.957003524291054
1e-05 13.82989098442739
1e-05 13.713531848764946
1e-05 13.607730656090009
1e-05 13.512269615448396
1e-05 13.426912419522335
1e-05 13.351409881762173
1e-05 13.285507493198624
1e-05 13.228954526790709
1e-05 13.181514229892226
1e-05 13.142975239193799
1e-05 13.113163353504987
1e-05 13.091949679867913
1e-05 13.079250910900967
1e-05 13.075022552461057
1e-05 13.0792509109008
1e-05 13.091949679867595
1e-05 13.113163353504543
1e-05 13.142975239193259
1e-05 13.181514229891626
1e-05 13.228954526790087
1e-05 13.285507493198022
1e-05 13.35140988176163
1e-05 13.426912419521873
1e-05 13.51226961544802
1e-05 13.607730656089718
1e-05 13.713531848764733
1e-05 13.829890984427239
1e-05 13.957003524290952
1e-05 14.095040266274161
1e-05 14.24414609101432
1e-05 14.404439426583409
1e-05 14.576012144087342
1e-05 14.758929670299354
1e-05 14.953231167832758
1e-05 14.803131957860826
1e-05 14.60889185108551
1e-05 14.426159112832524
1e-05 14.254896250649997
1e-05 14.09504026627423
1e-05 13.946501836702854
1e-05 13.809164277481218
1e-05 13.68288238475271
1e-05 13.567481363449108
1e-05 13.462756199120268
1e-05 13.368472041707278
1e-05 13.284366400185933
1e-05 13.210154073716431
1e-05 13.145535565547732
1e-05 13.090208430591193
1e-05 13.043879705903848
1e-05 13.006282327922834
1e-05 12.977200042804707
1e-05 12.956489306478257
1e-05 12.944078308539941
1e-05 12.939942739336052
1e-05 12.944078308539675
1e-05 12.956489306477753
1e-05 12.977200042804009
1e-05 13.006282327921992
1e-05 13.043879705902912
1e-05 13.090208430590222
1e-05 13.1455355655468
1e-05 13.210154073715593
1e-05 13.284366400185226
1e-05 13.368472041706715
1e-05 13.46275619911984
1e-05 13.567481363448795
1e-05 13.682882384752496
1e-05 13.809164277481072
1e-05 13.946501836702764
1e-05 14.095040266274179
1e-05 14.254896250649976
1e-05 14.42615911283252
1e-05 14.608891851085525
1e-05 14.80313195786086
1e-05 14.663880931225423
1e-05 14.469715512054497
1e-05 14.287207862914073
1e-05 14.116323382964525
1e-05 13.95700352429106
1e-05 13.809164277481221
1e-05 13.672694073723358
1e-05 13.547451069110986
1e-05 13.43325990397717
1e-05 13.32990823767385
1e-05 13.2371437320764
1e-05 13.154672533337232
1e-05 13.08216039261168
1e-05 13.019239253378267
1e-05 12.965523400507376
1e-05 12.920626109011536
1e-05 12.884180920228134
1e-05 12.85590261311781
1.0000000002664509e-05 12.835656615953216
1.0000000015098883e-05 12.823455795081088
1.0000000026645087e-05 12.819375745194815
1.0000000015098883e-05 12.823455795080637
1.0000000002664509e-05 12.835656615952372
1e-05 12.85590261311668
1e-05 12.884180920226804
1e-05 12.920626109010069
1e-05 12.965523400505855
1e-05 13.019239253376812
1e-05 13.082160392610396
1e-05 13.154672533336171
1e-05 13.237143732075571
1e-05 13.329908237673235
1e-05 13.433259903976731
1e-05 13.547451069110686
1e-05 13.672694073723163
1e-05 13.809164277481102
1e-05 13.957003524290995
1e-05 14.116323382964493
1e-05 14.287207862914073
1e-05 14.469715512054517
1e-05 14.663880931225464
1e-05 14.535339629796097
1e-05 14.34126159957071
1e-05 14.159017697074965
1e-05 13.988577900217214
1e-05 13.829890984427406
1e-05 13.682882384752723
1e-05 13.547451069110991
1e-05 13.423465152509607
1e-05 13.310756032725138
1e-05 13.209110913588336
1e-05 13.118263439930818
1e-05 13.037880205578903
1e-05 12.96753791418208
1e-05 12.90670411298848
1.0000000007105357e-05 12.85478601123587
1.0000013762186992e-05 12.811227394382874
1.0002380163800693e-05 12.775565302512115
1.0063086878119553e-05 12.74752805919552
1.0408565282421828e-05 12.727137929616081
1.097971436189202e-05 12.714672021408548
1.1243990708461339e-05 12.710466481140989
1.097971436189202e-05 12.714672021407633
1.0408565282421828e-05 12.727137929614418
1.0063086878119553e-05 12.747528059193359
1.0002380163800693e-05 12.775565302509664
1.0000013762186992e-05 12.81122739438027
1.0000000007105357e-05 12.854786011233278
1e-05 12.906704112986123
1e-05 12.967537914180102
1e-05 13.037880205577332
1e-05 13.118263439929626
1e-05 13.209110913587473
1e-05 13.310756032724532
1e-05 13.423465152509202
1e-05 13.547451069110732
1e-05 13.682882384752567
1e-05 13.82989098442732
1e-05 13.98857790021718
1e-05 14.159017697074967
1e-05 14.34126159957074
1e-05 14.535339629796152
1e-05 14.417350561754082
1e-05 14.223371596604093
1e-05 14.041427158655388
1e-05 13.871493956894103
1e-05 13.713531848764967
1e-05 13.567481363449124
1e-05 13.43325990397718
1e-05 13.310756032725141
1e-05 13.199820958589905
1e-05 13.100254838113631
1e-05 13.01177605493153
1e-05 12.933941554569543
1.0000000008881697e-05 12.86602168462902
1.0000319695737005e-05 12.80697768327211
1.0257628306096556e-05 12.755806866181892
2.3601613444361043e-05 12.712013777023023
0.00015396892698866951 12.67555107655044
0.00064966937971485 12.646527615906315
0.0016361805162591694 12.625185698145653
0.00265482281108438 12.611992355115879
0.0030576337124529657 12.607505906174518
0.002654822807512606 12.611992355114074
0.0016361805120394758 12.6251856981423
0.0006496693774526821 12.646527615901759
0.00015396892645132694 12.675551076545043
2.3601613411498774e-05 12.712013777017274
1.0257628306096556e-05 12.755806866176517
1.0000319695737005e-05 12.80697768326773
1.0000000008881697e-05 12.866021684625753
1e-05 12.933941554567172
1e-05 13.011776054929838
1e-05 13.10025483811245
1e-05 13.199820958589099
1e-05 13.310756032724614
1e-05 13.43325990397685
1e-05 13.567481363448927
1e-05 13.713531848764863
1e-05 13.871493956894058
1e-05 14.041427158655388
1e-05 14.223371596604128
1e-05 14.417350561754148
1e-05 14.309740807200566
1e-05 14.115871016744144
1e-05 13.934257163625736
1e-05 13.764885220409964
1e-05 13.607730656090041
1e-05 13.462756199120294
1e-05 13.329908237673866
1e-05 13.209110913588345
1e-05 13.100254838113633
1e-05 13.003160406239532
1e-05 12.917431107839738
1.0000002948722867e-05 12.842125019100994
1.0097465949195904e-05 12.775655804045442
4.1345204352412465e-05 12.716512834207974
0.0006847479016900052 12.663995743772597
0.0038179019781024925 12.618217498261895
0.010693807280318265 12.579683617453382
0.021991148420252366 12.5488780091601
0.038787847736049354 12.526169245886742
0.056375750453999715 12.51206955560148
0.06413117011938568 12.50725373545991
0.0563757503955364 12.512069555598657
0.03878784763054103 12.526169245881285
0.021991148302314554 12.548878009152169
0.010693807191594124 12.579683617443223
0.003817901940353067 12.618217498250438
0.000684747895978631 12.663995743761616
4.134520423339774e-05 12.716512834199046
1.0097465949195904e-05 12.775655804039143
1.0000002948722867e-05 12.842125019096999
1e-05 12.917431107837269
1e-05 13.003160406237948
1e-05 13.100254838112601
1e-05 13.209110913587685
1e-05 13.32990823767346
1e-05 13.462756199120054
1e-05 13.607730656089913
1e-05 13.764885220409914
1e-05 13.93425716362574
1e-05 14.115871016744189
1e-05 14.309740807200646
1e-05 14.212326356987365
1e-05 14.018573663079309
1e-05 13.837314988001141
1e-05 13.66854828626785
1e-05 13.512269615448439
1e-05 13.368472041707314
1e-05 13.237143732076422
1e-05 13.118263439930828
1e-05 13.011776054931529
1e-05 12.91743110783973
1.0000018036058808e-05 12.834238659194956
1.101966415620983e-05 12.760084723365818
0.00025263433299105623 12.69283362708597
0.003603354059579755 12.631585228515245
0.01595006752306356 12.576403768854973
0.040393079249531734 12.527791193018736
0.0742236521272823 12.486521492436578
0.11187031316930146 12.45342111963219
0.15387701003652873 12.429083512106576
0.19417281375623152 12.414025316642446
0.2120736591709135 12.408889589489798
0.19417281369000736 12.41402531663876
0.15387700988146855 12.429083512099176
0.11187031290874182 12.453421119620897
0.07422365178110356 12.486521492421556
0.040393078901955023 12.527791193001233
0.01595006731493746 12.57640376883709
0.0036033540108014843 12.631585228499244
0.00025263433106461654 12.692833627073885
1.1019664157098e-05 12.760084723358322
1.0000018036058808e-05 12.834238659190914
1e-05 12.917431107837553
1e-05 13.011776054930237
1e-05 13.118263439930036
1e-05 13.237143732075948
1e-05 13.36847204170704
1e-05 13.512269615448297
1e-05 13.668548286267793
1e-05 13.837314988001145
1e-05 14.01857366307936
1e-05 14.21232635698746
1e-05 14.12491707033527
1e-05 13.931286560914923
1e-05 13.750399097291881
1e-05 13.582267211424737
1e-05 13.4269124195224
1e-05 13.284366400185986
1e-05 13.15467253333727
1e-05 13.037880205578919
1e-05 12.933941554569538
1.0000002948722867e-05 12.842125019100981
1.101966415620983e-05 12.760084723365823
0.00043709515627410106 12.684912494080516
0.006909293874174005 12.615201738540284
0.02880447423820547 12.55082645235949
0.0689152141727144 12.492267695169181
0.12998535913139753 12.4403760365558
0.21057129946214526 12.396151096610042
0.3029731191208294 12.360604656561273
0.39618270309997056 12.334568890972946
0.4732896714327711 12.318614136967337
0.5049345122598925 12.313217545968431
0.47328967140206973 12.31861413696309
0.3961827030257986 12.33456889096411
0.302973118981949 12.360604656547396
0.2105712992106916 12.396151096591336
0.1299853587135728 12.440376036533552
0.06891521364769386 12.492267695145346
0.028804473845424925 12.550826452336496
0.006909293763037795 12.615201738521082
0.000437095152208505 12.684912494067367
1.1019664157098e-05 12.760084723358743
1.0000002948722867e-05 12.842125019097711
1e-05 12.933941554567939
1e-05 13.037880205578015
1e-05 13.15467253333674
1e-05 13.28436640018569
1e-05 13.426912419522248
1e-05 13.58226721142468
1e-05 13.75039909729189
1e-05 13.931286560914982
1e-05 14.124917070335377
1e-05 14.047322051612216
1e-05 13.853815384658041
1e-05 13.67330470660834
1e-05 13.505819203326682
1e-05 13.351409881762264
1e-05 13.210154073716511
1e-05 13.08216039261174
1e-05 12.967537914182111
1.0000000008881697e-05 12.866021684629024
1.0097465949195904e-05 12.775655804045467
0.0002526343330043788 12.692833627086065
0.006909293874958703 12.615201738540408
0.03391485310913065 12.542211059633598
0.08609526034079008 12.47418137756258
0.1711034239452021 12.411962498183755
0.3003959152117154 12.356696727433123
0.48011782560638255 12.309699788466173
0.6834648860043796 12.27218489028577
0.86464376723614 12.244979059105809
0.9893853463755854 12.228514863003948
1.0344252626882526 12.223001216741473
0.9893853463833231 12.22851486299973
0.8646437672563565 12.244979059096911
0.6834648860281111 12.272184890271538
0.48011782557638955 12.309699788446299
0.3003959150238107 12.356696727408234
0.1711034235244744 12.411962498155885
0.08609525975012447 12.474181377534599
0.03391485264258896 12.542211059608494
0.00690929376277312 12.615201738521321
0.00025263433114721626 12.692833627074643
1.0097465949195904e-05 12.775655804040323
1.0000000008881697e-05 12.866021684626979
1e-05 12.967537914181133
1e-05 13.082160392611199
1e-05 13.210154073716211
1e-05 13.351409881762113
1e-05 13.505819203326624
1e-05 13.673304706608347
1e-05 13.853815384658105
1e-05 14.04732205161233
1e-05 13.979355180314855
1e-05 13.78597012488988
1e-05 13.60582985470735
1e-05 13.43898134031717
1e-05 13.285507493198756
1e-05 13.145535565547858
1e-05 13.019239253378371
1e-05 12.906704112988548
1.0000319695737005e-05 12.806977683272175
4.1345204352412465e-05 12.716512834208133
0.0036033540606344567 12.631585228515572
0.028804474245664763 12.5508264523599
0.08609526034736875 12.474181377562882
0.18668430668150032 12.402362878851898
0.35775724908614237 12.336569996785984
0.62503495073278 12.278464871235622
0.9494460508196251 12.2297278980766
1.25493242664081 12.191405055224864
1.491285489852446 12.163906737543615
1.6380085273969862 12.147371011533162
1.6876724679940953 12.141853184153845
1.638008527417391 12.147371011529414
1.4912854899020116 12.163906737535752
1.2549324267255306 12.191405055212234
0.9494460509237941 12.229727898058453
0.6250349507856297 12.278464871211632
0.35775724894861993 12.336569996757241
0.18668430625894478 12.402362878821371
0.08609525973966495 12.474181377534354
0.028804473836600963 12.55082645233655
0.0036033540108978503 12.631585228500018
4.134520425915466e-05 12.716512834200504
1.0000319695737005e-05 12.806977683269388
1e-05 12.90670411298753
1e-05 13.019239253377867
1e-05 13.14553556554758
1e-05 13.28550749319861
1e-05 13.438981340317117
1e-05 13.605829854707359
1e-05 13.785970124889944
1e-05 13.979355180314968
1e-05 13.920840490305835
1e-05 13.727570690153419
1e-05 13.547781687314783
1e-05 13.381538022952615
1e-05 13.228954526790902
1e-05 13.090208430591385
1e-05 12.965523400507553
1.0000000007105357e-05 12.854786011236019
1.0257628306096556e-05 12.755806866182107
0.0006847479018818499 12.663995743773041
0.015950067531200967 12.57640376885568
0.06891521419089745 12.492267695170014
0.1711034239564361 12.41196249818449
0.35775724908952405 12.336569996786405
0.6812346834860146 12.267959870763008
1.1036983684958444 12.208350695031513
1.5165980428308588 12.159110615373017
1.8545509100500992 12.120695543996902
2.0993831171657598 12.093221827265774
2.24711801547539 12.076725895219345
2.296486619812414 12.071225243366397
2.247118015493235 12.076725895216164
2.0993831172066937 12.093221827259148
1.8545509101226056 12.120695543986328
1.5165980429426709 12.159110615357797
1.103698368632345 12.208350695010926
0.6812346835588907 12.26795987073692
0.3577572489364396 12.336569996756616
0.17110342350171595 12.41196249815498
0.06891521362014416 12.492267695144763
0.01595006730747106 12.576403768837425
0.0006847478963108064 12.663995743762975
1.0257628306984726e-05 12.755806866178437
1.0000000007105357e-05 12.854786011235031
1e-05 12.965523400507143
1e-05 13.090208430591144
1e-05 13.228954526790766
1e-05 13.381538022952562
1e-05 13.54778168731479
1e-05 13.727570690153476
1e-05 13.920840490305945
1e-05 13.871617094177024
1e-05 13.678452114964879
1e-05 13.498982591844545
1e-05 13.333288780970348
1e-05 13.181514229892501
1e-05 13.043879705904146
1e-05 12.920626109011847
1.0000013762186992e-05 12.811227394383197
2.3601613444361043e-05 12.712013777023508
0.0038179019804028516 12.618217498262748
0.04039307927109338 12.527791193019944
0.1299853591552089 12.440376036557145
0.3003959152235258 12.356696727434343
0.6250349507360974 12.27846487123648
1.1036983684963453 12.208350695031928
1.606160619404234 12.148335330974417
2.0383192093210845 12.099081441790775
2.3774943567659315 12.060732953834147
2.6204873229043577 12.033324977427196
2.7665638012805536 12.016873649158025
2.8153077255480152 12.01138871807442
2.766563801294066 12.016873649155366
2.620487322933877 12.0333249774217
2.3774943568168676 12.060732953825447
2.0383192094002065 12.099081441778345
1.6061606195165385 12.148335330957623
1.1036983686200061 12.208350695010218
0.6250349507604105 12.278464871210248
0.30039591498857743 12.356696727406455
0.12998535867021238 12.440376036532038
0.04039307887306331 12.5277911930007
0.003817901939839705 12.61821749825132
2.3601613429262162e-05 12.712013777019163
1.0000013762186992e-05 12.811227394382195
1e-05 12.920626109011499
1e-05 13.04387970590392
1e-05 13.181514229892361
1e-05 13.333288780970284
1e-05 13.498982591844541
1e-05 13.678452114964921
1e-05 13.871617094177122
1e-05 13.831543408810816
1e-05 13.638469090488861
1e-05 13.45927577492693
1e-05 13.294055976059658
1e-05 13.14297523919419
1e-05 13.00628232792329
1e-05 12.884180920228662
1.0002380163800693e-05 12.775565302512758
0.00015396892703218982 12.675551076551375
0.01069380728894239 12.579683617454764
0.07422365216079559 12.486521492438344
0.21057129948721828 12.39615109661194
0.4801178256171015 12.30969978846787
0.9494460508224033 12.229727898077872
1.5165980428317167 12.159110615373823
2.0383192093214904 12.099081441791164
2.470125723236572 12.049905266069812
2.806840949512282 12.01163275788866
3.0477789536202478 11.984282720800076
3.1925331597658575 11.96786742650488
3.2408195149541568 11.962394740169584
3.1925331597752 11.967867426502664
3.0477789536401145 11.984282720795514
2.806840949545414 12.011632757881504
2.4701257232864187 12.04990526605969
2.0383192093916276 12.099081441777603
1.516598042921539 12.159110615356333
0.9494460508875097 12.229727898056273
0.48011782552844523 12.309699788443575
0.21057129915376213 12.396151096588714
0.0742236517271708 12.486521492419945
0.010693807183917232 12.579683617443251
0.00015396892658810506 12.675551076546402
1.0002380163800693e-05 12.775565302511406
1e-05 12.884180920228209
1e-05 13.006282327923008
1e-05 13.142975239194008
1e-05 13.294055976059562
1e-05 13.459275774926907
1e-05 13.638469090488892
1e-05 13.831543408810903
1e-05 13.80050051618773
1e-05 13.607499603075171
1e-05 13.428529794345689
1e-05 13.263691499572003
1e-05 13.113163353505518
1e-05 12.977200042805364
1e-05 12.855902613118637
1.0063086878119553e-05 12.747528059196638
0.0006496693801100854 12.646527615907912
0.021991148439097104 12.548878009162195
0.11187031320849948 12.453421119634621
0.3029731191457625 12.360604656563762
0.68346488601378 12.27218489028796
1.2549324266433382 12.19140505522656
1.854550910050994 12.120695543998119
2.37749435676597 12.060732953834933
2.806840949512034 12.011632757889046
3.141399575641415 11.973422247581027
3.3807556729820463 11.946117134929407
3.5245399028405116 11.929729088883894
3.5724982005276535 11.924265551073454
3.5245399028464335 11.929729088882027
3.3807556729945336 11.946117134925581
3.1413995756612234 11.973422247575064
2.806840949540132 12.011632757880692
2.377494356802981 12.060732953823864
1.8545509100958577 12.120695543983986
1.2549324266819237 12.191405055209128
0.6834648859680992 12.272184890267763
0.3029731189096662 12.360604656543524
0.11187031283404765 12.453421119617918
0.02199114827855913 12.548878009150771
0.0006496693776889352 12.64652761590198
1.0063086878119553e-05 12.747528059194519
1e-05 12.855902613117879
1e-05 12.977200042804949
1e-05 13.113163353505268
1e-05 13.263691499571864
1e-05 13.428529794345636
1e-05 13.607499603075185
1e-05 13.800500516187803
1e-05 13.778394533818512
1e-05 13.585447478879967
1e-05 13.406641573483343
1e-05 13.24208110238631
1e-05 13.09194967986861
1e-05 12.956489306479154
1.0000000002664509e-05 12.835656615954404
1.0408565282421828e-05 12.727137929617781
0.0016361805178627595 12.625185698148071
0.038787847767616235 12.526169245889758
0.15387701007536483 12.429083512109864
0.39618270312144116 12.334568890976142
0.8646437672437312 12.244979059108566
1.4912854898540113 12.16390673754582
2.099383117165135 12.093221827267456
2.620487322902974 12.033324977428414
3.047778953618731 11.984282720800866
3.3807556729811514 11.946117134929798
3.6189918911397627 11.918843958798103
3.7621033790059957 11.902475087788094
3.8098364755136487 11.897017956005836
3.7621033790095093 11.902475087786478
3.6189918911468424 11.918843958794803
3.380755672991781 11.946117134924684
3.047778953632149 11.984282720793761
2.6204873229174797 12.033324977419095
2.0993831171768718 12.093221827255693
1.4912854898531054 12.16390673753144
0.8646437671855006 12.244979059091797
0.39618270293894675 12.334568890958632
0.15387700979057062 12.429083512094262
0.03878784758113394 12.526169245877849
0.0016361805114577248 12.62518569814094
1.0408565283309996e-05 12.727137929614754
1.0000000002664509e-05 12.835656615953267
1e-05 12.956489306478566
1e-05 13.091949679868266
1e-05 13.242081102386116
1e-05 13.406641573483258
1e-05 13.58544747887996
1e-05 13.778394533818568
1e-05 13.765157974515475
1e-05 13.572243753839407
1e-05 13.393537732649246
1e-05 13.229145459539431
1e-05 13.079250910901843
1e-05 12.944078308541094
1.0000000015098883e-05 12.823455795082667
1.097971436189202e-05 12.714672021410859
0.002654822814792044 12.611992355119167
0.05637575049943803 12.512069555605523
0.19417281379357637 12.414025316646757
0.4732896714489407 12.318614136971414
0.9893853463784658 12.22851486300744
1.6380085273943439 12.147371011536007
2.247118015471197 12.076725895221598
2.7665638012760345 12.01687364915975
3.192533159761923 11.967867426506128
3.524539902837737 11.92972908888471
3.762103379004369 11.902475087788499
3.9048147575495635 11.88611767227258
3.9524145404209436 11.880664358199162
3.904814757551671 11.886117672271114
3.7621033790084635 11.902475087785513
3.5245399028430393 11.929729088880107
3.1925331597670854 11.96786742649977
2.766563801277818 12.016873649151472
2.2471180154637076 12.076725895211236
1.6380085273668448 12.14737101152344
0.9893853463054049 12.228514862992744
0.47328967130227856 12.318614136955421
0.19417281358125502 12.414025316631388
0.05637575031221899 12.512069555592895
0.00265482280426457 12.611992355111056
1.0979714362780189e-05 12.714672021407152
1.0000000015098883e-05 12.823455795081232
1e-05 12.94407830854036
1e-05 13.079250910901415
1e-05 13.22914545953919
1e-05 13.393537732649127
1e-05 13.572243753839377
1e-05 13.765157974515512
1e-05 13.760750291701482
1e-05 13.567847096018847
1e-05 13.389174606750249
1e-05 13.224838573630828
1e-05 13.075022552462112
1e-05 12.93994273933747
1.0000000026645087e-05 12.819375745196782
1.1243990709349509e-05 12.710466481143884
0.0030576337180582037 12.607505906178632
0.06413117017935889 12.50725373546496
0.21207365921424465 12.408889589495189
0.5049345122735082 12.313217545973554
1.0344252626836765 12.223001216745908
1.6876724679831288 12.141853184157524
2.296486619800488 12.071225243369375
2.8153077255375045 12.011388718076764
3.2408195149458363 11.962394740171373
3.572498200521447 11.924265551074743
3.809836475509658 11.897017956006668
3.9524145404190207 11.88066435819957
3.9999700000000002 11.875212314924665
3.952414540420798 11.880664358198159
3.8098364755129244 11.897017956003797
3.5724982005255077 11.924265551070322
3.2408195149489005 11.962394740165278
2.815307725535858 12.01138871806885
2.2964866197878293 12.071225243359496
1.6876724679480783 12.141853184145575
1.0344252626078987 12.223001216731902
0.5049345121427713 12.313217545958011
0.21207365902906705 12.408889589479788
0.06413116999530173 12.50725373545199
0.0030576337058565305 12.60750590617012
1.1243990710237677e-05 12.710466481139887
1.0000000026645087e-05 12.819375745195194
1e-05 12.93994273933665
1e-05 13.075022552461629
1e-05 13.224838573630551
1e-05 13.389174606750107
1e-05 13.567847096018797
1e-05 13.760750291701504
1e-05 13.765157974515564
1e-05 13.572243753839503
1e-05 13.393537732649362
1e-05 13.229145459539579
1e-05 13.079250910902033
1e-05 12.944078308541346
1.0000000015098883e-05 12.823455795082973
1.0979714362780189e-05 12.714672021411062
0.0026548228134895433 12.611992355118927
0.05637575047082431 12.512069555604628
0.19417281375618223 12.414025316645235
0.47328967142380324 12.318614136969437
0.9893853463679094 12.228514863005396
1.6380085273903982 12.147371011534187
2.2471180154680925 12.076725895220072
2.7665638012732754 12.016873649158496
3.192533159759364 11.967867426505107
3.524539902835252 11.929729088883867
3.7621033790021015 11.90247508778779
3.904814757547332 11.886117672271952
3.95241454041888 11.880664358198565
3.9048147575498313 11.886117672270498
3.762103379006909 11.902475087784827
3.524539902841889 11.9297290888793
3.1925331597663993 11.967867426498795
2.766563801277658 12.016873649150282
2.247118015464115 12.07672589520979
1.6380085273668816 12.147371011521717
0.9893853462992721 12.228514862990806
0.4732896712807027 12.318614136953528
0.19417281354620605 12.41402531662988
0.05637575028445925 12.512069555591928
0.002654822802886575 12.611992355110667
1.0979714362780189e-05 12.714672021407182
1.0000000015098883e-05 12.82345579508139
1e-05 12.944078308540508
1e-05 13.07925091090153
1e-05 13.229145459539284
1e-05 13.393537732649206
1e-05 13.57224375383944
1e-05 13.765157974515573
1e-05 13.778394533818691
1e-05 13.585447478880157
1e-05 13.406641573483572
1e-05 13.2420811023866
1e-05 13.091949679868993
1e-05 12.956489306479666
1.0000000002664509e-05 12.835656615955054
1.0408565283309996e-05 12.72713792961832
0.0016361805164261452 12.625185698147826
0.03878784771639239 12.526169245888182
0.1538770099896356 12.429083512106867
0.39618270306530307 12.334568890972012
0.8646437672236168 12.244979059104228
1.4912854898471168 12.163906737541986
2.09938311715943 12.093221827264266
2.6204873228973673 12.033324977425812
3.047778953613315 11.98428272079876
3.380755672975833 11.946117134928077
3.6189918911346335 11.918843958796659
3.762103379001079 11.90247508778682
3.809836475509017 11.897017956004627
3.7621033790053287 11.902475087785227
3.618991891143394 11.918843958793405
3.3807556729891903 11.946117134923036
3.0477789536306434 11.984282720791754
2.620487322917515 12.033324977416628
2.0993831171787303 12.09322182725267
1.4912854898554853 12.163906737527812
0.8646437671745655 12.244979059087685
0.3961827028902537 12.334568890954674
0.15387700971058518 12.429083512091264
0.03878784753157319 12.526169245876073
0.0016361805098905496 12.625185698140346
1.0408565283309996e-05 12.727137929614923
1.0000000002664509e-05 12.835656615953617
1e-05 12.956489306478863
1e-05 13.091949679868499
1e-05 13.242081102386301
1e-05 13.406641573483407
1e-05 13.58544747888009
1e-05 13.778394533818695
1e-05 13.800500516187995
1e-05 13.607499603075455
1e-05 13.428529794346025
1e-05 13.26369149957243
1e-05 13.113163353506089
1e-05 12.977200042806139
1e-05 12.855902613119667
1.0063086878119553e-05 12.747528059197684
0.0006496693794492873 12.646527615907962
0.021991148383108672 12.54887800916018
0.11187031306747504 12.45342111963015
0.3029731190480479 12.36060465655729
0.6834648859775067 12.272184890280991
1.2549324266327808 12.191405055220372
1.8545509100427984 12.120695543993003
2.3774943567571905 12.060732953830806
2.806840949502887 12.011632757885735
3.1413995756322994 11.973422247578347
3.3807556729731565 11.946117134927178
3.5245399028317808 11.92972908888194
3.5724982005193473 11.924265551071603
3.5245399028389683 11.92972908888011
3.3807556729882404 11.946117134923425
3.1413995756564286 11.9734222475725
2.806840949537638 12.011632757877543
2.3774943568036284 12.060732953819953
1.85455091010009 12.120695543979146
1.254932426686758 12.191405055203276
0.6834648859474359 12.27218489026116
0.30297311882423006 12.360604656537301
0.11187031270196796 12.453421119613393
0.021991148223919826 12.54887800914836
0.0006496693769286622 12.646527615901427
1.0063086878119553e-05 12.747528059194964
1e-05 12.855902613118456
1e-05 12.977200042805404
1e-05 13.113163353505614
1e-05 13.263691499572134
1e-05 13.428529794345858
1e-05 13.607499603075379
1e-05 13.800500516187991
1e-05 13.831543408811156
1e-05 13.638469090489224
1e-05 13.459275774927356
1e-05 13.294055976060204
1e-05 13.142975239194921
1e-05 13.006282327924303
1e-05 12.884180920230058
1.0002380163800693e-05 12.775565302514371
0.00015396892693715568 12.675551076551953
0.010693807248738064 12.579683617452577
0.07422365197669759 12.486521492432676
0.21057129932705246 12.396151096603447
0.4801178255401038 12.309699788458223
0.9494460507987464 12.229727898068957
1.5165980428201635 12.159110615366439
2.0383192093087543 12.099081441785257
2.4701257232225724 12.04990526606513
2.80684094949775 12.011632757884918
3.0477789536055413 11.984282720796996
3.1925331597514433 11.967867426502202
3.240819514940512 11.962394740167056
3.1925331597625606 11.967867426500037
3.0477789536293938 11.984282720792539
2.806840949537406 12.011632757877923
2.4701257232821368 12.049905266055237
2.038319209392815 12.099081441772013
1.5165980429286139 12.159110615349356
0.949446050886379 12.22972789804785
0.48011782547304166 12.309699788434406
0.21057129901087965 12.39615109658047
0.0742236515542282 12.486521492414104
0.010693807144192073 12.579683617440423
0.0001539689264468861 12.675551076546096
1.0002380163800693e-05 12.775565302512206
1e-05 12.884180920229012
1e-05 13.006282327923612
1e-05 13.142975239194463
1e-05 13.294055976059912
1e-05 13.459275774927187
1e-05 13.638469090489142
1e-05 13.831543408811145
1e-05 13.87161709417742
1e-05 13.678452114965303
1e-05 13.498982591845047
1e-05 13.33328878097099
1e-05 13.181514229893368
1e-05 13.043879705905347
1e-05 12.920626109013526
1.0000013762186992e-05 12.8112273943853
2.3601613452354568e-05 12.712013777024799
0.003817901965049953 12.61821749826103
0.04039307909157833 12.52779119301412
0.1299853589115569 12.440376036547677
0.30039591506553687 12.356696727422582
0.6250349506716641 12.278464871224779
1.103698368472286 12.208350695021934
1.6061606193855074 12.148335330966427
2.0383192093004223 12.099081441784506
2.377494356743738 12.060732953829211
2.6204873228813224 12.033324977423193
2.766563801257522 12.016873649154585
2.815307725525641 12.011388718071183
2.766563801273425 12.016873649151991
2.620487322916262 12.033324977417829
2.3774943568035574 12.060732953820727
2.0383192093930895 12.099081441772393
1.606160619517237 12.148335330950063
1.1036983686214574 12.208350695000776
0.6250349507244584 12.278464871199173
0.30039591485676376 12.356696727395192
0.12998535844815046 12.440376036522665
0.040393078703362534 12.527791192994425
0.0038179019241408644 12.618217498248638
2.360161343015033e-05 12.7120137770193
1.0000013762186992e-05 12.811227394383312
1e-05 12.920626109012478
1e-05 13.043879705904645
1e-05 13.181514229892903
1e-05 13.333288780970697
1e-05 13.498982591844879
1e-05 13.678452114965218
1e-05 13.871617094177408
1e-05 13.920840490306276
1e-05 13.727570690153888
1e-05 13.547781687315343
1e-05 13.381538022953333
1e-05 13.228954526791856
1e-05 13.090208430592707
1e-05 12.9655234005094
1.0000000007105357e-05 12.854786011238456
1.0257628306984726e-05 12.755806866184281
0.0006847479002467297 12.663995743772784
0.015950067431460418 12.576403768851199
0.06891521390190884 12.492267695161027
0.1711034236912802 12.41196249817213
0.3577572489345065 12.336569996772779
0.6812346834175239 12.267959870750456
1.1036983684606534 12.20835069502121
1.5165980427998254 12.159110615364957
1.8545509100167004 12.12069554399064
2.0993831171303627 12.093221827260784
2.247118015439064 12.076725895215118
2.2964866197766263 12.071225243362447
2.247118015460321 12.07672589521202
2.0993831171782253 12.09322182725433
1.854550910101151 12.120695543980347
1.5165980429297077 12.15911061535015
1.10369836862226 12.20835069500118
0.681234683521417 12.26795987072504
0.3577572488136555 12.33656999674362
0.17110342326568578 12.411962498142929
0.06891521335301164 12.492267695135515
0.015950067211206807 12.576403768832012
0.0006847478943941365 12.663995743761356
1.0257628306984726e-05 12.755806866179235
1.0000000007105357e-05 12.854786011236383
1e-05 12.965523400508236
1e-05 13.090208430591952
1e-05 13.228954526791371
1e-05 13.381538022953027
1e-05 13.547781687315167
1e-05 13.727570690153803
1e-05 13.92084049030626
1e-05 13.979355180315324
1e-05 13.785970124890381
1e-05 13.605829854707942
1e-05 13.438981340317925
1e-05 13.28550749319976
1e-05 13.145535565549235
1e-05 13.019239253380288
1e-05 12.90670411299117
1.0000319695737005e-05 12.806977683275198
4.134520437728121e-05 12.71651283420987
0.0036033540414717544 12.631585228513574
0.02880447404555439 12.550826452353073
0.08609526001438556 12.474181377551925
0.18668430640785838 12.402362878838387
0.35775724892263255 12.33656999677214
0.6250349506472826 12.278464871223369
0.9494460507638636 12.229727898066745
1.2549324265904036 12.191405055217231
1.4912854897993373 12.163906737537634
1.6380085273404115 12.147371011528174
1.687672467937868 12.141853184149213
1.6380085273649925 12.147371011524521
1.4912854898571941 12.16390673752998
1.2549324266896078 12.191405055204942
0.949446050889497 12.229727898049092
0.6250349507280154 12.278464871200004
0.35775724881711357 12.336569996744025
0.18668430601755717 12.402362878808246
0.08609525943476788 12.474181377523267
0.0288044736476198 12.550826452328902
0.0036033539911609473 12.631585228496563
4.134520425915466e-05 12.716512834200534
1.0000319695737005e-05 12.806977683270908
1e-05 12.90670411298905
1e-05 13.019239253379025
1e-05 13.145535565548435
1e-05 13.285507493199255
1e-05 13.438981340317614
1e-05 13.605829854707764
1e-05 13.785970124890296
1e-05 13.979355180315308
1e-05 14.0473220516127
1e-05 13.853815384658553
1e-05 13.673304706608944
1e-05 13.505819203327446
1e-05 13.351409881763276
1e-05 13.210154073717888
1e-05 13.082160392613645
1e-05 12.967537914184755
1.0000000008881697e-05 12.866021684632484
1.0097465949195904e-05 12.77565580404885
0.00025263433272282906 12.692833627087147
0.006909293827595286 12.615201738537277
0.03391485286997546 12.542211059625958
0.0860952600041565 12.474181377551664
0.17110342366906353 12.411962498171198
0.3003959150308339 12.356696727420765
0.48011782549307347 12.309699788455458
0.6834648859185398 12.272184890277172
0.8646437671535593 12.244979059099062
0.9893853462909189 12.228514862998358
1.0344252626040689 12.22300121673628
0.989385346302661 12.22851486299424
0.864643767182507 12.244979059090394
0.6834648859568594 12.272184890263302
0.48011782548375925 12.309699788436061
0.30039591486913375 12.35669672739637
0.1711034232774496 12.411962498143629
0.08609525944142295 12.474181377523548
0.03391485241782478 12.542211059600087
0.006909293715540265 12.615201738516733
0.00025263433069158534 12.692833627073847
1.0097465950084074e-05 12.775655804041856
1.0000000008881697e-05 12.866021684628967
1e-05 12.967537914182724
1e-05 13.082160392612378
1e-05 13.210154073717087
1e-05 13.351409881762772
1e-05 13.50581920332714
1e-05 13.673304706608768
1e-05 13.85381538465847
1e-05 14.047322051612682
1e-05 14.124917070335748
1e-05 13.931286560915431
1e-05 13.75039909729248
1e-05 13.582267211425489
1e-05 13.426912419523383
1e-05 13.284366400187308
1e-05 13.154672533339077
1e-05 13.037880205581414
1e-05 12.933941554572936
1.0000002948722867e-05 12.842125019105124
1.1019664160650678e-05 12.760084723369454
0.00043709515547830116 12.684912494081546
0.006909293827361697 12.615201738537497
0.028804474037025744 12.550826452353094
0.06891521387483966 12.492267695160407
0.1299853588685704 12.440376036546121
0.2105712992703517 12.396151096600779
0.3029731189758282 12.360604656553368
0.39618270297824604 12.334568890966477
0.4732896713246107 12.318614136961704
0.504934512157503 12.313217545963056
0.4732896712978404 12.318614136957528
0.3961827029126085 12.334568890957797
0.3029731188493964 12.360604656539728
0.2105712990364407 12.396151096582312
0.12998535847241613 12.440376036523956
0.06891521337115694 12.492267695136302
0.028804473655031575 12.55082645232928
0.006909293716325406 12.615201738516841
0.00043709515112760265 12.684912494066475
1.1019664160650678e-05 12.760084723360343
1.0000002948722867e-05 12.842125019100104
1e-05 12.933941554570021
1e-05 13.037880205579576
1e-05 13.154672533337894
1e-05 13.28436640018655
1e-05 13.426912419522903
1e-05 13.582267211425197
1e-05 13.750399097292314
1e-05 13.931286560915355
1e-05 14.124917070335735
1e-05 14.212326356987827
1e-05 14.018573663079797
1e-05 13.837314988001717
1e-05 13.668548286268562
1e-05 13.512269615449362
1e-05 13.36847204170854
1e-05 13.237143732078074
1e-05 13.118263439933072
1e-05 13.011776054934574
1e-05 12.91743110784373
1.0000018036058808e-05 12.83423865919958
1.1019664160650678e-05 12.760084723369857
0.00025263433280542884 12.692833627087872
0.0036033540416040917 12.631585228514306
0.015950067424100156 12.576403768851488
0.04039307906280519 12.527791193013542
0.07422365192255699 12.486521492431017
0.11187031299255927 12.453421119627118
0.15387700989861422 12.429083512101895
0.1941728136474334 12.414025316637789
0.21207365907317 12.408889589485087
0.19417281358441377 12.414025316634095
0.1538770097499404 12.429083512094465
0.11187031274142978 12.453421119615752
0.07422365158790137 12.486521492415807
0.04039307872472612 12.527791192995574
0.015950067219240745 12.576403768832671
0.0036033539922076547 12.631585228496855
0.00025263433070490786 12.692833627073922
1.1019664160650678e-05 12.760084723360338
1.0000018036058808e-05 12.834238659193689
1e-05 12.917431107840073
1e-05 13.011776054932184
1e-05 13.118263439931487
1e-05 13.23714373207703
1e-05 13.36847204170786
1e-05 13.51226961544893
1e-05 13.668548286268294
1e-05 13.837314988001564
1e-05 14.01857366307973
1e-05 14.212326356987814
1e-05 14.309740807201006
1e-05 14.11587101674461
1e-05 13.934257163626276
1e-05 13.764885220410624
1e-05 13.607730656090883
1e-05 13.462756199121397
1e-05 13.329908237675328
1e-05 13.209110913590289
1e-05 13.10025483811622
1e-05 13.003160406242927
1e-05 12.917431107844005
1.0000002948722867e-05 12.842125019105813
1.0097465949195904e-05 12.775655804049986
4.134520440303813e-05 12.71651283421128
0.0006847479005744643 12.663995743774096
0.003817901964546805 12.618217498261869
0.010693807240993225 12.57968361745256
0.021991148359177388 12.548878009158729
0.03878784766690047 12.526169245884684
0.05637575038740032 12.512069555598787
0.06413117005541039 12.507253735456938
0.0563757503299997 12.512069555595868
0.03878784756315961 12.526169245878995
0.021991148242759235 12.548878009150377
0.010693807152754914 12.579683617441736
0.003817901926418131 12.618217498249434
0.0006847478945859811 12.663995743761754
4.134520425915466e-05 12.71651283420066
1.0097465950084074e-05 12.775655804041852
1.0000002948722867e-05 12.84212501910008
1e-05 12.917431107840061
1e-05 13.003160406240184
1e-05 13.100254838114312
1e-05 13.209110913588981
1e-05 13.329908237674449
1e-05 13.462756199120813
1e-05 13.607730656090508
1e-05 13.764885220410392
1e-05 13.93425716362614
1e-05 14.115871016744544
1e-05 14.30974080720099
1e-05 14.417350561754494
1e-05 14.223371596604526
1e-05 14.041427158655882
1e-05 13.871493956894703
1e-05 13.713531848765722
1e-05 13.567481363450094
1e-05 13.433259903978442
1e-05 13.31075603272678
1e-05 13.199820958592031
1e-05 13.100254838116365
1e-05 13.01177605493496
1e-05 12.933941554573678
1.0000000008881697e-05 12.86602168463367
1.0000319695737005e-05 12.80697768327681
1.0257628306984726e-05 12.755806866186157
2.360161347011796e-05 12.712013777026637
0.00015396892707215745 12.675551076553264
0.0006496693796899812 12.646527615908127
0.0016361805158346242 12.625185698146401
0.002654822810246392 12.611992355115829
0.0030576337114266855 12.607505906174138
0.002654822806574699 12.611992355113854
0.0016361805114754881 12.625185698142669
0.0006496693773141277 12.646527615902944
0.00015396892648951823 12.675551076546967
2.360161343015033e-05 12.712013777019733
1.0257628306984726e-05 12.755806866179405
1.0000319695737005e-05 12.806977683270942
1.0000000008881697e-05 12.866021684628949
1e-05 12.933941554570007
1e-05 13.011776054932179
1e-05 13.100254838114312
1e-05 13.199820958590555
1e-05 13.310756032725743
1e-05 13.433259903977728
1e-05 13.567481363449614
1e-05 13.71353184876541
1e-05 13.871493956894506
1e-05 14.041427158655766
1e-05 14.223371596604467
1e-05 14.417350561754475
1e-05 14.535339629796468
1e-05 14.341261599571105
1e-05 14.159017697075415
1e-05 13.98857790021775
1e-05 13.829890984428067
1e-05 13.682882384753558
1e-05 13.547451069112059
1e-05 13.423465152510966
1e-05 13.310756032726859
1e-05 13.209110913590495
1e-05 13.118263439933468
1e-05 13.037880205582079
1e-05 12.967537914185753
1e-05 12.90670411299254
1.0000000007105357e-05 12.854786011240167
1.0000013762186992e-05 12.81122739438718
1.0002380163800693e-05 12.775565302516066
1.0063086878119553e-05 12.747528059198785
1.0408565284198166e-05 12.727137929618594
1.0979714363668359e-05 12.714672021410504
1.1243990711125847e-05 12.710466481142696
1.0979714363668359e-05 12.7146720214094
1.0408565283309996e-05 12.72713792961654
1.0063086878119553e-05 12.747528059196013
1.0002380163800693e-05 12.775565302512792
1.0000013762186992e-05 12.811227394383593
1.0000000007105357e-05 12.854786011236502
1e-05 12.906704112989091
1e-05 12.96753791418274
1e-05 13.037880205579585
1e-05 13.118263439931493
1e-05 13.20911091358899
1e-05 13.310756032725745
1e-05 13.423465152510168
1e-05 13.547451069111498
1e-05 13.682882384753178
1e-05 13.829890984427816
1e-05 13.98857790021759
1e-05 14.15901769707532
1e-05 14.341261599571054
1e-05 14.535339629796454
1e-05 14.663880931225757
1e-05 14.469715512054847
1e-05 14.287207862914475
1e-05 14.116323382964996
1e-05 13.957003524291638
1e-05 13.809164277481937
1e-05 13.672694073724251
1e-05 13.547451069112102
1e-05 13.433259903978556
1e-05 13.329908237675546
1e-05 13.237143732078438
1e-05 13.15467253333963
1e-05 13.082160392614426
1e-05 13.019239253381315
1e-05 12.965523400510655
1e-05 12.920626109014917
1e-05 12.884180920231424
1e-05 12.855902613120824
1.0000000002664509e-05 12.835656615955893
1.0000000015098883e-05 12.823455795083502
1.0000000026645087e-05 12.819375745197085
1.0000000015098883e-05 12.823455795082898
1.0000000002664509e-05 12.835656615954743
1e-05 12.855902613119232
1e-05 12.884180920229499
1e-05 12.920626109012758
1e-05 12.96552340050839
1e-05 13.019239253379112
1e-05 13.082160392612428
1e-05 13.154672533337923
1e-05 13.237143732077051
1e-05 13.329908237674465
1e-05 13.433259903977739
1e-05 13.547451069111505
1e-05 13.672694073723827
1e-05 13.80916427748164
1e-05 13.95700352429144
1e-05 14.116323382964872
1e-05 14.287207862914402
1e-05 14.469715512054814
1e-05 14.66388093122575
1e-05 14.80313195786113
1e-05 14.608891851085826
1e-05 14.42615911283288
1e-05 14.254896250650415
1e-05 14.09504026627473
1e-05 13.946501836703462
1e-05 13.809164277481964
1e-05 13.682882384753626
1e-05 13.567481363450218
1e-05 13.462756199121603
1e-05 13.368472041708857
1e-05 13.284366400187757
1e-05 13.210154073718488
1e-05 13.145535565549993
1e-05 13.090208430593602
1e-05 13.043879705906328
1e-05 13.006282327925284
1e-05 12.97720004280704
1e-05 12.956489306480439
1e-05 12.944078308541986
1e-05 12.939942739338015
1e-05 12.944078308541611
1e-05 12.956489306479716
1e-05 12.977200042806023
1e-05 13.006282327924037
1e-05 13.043879705904924
1e-05 13.090208430592128
1e-05 13.145535565548547
1e-05 13.21015407371716
1e-05 13.284366400186599
1e-05 13.368472041707895
1e-05 13.46275619912084
1e-05 13.567481363449632
1e-05 13.682882384753187
1e-05 13.809164277481647
1e-05 13.94650183670324
1e-05 14.09504026627458
1e-05 14.254896250650319
1e-05 14.426159112832826
1e-05 14.608891851085803
1e-05 14.803131957861128
1e-05 14.953231167833014
1e-05 14.758929670299633
1e-05 14.576012144087663
1e-05 14.404439426583792
1e-05 14.24414609101479
1e-05 14.095040266274744
1e-05 13.957003524291679
1e-05 13.829890984428145
1e-05 13.713531848765848
1e-05 13.607730656091071
1e-05 13.512269615449632
1e-05 13.426912419523745
1e-05 13.351409881763745
1e-05 13.28550749320033
1e-05 13.228954526792515
1e-05 13.181514229894082
1e-05 13.14297523919565
1e-05 13.113163353506785
1e-05 13.091949679869634
1e-05 13.079250910902612
1e-05 13.07502255246265
1e-05 13.079250910902367
1e-05 13.091949679869161
1e-05 13.113163353506117
1e-05 13.142975239194831
1e-05 13.181514229893159
1e-05 13.22895452679155
1e-05 13.285507493199377
1e-05 13.35140988176286
1e-05 13.426912419522962
1e-05 13.512269615448973
1e-05 13.60773065609054
1e-05 13.713531848765433
1e-05 13.82989098442783
1e-05 13.95700352429145
1e-05 14.095040266274586
1e-05 14.244146091014679
1e-05 14.404439426583721
1e-05 14.576012144087624
1e-05 14.758929670299619
1e-05 14.953231167833016
1e-05 15.114295141189734
1e-05 14.919945836979243
1e-05 14.736884555181371
1e-05 14.56507127276413
1e-05 14.404439426583805
1e-05 14.254896250650443
1e-05 14.116323382965048
1e-05 13.988577900217832
1e-05 13.871493956894826
1e-05 13.764885220410797
1e-05 13.668548286268791
1e-05 13.582267211425787
1e-05 13.50581920332782
1e-05 13.438981340318367
1e-05 13.381538022953833
1e-05 13.33328878097154
1e-05 13.29405597606077
1e-05 13.263691499572987
1e-05 13.242081102387136
1e-05 13.229145459540092
1e-05 13.224838573631327
1e-05 13.229145459539934
1e-05 13.242081102386827
1e-05 13.263691499572548
1e-05 13.29405597606023
1e-05 13.333288780970932
1e-05 13.381538022953201
1e-05 13.438981340317742
1e-05 13.505819203327233
1e-05 13.582267211425265
1e-05 13.668548286268347
1e-05 13.764885220410433
1e-05 13.871493956894534
1e-05 13.988577900217612
1e-05 14.116323382964888
1e-05 14.254896250650328
1e-05 14.404439426583727
1e-05 14.565071272764085
1e-05 14.736884555181346
1e-05 14.919945836979235
1e-05 15.11429514118974
1e-05 15.28641645363448
1e-05 15.09203302010231
1e-05 14.908869188216444
1e-05 14.73688455518138
1e-05 14.576012144087686
1e-05 14.426159112832915
1e-05 14.287207862914531
1e-05 14.159017697075498
1e-05 14.041427158656
1e-05 13.934257163626432
1e-05 13.83731498800192
1e-05 13.750399097292735
1e-05 13.673304706609255
1e-05 13.605829854708308
1e-05 13.547781687315751
1e-05 13.49898259184549
1e-05 13.459275774927821
1e-05 13.428529794346497
1e-05 13.406641573484043
1e-05 13.393537732649829
1e-05 13.38917460675072
1e-05 13.393537732649726
1e-05 13.40664157348384
1e-05 13.428529794346204
1e-05 13.459275774927468
1e-05 13.498982591845092
1e-05 13.547781687315332
1e-05 13.605829854707892
1e-05 13.673304706608867
1e-05 13.750399097292386
1e-05 13.83731498800162
1e-05 13.934257163626183
1e-05 14.0414271586558
1e-05 14.159017697075345
1e-05 14.28720786291442
1e-05 14.426159112832837
1e-05 14.576012144087633
1e-05 14.736884555181351
1e-05 14.908869188216434
1e-05 15.092033020102313
1e-05 15.286416453634493
1e-05 15.469662178200235
1e-05 15.275258288058145
1e-05 15.09203302010232
1e-05 14.919945836979263
1e-05 14.758929670299661
1e-05 14.608891851085872
1e-05 14.46971551205491
1e-05 14.34126159957119
1e-05 14.223371596604641
1e-05 14.115871016744757
1e-05 14.018573663079987
1e-05 13.931286560915664
1e-05 13.853815384658832
1e-05 13.785970124890698
1e-05 13.727570690154245
1e-05 13.678452114965685
1e-05 13.63846909048963
1e-05 13.607499603075878
1e-05 13.585447478880594
1e-05 13.572243753839945
1e-05 13.567847096019301
1e-05 13.572243753839878
1e-05 13.58544747888046
1e-05 13.607499603075688
1e-05 13.638469090489393
1e-05 13.678452114965419
1e-05 13.727570690153964
1e-05 13.785970124890424
1e-05 13.853815384658567
1e-05 13.931286560915428
1e-05 14.018573663079785
1e-05 14.115871016744592
1e-05 14.223371596604508
1e-05 14.341261599571089
1e-05 14.469715512054837
1e-05 14.60889185108582
1e-05 14.758929670299628
1e-05 14.919945836979243
1e-05 15.092033020102319
1e-05 15.275258288058156
1e-05 15.469662178200258
1e-05 15.66407288158359
1e-05 15.469662178200238
1e-05 15.28641645363449
1e-05 15.114295141189755
1e-05 14.953231167833044
1e-05 14.803131957861178
1e-05 14.66388093122582
1e-05 14.535339629796555
1e-05 14.417350561754604
1e-05 14.309740807201148
1e-05 14.21232635698801
1e-05 14.124917070335972
1e-05 14.04732205161296
1e-05 13.979355180315622
1e-05 13.92084049030661
1e-05 13.871617094177784
1e-05 13.831543408811546
1e-05 13.800500516188407
1e-05 13.778394533819123
1e-05 13.765157974516011
1e-05 13.760750291701948
1e-05 13.765157974515963
1e-05 13.778394533819027
1e-05 13.800500516188274
1e-05 13.831543408811378
1e-05 13.871617094177598
1e-05 13.920840490306414
1e-05 13.97935518031543
1e-05 14.04732205161278
1e-05 14.12491707033581
1e-05 14.212326356987871
1e-05 14.309740807201038
1e-05 14.417350561754517
1e-05 14.53533962979649
1e-05 14.663880931225775
1e-05 14.803131957861147
1e-05 14.953231167833026
1e-05 15.114295141189748
1e-05 15.286416453634498
1e-05 15.46966217820026
1e-05 15.664072881583625
