0.1 9.204493405008442
0.1 8.909496255337695
0.1 8.624503404701432
0.1 8.349514968332493
0.1 8.084531137571071
0.1 7.829552163714944
0.1 7.584578350598309
0.1 7.349610040077332
0.1 7.124647595801866
0.1 6.909691382106999
0.1 6.704741739710571
0.1 6.509798957250828
0.1 6.324863239893193
0.1 6.149934675255635
0.1 5.985013198231683
0.1 5.830098555931947
0.1 5.685190274833868
0.1 5.550287632084295
0.1 5.425389633523007
0.1 5.310495000219547
0.1 5.205602167036332
0.1 5.110709298000538
0.1 5.025814311820726
0.1 4.95091493712431
0.1 4.886008779667147
0.1 4.831093412506317
0.1 4.786166487336581
0.1 4.751225853636197
0.1 4.726269679354475
0.1 4.711296562997031
0.1 4.706305624278446
0.1 4.711296562997031
0.1 4.726269679354476
0.1 4.751225853636198
0.1 4.786166487336581
0.1 4.83109341250632
0.1 4.886008779667151
0.1 4.950914937124314
0.1 5.025814311820729
0.1 5.11070929800054
0.1 5.205602167036334
0.1 5.310495000219551
0.1 5.425389633523009
0.1 5.550287632084299
0.1 5.68519027483387
0.1 5.830098555931951
0.1 5.985013198231686
0.1 6.14993467525564
0.1 6.324863239893201
0.1 6.509798957250834
0.1 6.70474173971058
0.1 6.909691382107007
0.1 7.124647595801866
0.1 7.349610040077335
0.1 7.584578350598312
0.1 7.829552163714948
0.1 8.084531137571073
0.1 8.349514968332498
0.1 8.62450340470144
0.1 8.9094962553377
0.1 9.20449340500844
0.1 8.909496255337695
0.1 8.614499199896414
0.1 8.32950659156114
0.1 8.054518553146577
0.1 7.78953528849549
0.1 7.534557065860423
0.1 7.289584210303756
0.1 7.054617088719216
0.1 6.829656092996093
0.1 6.614701618006136
0.1 6.409754036111069
0.1 6.214813667153098
0.1 6.029880745175679
0.1 5.854955382127362
0.1 5.690037530203847
0.1 5.535126944133246
0.1 5.390223145625638
0.1 5.2553253920032965
0.1 5.130432651953792
0.1 5.01554359013216
0.1 4.9106565635148804
0.1 4.815769636613481
0.1 4.730880606563766
0.1 4.65598706053202
0.1 4.591086445483034
0.1 4.5361761652598265
0.1 4.491253699970835
0.1 4.456316735327355
0.1 4.431363295806838
0.1 4.41639186790879
0.1 4.411401500152195
0.1 4.416391867908793
0.1 4.431363295806839
0.1 4.456316735327356
0.1 4.491253699970835
0.1 4.536176165259832
0.1 4.591086445483038
0.1 4.655987060532023
0.1 4.730880606563769
0.1 4.815769636613481
0.1 4.910656563514882
0.1 5.015543590132163
0.1 5.130432651953795
0.1 5.2553253920033
0.1 5.390223145625639
0.1 5.53512694413325
0.1 5.690037530203849
0.1 5.8549553821273665
0.1 6.029880745175688
0.1 6.214813667153102
0.1 6.409754036111079
0.1 6.614701618006142
0.1 6.829656092996094
0.1 7.054617088719218
0.1 7.289584210303759
0.1 7.534557065860426
0.1 7.789535288495492
0.1 8.05451855314658
0.1 8.329506591561145
0.1 8.614499199896423
0.1 8.909496255337698
0.1 8.62450340470143
0.1 8.329506591561142
0.1 8.04451460307165
0.1 7.769527582035753
0.1 7.504545765242123
0.1 7.249569465683063
0.1 7.004599064549424
0.1 6.769634995122995
0.1 6.5446777244398735
0.1 6.329727728995757
0.1 6.1247854662098336
0.1 5.929851340410165
0.1 5.744925664623545
0.1 5.570008618424513
0.1 5.405100203695567
0.1 5.250200199822374
0.1 5.105308120909726
0.1 4.970423177471743
0.1 4.8455442451995365
0.1 4.730669844088103
0.1 4.625798132020415
0.1 4.530926912081153
0.1 4.446053664793318
0.1 4.3711755995627355
0.1 4.306289739580409
0.1 4.251393032876833
0.1 4.2064824920695925
0.1 4.1715553552578895
0.1 4.146609251776238
0.1 4.131642358048559
0.1 4.126653524413023
0.1 4.131642358048559
0.1 4.146609251776238
0.1 4.17155535525789
0.1 4.2064824920695925
0.1 4.251393032876834
0.1 4.306289739580409
0.1 4.371175599562736
0.1 4.446053664793319
0.1 4.530926912081154
0.1 4.625798132020416
0.1 4.730669844088105
0.1 4.845544245199538
0.1 4.970423177471745
0.1 5.105308120909728
0.1 5.250200199822376
0.1 5.40510020369557
0.1 5.570008618424517
0.1 5.744925664623548
0.1 5.92985134041017
0.1 6.124785466209839
0.1 6.32972772899576
0.1 6.544677724439875
0.1 6.769634995122998
0.1 7.004599064549425
0.1 7.249569465683065
0.1 7.504545765242128
0.1 7.769527582035757
0.1 8.044514603071654
0.1 8.329506591561145
0.1 8.624503404701438
0.1 8.349514968332494
0.1 8.054518553146577
0.1 7.769527582035752
0.1 7.494542231663577
0.1 7.229562794640454
0.1 6.974589659934351
0.1 6.7296233043212
0.1 6.494664274554854
0.1 6.269713166681876
0.1 6.054770598077458
0.1 5.8498371739108554
0.1 5.654913446445013
0.1 5.469999868476928
0.1 5.2950967411683845
0.1 5.1302041584412015
0.1 4.975321949878774
0.1 4.830449625344206
0.1 4.695586324227484
0.1 4.5707307734521745
0.1 4.455881256640934
0.1 4.35103559702569
0.1 4.2561911639574745
0.1 4.171344895762836
0.1 4.096493362538122
0.1 4.031632856324192
0.1 3.9767595293075133
0.1 3.9318695741083856
0.1 3.8969594353467314
0.1 3.8720260383939786
0.1 3.8570670054123157
0.1 3.8520808326052056
0.1 3.8570670054123157
0.1 3.872026038393979
0.1 3.896959435346732
0.1 3.931869574108386
0.1 3.9767595293075138
0.1 4.031632856324195
0.1 4.096493362538124
0.1 4.171344895762837
0.1 4.256191163957476
0.1 4.3510355970256915
0.1 4.455881256640936
0.1 4.5707307734521745
0.1 4.695586324227485
0.1 4.83044962534421
0.1 4.975321949878776
0.1 5.130204158441204
0.1 5.295096741168387
0.1 5.469999868476933
0.1 5.654913446445016
0.1 5.849837173910858
0.1 6.054770598077462
0.1 6.2697131666818775
0.1 6.494664274554856
0.1 6.729623304321201
0.1 6.974589659934353
0.1 7.229562794640457
0.1 7.494542231663582
0.1 7.7695275820357566
0.1 8.054518553146577
0.1 8.349514968332496
0.1 8.084531137571073
0.1 7.78953528849549
0.1 7.504545765242123
0.1 7.229562794640453
0.1 6.9645867520667775
0.1 6.709618139490902
0.1 6.4646575764063385
0.1 6.229705779825842
0.1 6.004763540511092
0.1 5.789831689962008
0.1 5.584911059794484
0.1 5.390002431319179
0.1 5.205106476595586
0.1 5.030223691160597
0.1 4.865354321086093
0.1 4.710498286973819
0.1 4.565655109173371
0.1 4.4308238384169885
0.1 4.30600299572729
0.1 4.191190526413778
0.1 4.086383773478171
0.1 3.9915794664561397
0.1 3.9067737481161933
0.1 3.831962225388442
0.1 3.7671400826650316
0.1 3.712302249952611
0.1 3.667443640391666
0.1 3.6325594507286465
0.1 3.6076454899076182
0.1 3.592698497199553
0.1 3.5877164027778132
0.1 3.5926984971995535
0.1 3.6076454899076182
0.1 3.6325594507286465
0.1 3.6674436403916664
0.1 3.7123022499526113
0.1 3.7671400826650316
0.1 3.8319622253884433
0.1 3.906773748116194
0.1 3.9915794664561406
0.1 4.086383773478172
0.1 4.19119052641378
0.1 4.30600299572729
0.1 4.430823838416989
0.1 4.565655109173373
0.1 4.71049828697382
0.1 4.865354321086095
0.1 5.030223691160599
0.1 5.205106476595587
0.1 5.390002431319181
0.1 5.584911059794486
0.1 5.78983168996201
0.1 6.004763540511094
0.1 6.229705779825846
0.1 6.46465757640634
0.1 6.709618139490903
0.1 6.964586752066779
0.1 7.229562794640456
0.1 7.504545765242126
0.1 7.789535288495491
0.1 8.084531137571073
0.1 7.829552163714943
0.1 7.534557065860423
0.1 7.249569465683062
0.1 6.974589659934351
0.1 6.709618139490902
0.1 6.4546555646370996
0.1 6.2097027557752424
0.1 5.974760671059948
0.1 5.749830379034695
0.1 5.534913019301621
0.1 5.33000975260648
0.1 5.13512169721963
0.1 4.9502498526903596
0.1 4.775395011015225
0.1 4.610557658512767
0.1 4.455737872077881
0.1 4.310935215815712
0.1 4.176148643802603
0.1 4.051376416081082
0.1 3.9366160310845686
0.1 3.831864176170129
0.1 3.737116709732096
0.1 3.6523686605221624
0.1 3.5776142865345215
0.1 3.512847182621574
0.1 3.458060490619308
0.1 3.4132472230106345
0.1 3.3784006917581895
0.1 3.3535150059600536
0.1 3.3385855559000297
0.1 3.3336094079840777
0.1 3.3385855559000293
0.1 3.3535150059600536
0.1 3.3784006917581895
0.1 3.4132472230106354
0.1 3.458060490619308
0.1 3.512847182621574
0.1 3.5776142865345224
0.1 3.652368660522163
0.1 3.737116709732097
0.1 3.83186417617013
0.1 3.936616031084569
0.1 4.051376416081082
0.1 4.176148643802603
0.1 4.3109352158157135
0.1 4.455737872077882
0.1 4.610557658512768
0.1 4.775395011015227
0.1 4.950249852690362
0.1 5.135121697219631
0.1 5.330009752606481
0.1 5.534913019301626
0.1 5.749830379034696
0.1 5.97476067105995
0.1 6.2097027557752424
0.1 6.454655564637101
0.1 6.709618139490902
0.1 6.974589659934352
0.1 7.249569465683064
0.1 7.534557065860424
0.1 7.829552163714944
0.1 7.584578350598307
0.1 7.289584210303755
0.1 7.004599064549423
0.1 6.7296233043212
0.1 6.4646575764063385
0.1 6.2097027557752424
0.1 5.964759936816132
0.1 5.72983040887799
0.1 5.504915625248558
0.1 5.290017156523234
0.1 5.085136629206721
0.1 4.89027564495611
0.1 4.705435681010419
0.1 4.530617971412909
0.1 4.365823373090477
0.1 4.211052222046029
0.1 4.066304188511408
0.1 3.931578140401952
0.1 3.806872023170818
0.1 3.692182763348303
0.1 3.5875062004827276
0.1 3.492837034031988
0.1 3.408168814237454
0.1 3.333493954669196
0.1 3.2688038439253937
0.1 3.21408908017674
0.1 3.169339898639817
0.1 3.1345468101811815
0.1 3.1097013692055424
0.1 3.0947969342981714
0.1 3.0898292731970893
0.1 3.094796934298172
0.1 3.1097013692055424
0.1 3.134546810181182
0.1 3.169339898639817
0.1 3.2140890801767394
0.1 3.2688038439253946
0.1 3.333493954669197
0.1 3.4081688142374547
0.1 3.4928370340319885
0.1 3.5875062004827285
0.1 3.6921827633483035
0.1 3.806872023170818
0.1 3.9315781404019527
0.1 4.066304188511408
0.1 4.211052222046031
0.1 4.365823373090478
0.1 4.53061797141291
0.1 4.705435681010422
0.1 4.890275644956112
0.1 5.085136629206723
0.1 5.290017156523236
0.1 5.504915625248558
0.1 5.7298304088779926
0.1 5.964759936816133
0.1 6.209702755775242
0.1 6.464657576406338
0.1 6.7296233043212
0.1 7.0045990645494225
0.1 7.289584210303756
0.1 7.584578350598309
0.1 7.349610040077331
0.1 7.0546170887192154
0.1 6.769634995122994
0.1 6.494664274554853
0.1 6.229705779825843
0.1 5.974760671059948
0.1 5.72983040887799
0.1 5.494916728873397
0.1 5.270021607654296
0.1 5.0551472085827305
0.1 4.8502958070185604
0.1 4.655469688176579
0.1 4.470671016931363
0.1 4.295901678154788
0.1 4.131163092362056
0.1 3.9764560142004854
0.1 3.831780327153069
0.1 3.69713484922462
0.1 3.572517165950456
0.1 3.457923497462124
0.1 3.3533485960729137
0.1 3.258785680573881
0.1 3.1742263657245284
0.1 3.099660641929852
0.1 3.035076904059277
0.1 2.980462178520306
0.1 2.935802675183278
0.1 2.9010847339577492
0.1 2.876296065589395
0.1 2.861426980567451
0.1 2.8564713207605723
0.1 2.861426980567451
0.1 2.8762960655893957
0.1 2.9010847339577492
0.1 2.9358026751832775
0.1 2.980462178520306
0.1 3.035076904059277
0.1 3.099660641929853
0.1 3.174226365724529
0.1 3.2587856805738813
0.1 3.3533485960729146
0.1 3.4579234974621245
0.1 3.5725171659504564
0.1 3.6971348492246205
0.1 3.831780327153069
0.1 3.976456014200486
0.1 4.131163092362056
0.1 4.295901678154788
0.1 4.470671016931365
0.1 4.655469688176582
0.1 4.8502958070185604
0.1 5.055147208582732
0.1 5.2700216076542965
0.1 5.494916728873399
0.1 5.729830408877992
0.1 5.974760671059948
0.1 6.229705779825842
0.1 6.49466427455485
0.1 6.769634995122993
0.1 7.054617088719214
0.1 7.349610040077329
0.1 7.124647595801864
0.1 6.82965609299609
0.1 6.5446777244398735
0.1 6.269713166681875
0.1 6.004763540511092
0.1 5.749830379034695
0.1 5.504915625248557
0.1 5.270021607654296
0.1 5.045151005415534
0.1 4.830306787402163
0.1 4.62549212313558
0.1 4.4307102551672335
0.1 4.2459643297898815
0.1 4.071257182399768
0.1 3.90659108244831
0.1 3.7519674483701024
0.1 3.6073865530065996
0.1 3.4728472452983463
0.1 3.3483467135203218
0.1 3.2338803083421612
0.1 3.129441426185673
0.1 3.0350214044897914
0.1 2.9506094277862887
0.1 2.8761923662340436
0.1 2.8117546649583987
0.1 2.757278421637587
0.1 2.7127440025208065
0.1 2.678131481313377
0.1 2.653422723039917
0.1 2.6386034620329015
0.1 2.6336647225584993
0.1 2.638603462032901
0.1 2.653422723039917
0.1 2.6781314813133767
0.1 2.7127440025208065
0.1 2.7572784216375865
0.1 2.811754664958398
0.1 2.8761923662340436
0.1 2.9506094277862887
0.1 3.035021404489792
0.1 3.129441426185673
0.1 3.2338803083421617
0.1 3.348346713520322
0.1 3.4728472452983463
0.1 3.6073865530066
0.1 3.7519674483701024
0.1 3.906591082448311
0.1 4.071257182399769
0.1 4.245964329789883
0.1 4.430710255167234
0.1 4.62549212313558
0.1 4.830306787402162
0.1 5.045151005415534
0.1 5.270021607654297
0.1 5.5049156252485565
0.1 5.749830379034694
0.1 6.004763540511092
0.1 6.269713166681872
0.1 6.544677724439872
0.1 6.829656092996086
0.1 7.124647595801858
0.1 6.909691382106996
0.1 6.614701618006134
0.1 6.329727728995757
0.1 6.054770598077458
0.1 5.789831689962008
0.1 5.534913019301621
0.1 5.290017156523234
0.1 5.0551472085827305
0.1 4.830306787402162
0.1 4.615499945398404
0.1 4.410731073222129
0.1 4.216004743784233
0.1 4.031325494897733
0.1 3.8566975421759864
0.1 3.6921244254964165
0.1 3.537608602186433
0.1 3.393151017768412
0.1 3.25875069773538
0.1 3.134404412910712
0.1 3.0201064521031142
0.1 2.9158484946975056
0.1 2.8216195465799667
0.1 2.737405781508929
0.1 2.663190254683972
0.1 2.5989524025859065
0.1 2.544667656604976
0.1 2.500307883991831
0.1 2.465843536741122
0.1 2.4412474062914122
0.1 2.4264983552634862
0.1 2.4215834362478956
0.1 2.426498355263486
0.1 2.4412474062914122
0.1 2.4658435367411218
0.1 2.5003078839918307
0.1 2.5446676566049753
0.1 2.5989524025859065
0.1 2.6631902546839714
0.1 2.7374057815089294
0.1 2.8216195465799667
0.1 2.9158484946975047
0.1 3.020106452103114
0.1 3.1344044129107123
0.1 3.25875069773538
0.1 3.3931510177684134
0.1 3.5376086021864332
0.1 3.692124425496418
0.1 3.8566975421759873
0.1 4.031325494897733
0.1 4.216004743784234
0.1 4.410731073222129
0.1 4.615499945398403
0.1 4.830306787402162
0.1 5.055147208582732
0.1 5.290017156523234
0.1 5.53491301930162
0.1 5.789831689962006
0.1 6.054770598077455
0.1 6.329727728995754
0.1 6.614701618006129
0.1 6.909691382106991
0.1 6.704741739710569
0.1 6.4097540361110665
0.1 6.124785466209833
0.1 5.849837173910855
0.1 5.584911059794483
0.1 5.330009752606479
0.1 5.085136629206721
0.1 4.85029580701856
0.1 4.62549212313558
0.1 4.410731073222129
0.1 4.206018701012983
0.1 4.011361414375964
0.1 3.826765712263559
0.1 3.6522378050667688
0.1 3.4877831257379652
0.1 3.333405745079135
0.1 3.189107735179299
0.1 3.054888555184351
0.1 2.9307445546114517
0.1 2.816668682354914
0.1 2.712650427817563
0.1 2.6186758574691886
0.1 2.53472756871553
0.1 2.460784178524453
0.1 2.3968192302782403
0.1 2.3427995747825388
0.1 2.2986846880077296
0.1 2.2644297398044286
0.1 2.2399929175892512
0.1 2.22534279582699
0.1 2.2204613125013877
0.1 2.22534279582699
0.1 2.239992917589251
0.1 2.2644297398044277
0.1 2.2986846880077287
0.1 2.3427995747825383
0.1 2.39681923027824
0.1 2.460784178524452
0.1 2.5347275687155295
0.1 2.6186758574691886
0.1 2.712650427817562
0.1 2.816668682354914
0.1 2.930744554611452
0.1 3.054888555184351
0.1 3.1891077351792996
0.1 3.3334057450791343
0.1 3.487783125737966
0.1 3.6522378050667696
0.1 3.8267657122635597
0.1 4.011361414375964
0.1 4.206018701012983
0.1 4.410731073222129
0.1 4.625492123135579
0.1 4.8502958070185604
0.1 5.085136629206722
0.1 5.330009752606477
0.1 5.5849110597944795
0.1 5.84983717391085
0.1 6.124785466209828
0.1 6.409754036111061
0.1 6.70474173971056
0.1 6.509798957250826
0.1 6.214813667153095
0.1 5.929851340410164
0.1 5.654913446445013
0.1 5.390002431319179
0.1 5.1351216972196285
0.1 4.890275644956109
0.1 4.655469688176579
0.1 4.430710255167233
0.1 4.216004743784233
0.1 4.011361414375964
0.1 3.816789185134008
0.1 3.632297301067858
0.1 3.4578948424382103
0.1 3.293590054976211
0.1 3.139389507218569
0.1 2.9952971302670446
0.1 2.861313257169447
0.1 2.7374338476596676
0.1 2.6236500947645234
0.1 2.519948510844291
0.1 2.4263113836015506
0.1 2.342717047941803
0.1 2.2691394622356995
0.1 2.205546265419231
0.1 2.1518944685741572
0.1 2.1081256783450995
0.1 2.074169426849945
0.1 2.04995896164892
0.1 2.035447644983708
0.1 2.0306125706727234
0.1 2.035447644983708
0.1 2.0499589616489198
0.1 2.074169426849944
0.1 2.1081256783450972
0.1 2.151894468574155
0.1 2.2055462654192306
0.1 2.2691394622356986
0.1 2.342717047941801
0.1 2.4263113836015493
0.1 2.5199485108442916
0.1 2.623650094764523
0.1 2.737433847659668
0.1 2.8613132571694466
0.1 2.9952971302670437
0.1 3.1393895072185694
0.1 3.2935900549762116
0.1 3.4578948424382108
0.1 3.6322973010678594
0.1 3.8167891851340086
0.1 4.011361414375963
0.1 4.216004743784233
0.1 4.430710255167232
0.1 4.65546968817658
0.1 4.890275644956108
0.1 5.135121697219628
0.1 5.390002431319177
0.1 5.654913446445008
0.1 5.929851340410159
0.1 6.214813667153086
0.1 6.509798957250815
0.1 6.324863239893189
0.1 6.029880745175676
0.1 5.744925664623545
0.1 5.469999868476927
0.1 5.205106476595585
0.1 4.9502498526903596
0.1 4.705435681010419
0.1 4.470671016931363
0.1 4.2459643297898815
0.1 4.031325494897733
0.1 3.826765712263559
0.1 3.632297301067858
0.1 3.447933321219687
0.1 3.273686959436148
0.1 3.109570630307641
0.1 2.9555947689860536
0.1 2.811766366441554
0.1 2.678087415704719
0.1 2.554553591679312
0.1 2.4411536102933247
0.1 2.3378696535170334
0.1 2.2446787070073735
0.1 2.1615539432207673
0.1 2.088464827511526
0.1 2.025375360806495
0.1 1.9722352733883488
0.1 1.9289617826020886
0.1 1.8954378738941464
0.1 1.8715499414871448
0.1 1.8572297502080668
0.1 1.8524567586007405
0.1 1.8572297502080666
0.1 1.871549941487144
0.1 1.895437873894145
0.1 1.9289617826020868
0.1 1.9722352733883464
0.1 2.0253753608064917
0.1 2.088464827511524
0.1 2.161553943220765
0.1 2.244678707007373
0.1 2.337869653517033
0.1 2.4411536102933242
0.1 2.5545535916793125
0.1 2.67808741570472
0.1 2.811766366441554
0.1 2.9555947689860536
0.1 3.1095706303076414
0.1 3.273686959436149
0.1 3.4479333212196877
0.1 3.632297301067859
0.1 3.826765712263559
0.1 4.031325494897733
0.1 4.2459643297898815
0.1 4.470671016931365
0.1 4.705435681010418
0.1 4.950249852690357
0.1 5.205106476595582
0.1 5.469999868476922
0.1 5.744925664623543
0.1 6.029880745175667
0.1 6.324863239893181
0.1 6.149934675255634
0.1 5.85495538212736
0.1 5.570008618424511
0.1 5.2950967411683845
0.1 5.030223691160597
0.1 4.775395011015225
0.1 4.530617971412909
0.1 4.295901678154788
0.1 4.071257182399768
0.1 3.8566975421759864
0.1 3.6522378050667688
0.1 3.4578948424382103
0.1 3.273686959436148
0.1 3.0996331740176144
0.1 2.935752056315651
0.1 2.7820600341858817
0.1 2.6385691621401053
0.1 2.505284540465482
0.1 2.3822019060580293
0.1 2.269306298471865
0.1 2.1665728900560772
0.1 2.0739704382390305
0.1 1.9914649172417165
0.1 1.9190204579984163
0.1 1.856601982271576
0.1 1.8041660762335834
0.1 1.7616035461792179
0.1 1.728705954588331
0.1 1.705262805278994
0.1 1.6911813698997529
0.1 1.6864791231252396
0.1 1.691181369899752
0.1 1.7052628052789929
0.1 1.7287059545883283
0.1 1.761603546179215
0.1 1.8041660762335796
0.1 1.8566019822715725
0.1 1.9190204579984136
0.1 1.9914649172417143
0.1 2.0739704382390283
0.1 2.1665728900560763
0.1 2.2693062984718644
0.1 2.382201906058029
0.1 2.505284540465483
0.1 2.6385691621401053
0.1 2.7820600341858817
0.1 2.9357520563156516
0.1 3.099633174017615
0.1 3.273686959436149
0.1 3.4578948424382108
0.1 3.6522378050667688
0.1 3.8566975421759864
0.1 4.071257182399768
0.1 4.295901678154788
0.1 4.530617971412908
0.1 4.775395011015224
0.1 5.030223691160595
0.1 5.29509674116838
0.1 5.570008618424507
0.1 5.854955382127352
0.1 6.149934675255623
0.1 5.985013198231682
0.1 5.690037530203846
0.1 5.405100203695565
0.1 5.130204158441201
0.1 4.865354321086093
0.1 4.610557658512767
0.1 4.365823373090477
0.1 4.131163092362056
0.1 3.90659108244831
0.1 3.692124425496416
0.1 3.4877831257379652
0.1 3.293590054976211
0.1 3.109570630307641
0.1 2.935752056315651
0.1 2.7721619274387685
0.1 2.618825952764872
0.1 2.4757646342996593
0.1 2.3429889729654048
0.1 2.2204958537635466
0.1 2.108264689039923
0.1 2.006258037268922
0.1 1.9144290877761199
0.1 1.8327306717991034
0.1 1.7611077114717406
0.1 1.6995080452967994
0.1 1.6479187497382215
0.10000000000000592 1.6062329917190836
0.10000000000098228 1.5740906698023374
0.10000000002797824 1.5511090485079273
0.10000000016378083 1.5371999737548911
0.10000000027793808 1.5325263242073095
0.10000000016378083 1.537199973754891
0.10000000002797824 1.5511090485079262
0.10000000000098228 1.5740906698023347
0.10000000000000592 1.6062329917190794
0.1 1.6479187497382166
0.1 1.6995080452967954
0.1 1.761107711471736
0.1 1.832730671799102
0.1 1.9144290877761179
0.1 2.0062580372689216
0.1 2.108264689039922
0.1 2.2204958537635466
0.1 2.342988972965405
0.1 2.4757646342996598
0.1 2.618825952764872
0.1 2.772161927438769
0.1 2.935752056315651
0.1 3.109570630307642
0.1 3.2935900549762116
0.1 3.4877831257379652
0.1 3.6921244254964156
0.1 3.906591082448309
0.1 4.131163092362057
0.1 4.365823373090475
0.1 4.610557658512765
0.1 4.865354321086091
0.1 5.130204158441195
0.1 5.405100203695563
0.1 5.690037530203838
0.1 5.985013198231672
0.1 5.830098555931948
0.1 5.535126944133247
0.1 5.250200199822374
0.1 4.975321949878775
0.1 4.710498286973818
0.1 4.455737872077881
0.1 4.211052222046029
0.1 3.9764560142004854
0.1 3.751967448370102
0.1 3.537608602186433
0.1 3.333405745079135
0.1 3.139389507218569
0.1 2.955594768986053
0.1 2.7820600341858817
0.1 2.618825952764872
0.1 2.4659325134017855
0.1 2.3234143656121056
0.1 2.191293883225935
0.1 2.0695722760089934
0.1 1.9582203977718557
0.1 1.8571728950024393
0.1 1.7663361176442391
0.1 1.6856144763538232
0.10000000000000062 1.6148720611735377
0.10000000000265809 1.5539064407940926
0.10000000129485179 1.5026978732017628
0.10000014256434829 1.4613150662470724
0.10000475756592449 1.4294001557988247
0.10004777957520018 1.406443621368355
0.1001647473053848 1.3924008133025059
0.10024049085984717 1.3876414473001897
0.1001647473053848 1.3924008133025054
0.10004777957520018 1.406443621368353
0.10000475756592449 1.4294001557988203
0.10000014256434829 1.4613150662470655
0.10000000129485179 1.502697873201756
0.10000000000265809 1.5539064407940877
0.10000000000000062 1.6148720611735314
0.1 1.6856144763538188
0.1 1.7663361176442371
0.1 1.8571728950024387
0.1 1.9582203977718557
0.1 2.0695722760089934
0.1 2.1912938832259363
0.1 2.3234143656121056
0.1 2.465932513401786
0.1 2.618825952764872
0.1 2.782060034185882
0.1 2.955594768986054
0.1 3.13938950721857
0.1 3.3334057450791343
0.1 3.5376086021864332
0.1 3.751967448370102
0.1 3.976456014200485
0.1 4.2110522220460265
0.1 4.455737872077879
0.1 4.710498286973815
0.1 4.9753219498787695
0.1 5.25020019982237
0.1 5.535126944133238
0.1 5.8300985559319365
0.1 5.685190274833869
0.1 5.390223145625638
0.1 5.105308120909726
0.1 4.830449625344206
0.1 4.56565510917337
0.1 4.310935215815712
0.1 4.066304188511408
0.1 3.8317803271530684
0.1 3.6073865530065996
0.1 3.393151017768412
0.1 3.189107735179299
0.1 2.995297130267044
0.1 2.8117663664415535
0.1 2.6385691621401053
0.1 2.475764634299659
0.1 2.323414365612105
0.1 2.1815764982265136
0.1 2.0502952065934563
0.1 1.9295833827761335
0.1 1.8193935065774411
0.1 1.7195749842611912
0.1 1.6298450083121514
0.10000000000722219 1.5498699240333809
0.10000001849485973 1.479371497594908
0.1000048684210924 1.4179961006144428
0.10019547330699986 1.3657339207117865
0.10215553758265204 1.3231731039998884
0.11021805849766697 1.2904153853300284
0.12457018925088757 1.2669037640586955
0.13763257866623985 1.2524929107882596
0.1428214067704997 1.2475939072259594
0.13763257866623535 1.2524929107882592
0.12457018925089186 1.2669037640586938
0.11021805849767492 1.2904153853300235
0.10215553758265489 1.3231731039998806
0.10019547330699924 1.3657339207117773
0.1000048684210924 1.4179961006144348
0.10000001849485973 1.4793714975949013
0.10000000000722219 1.5498699240333762
0.1 1.6298450083121507
0.1 1.7195749842611905
0.1 1.819393506577442
0.1 1.9295833827761353
0.1 2.0502952065934585
0.1 2.181576498226515
0.1 2.3234143656121056
0.1 2.4757646342996593
0.1 2.6385691621401053
0.1 2.8117663664415535
0.1 2.9952971302670437
0.1 3.1891077351792987
0.1 3.393151017768413
0.1 3.6073865530065987
0.1 3.8317803271530675
0.1 4.066304188511407
0.1 4.310935215815709
0.1 4.565655109173369
0.1 4.830449625344205
0.1 5.105308120909723
0.1 5.390223145625634
0.1 5.685190274833862
0.1 5.550287632084295
0.1 5.255325392003296
0.1 4.970423177471743
0.1 4.695586324227484
0.1 4.4308238384169885
0.1 4.176148643802602
0.1 3.931578140401952
0.1 3.6971348492246205
0.1 3.4728472452983463
0.1 3.25875069773538
0.1 3.0548885551843505
0.1 2.861313257169447
0.1 2.678087415704719
0.1 2.5052845404654818
0.1 2.3429889729654043
0.1 2.191293883225935
0.1 2.0502952065934554
0.1 1.9200759729582753
0.1 1.8006655080982845
0.1 1.6919375675537505
0.10000000000009544 1.5934219189148284
0.1000000036403258 1.504304413976171
0.10000463632943894 1.4238377232659885
0.10053022967775124 1.3518783227465172
0.11079618642975123 1.2886417827193275
0.14169432392138792 1.2342498464142162
0.17178072440239334 1.189527628908759
0.19363076133284995 1.1551312859176304
0.21221327643775767 1.1307057384290815
0.22816787700387214 1.115889819263672
0.23495842733964217 1.1108805953494842
0.22816787700387156 1.1158898192636713
0.212213276437753 1.130705738429079
0.19363076133285162 1.1551312859176253
0.17178072440242698 1.189527628908752
0.1416943239214079 1.2342498464142073
0.11079618642974776 1.2886417827193188
0.1005302296777494 1.3518783227465105
0.10000463632943894 1.423837723265984
0.1000000036403258 1.5043044139761705
0.10000000000009544 1.5934219189148289
0.1 1.6919375675537505
0.1 1.8006655080982858
0.1 1.9200759729582768
0.1 2.0502952065934585
0.1 2.1912938832259363
0.1 2.342988972965406
0.1 2.505284540465483
0.1 2.67808741570472
0.1 2.8613132571694466
0.1 3.05488855518435
0.1 3.25875069773538
0.1 3.472847245298346
0.1 3.6971348492246205
0.1 3.9315781404019505
0.1 4.176148643802601
0.1 4.430823838416988
0.1 4.69558632422748
0.1 4.970423177471742
0.1 5.255325392003295
0.1 5.550287632084292
0.1 5.425389633523007
0.1 5.130432651953792
0.1 4.8455442451995365
0.1 4.5707307734521745
0.1 4.30600299572729
0.1 4.051376416081082
0.1 3.8068720231708175
0.1 3.572517165950456
0.1 3.348346713520322
0.1 3.134404412910712
0.1 2.930744554611452
0.1 2.7374338476596676
0.1 2.554553591679312
0.1 2.3822019060580293
0.1 2.2204958537635457
0.1 2.0695722760089925
0.1 1.9295833827761328
0.1 1.8006655080982843
0.1 1.682810217931715
0.10000000000223312 1.5755278145946856
0.10000013739293459 1.4775909580840185
0.10011174266239026 1.3875533366394555
0.10602136314495729 1.304922655745453
0.1414156469941561 1.2301471084322024
0.190097589141939 1.1641144916421973
0.2451958929455096 1.1074689396438027
0.29982746648469666 1.0608074712765152
0.3418505386760835 1.0247576952724116
0.37094355960036807 0.9992949734395776
0.3908545330646922 0.9840561871910681
0.39860129982441483 0.9789596561538886
0.39085453306469065 0.9840561871910672
0.3709435596003817 0.999294973439575
0.3418505386761064 1.0247576952724058
0.29982746648472747 1.0608074712765088
0.24519589294555447 1.1074689396437944
0.19009758914197772 1.1641144916421897
0.14141564699413753 1.2301471084321949
0.10602136314494791 1.3049226557454492
0.10011174266239026 1.3875533366394557
0.10000013739293459 1.4775909580840203
0.10000000000223312 1.5755278145946887
0.1 1.6828102179317184
0.1 1.800665508098286
0.1 1.9295833827761353
0.1 2.069572276008993
0.1 2.2204958537635466
0.1 2.382201906058029
0.1 2.554553591679312
0.1 2.7374338476596676
0.1 2.9307445546114517
0.1 3.1344044129107123
0.1 3.3483467135203218
0.1 3.572517165950456
0.1 3.806872023170817
0.1 4.051376416081081
0.1 4.30600299572729
0.1 4.570730773452174
0.1 4.8455442451995365
0.1 5.130432651953791
0.1 5.425389633523006
0.1 5.310495000219548
0.1 5.015543590132161
0.1 4.730669844088102
0.1 4.455881256640935
0.1 4.191190526413778
0.1 3.9366160310845686
0.1 3.6921827633483026
0.1 3.457923497462124
0.1 3.2338803083421612
0.1 3.020106452103114
0.1 2.816668682354914
0.1 2.6236500947645234
0.1 2.4411536102933242
0.1 2.2693062984718644
0.1 2.108264689039922
0.1 1.9582203977718553
0.1 1.8193935065774396
0.1 1.6919375675537494
0.10000000000223312 1.575527814594685
0.100000451081806 1.4688014308170358
0.10048183172972179 1.369779272968411
0.11511620159953832 1.2773520519820853
0.16161407122607352 1.1915731214843792
0.23049687429749047 1.1137922629328194
0.31537123132426576 1.0453116107963947
0.4059445809315534 0.9869945018881925
0.49050486088831546 0.9393170012758449
0.5566604984489706 0.9024798167003426
0.6008856229425246 0.8764148120195727
0.6266927975871344 0.8608778074737625
0.635454936982625 0.8557105582710819
0.6266927975871414 0.8608778074737617
0.6008856229425465 0.8764148120195706
0.556660498449018 0.9024798167003385
0.49050486088834977 0.9393170012758397
0.4059445809315877 0.9869945018881867
0.3153712313243078 1.0453116107963893
0.23049687429752022 1.1137922629328136
0.16161407122603397 1.1915731214843786
0.11511620159952202 1.277352051982089
0.10048183172972404 1.3697792729684175
0.100000451081806 1.4688014308170414
0.10000000000223312 1.5755278145946896
0.1 1.6919375675537511
0.1 1.8193935065774436
0.1 1.9582203977718566
0.1 2.1082646890399226
0.1 2.2693062984718644
0.1 2.441153610293324
0.1 2.623650094764523
0.1 2.8166686823549134
0.1 3.0201064521031133
0.1 3.233880308342161
0.1 3.457923497462124
0.1 3.692182763348302
0.1 3.9366160310845673
0.1 4.191190526413777
0.1 4.455881256640934
0.1 4.730669844088103
0.1 5.015543590132162
0.1 5.3104950002195475
0.1 5.205602167036332
0.1 4.9106565635148804
0.1 4.625798132020415
0.1 4.35103559702569
0.1 4.086383773478172
0.1 3.831864176170129
0.1 3.5875062004827276
0.1 3.3533485960729137
0.1 3.129441426185673
0.1 2.915848494697505
0.1 2.7126504278175627
0.1 2.519948510844291
0.1 2.3378696535170325
0.1 2.1665728900560763
0.1 2.006258037268921
0.1 1.8571728950024375
0.1 1.7195749842611892
0.10000000000009544 1.593421918914826
0.10000013739293459 1.4775909580840167
0.10048183172972118 1.3697792729684102
0.11921672009080798 1.2683010035857878
0.1696470565304912 1.1727434468550886
0.25066946024885417 1.0841106367590025
0.36509011898423926 1.0041285567307592
0.49379870889664246 0.9344209883998108
0.6134419600634318 0.8756074935679391
0.7129008633256383 0.8277675672515411
0.7884407158015317 0.7908118028948952
0.8398941262941666 0.7645883124958024
0.8695165567975505 0.7489313464242534
0.8792104307361004 0.7437250219571824
0.8695165567975524 0.748931346424253
0.8398941262941726 0.7645883124958007
0.7884407158015636 0.7908118028948925
0.7129008633256715 0.8277675672515371
0.6134419600634449 0.875607493567934
0.4937987088966519 0.9344209883998069
0.3650901189842872 1.0041285567307565
0.25066946024883463 1.084110636759003
0.16964705653042716 1.1727434468550935
0.1192167200907721 1.2683010035857976
0.10048183172972484 1.3697792729684184
0.10000013739293459 1.477590958084023
0.10000000000009544 1.5934219189148313
0.1 1.7195749842611916
0.1 1.8571728950024387
0.1 2.006258037268921
0.1 2.166572890056077
0.1 2.3378696535170334
0.1 2.519948510844291
0.1 2.712650427817562
0.1 2.915848494697504
0.1 3.1294414261856724
0.1 3.3533485960729137
0.1 3.5875062004827267
0.1 3.831864176170128
0.1 4.08638377347817
0.1 4.351035597025689
0.1 4.625798132020413
0.1 4.910656563514879
0.1 5.205602167036331
0.1 5.110709298000538
0.1 4.8157696366134815
0.1 4.530926912081153
0.1 4.2561911639574745
0.1 3.9915794664561397
0.1 3.737116709732096
0.1 3.492837034031988
0.1 3.258785680573881
0.1 3.0350214044897914
0.1 2.821619546579966
0.1 2.6186758574691886
0.1 2.4263113836015497
0.1 2.244678707007373
0.1 2.073970438239029
0.1 1.9144290877761185
0.1 1.766336117644236
0.1 1.6298450083121496
0.1000000036403258 1.5043044139761672
0.10011174266239026 1.387553336639452
0.11511620159954689 1.2773520519820827
0.1696470565304975 1.1727434468550877
0.2555963222902592 1.074403300698328
0.38582949931681176 0.9839051474683059
0.5439176428953569 0.9032497134676813
0.6947465065791665 0.8335175480432401
0.8219389909371614 0.7748808033481348
0.9231297164748109 0.7272034612682665
0.9993955013783322 0.6903271650037817
1.052239035956451 0.664108963548854
1.0831814839271825 0.6484303270764489
1.0933607973717263 0.6432130773389279
1.0831814839271834 0.6484303270764482
1.052239035956459 0.6641089635488521
0.9993955013783449 0.6903271650037798
0.9231297164748402 0.7272034612682634
0.821938990937199 0.7748808033481307
0.6947465065791599 0.8335175480432375
0.5439176428953569 0.9032497134676826
0.3858294993167908 0.9839051474683081
0.25559632229021595 1.074403300698334
0.16964705653041146 1.1727434468550946
0.11511620159952547 1.2773520519820927
0.10011174266239087 1.387553336639458
0.1000000036403258 1.5043044139761725
0.1 1.6298450083121518
0.1 1.7663361176442383
0.1 1.9144290877761174
0.1 2.0739704382390287
0.1 2.2446787070073726
0.1 2.4263113836015493
0.1 2.6186758574691877
0.1 2.8216195465799663
0.1 3.035021404489791
0.1 3.2587856805738817
0.1 3.492837034031987
0.1 3.737116709732095
0.1 3.991579466456139
0.1 4.256191163957474
0.1 4.530926912081153
0.1 4.81576963661348
0.1 5.110709298000536
0.1 5.025814311820727
0.1 4.730880606563766
0.1 4.446053664793318
0.1 4.171344895762836
0.1 3.9067737481161937
0.1 3.6523686605221624
0.1 3.408168814237454
0.1 3.1742263657245284
0.1 2.9506094277862887
0.1 2.737405781508929
0.1 2.53472756871553
0.1 2.342717047941802
0.1 2.161553943220766
0.1 1.9914649172417151
0.1 1.8327306717991028
0.1 1.6856144763538201
0.10000000000722219 1.5498699240333789
0.10000463632943894 1.4238377232659862
0.10602136314495668 1.3049226557454492
0.16161407122608495 1.1915731214843763
0.25066946024886316 1.084110636759
0.385829499316825 0.983905147468305
0.558554851802096 0.8929764858129123
0.7322104988912995 0.8126690910610146
0.8840035081186406 0.7433954153685859
1.009023240023854 0.6851066954035422
1.1084591737163252 0.6376576054287157
1.1839169002723693 0.6009105712277168
1.2367264752743494 0.5747516737773045
1.2679424736161524 0.5590934611850593
1.2782656796377605 0.5538804042802405
1.2679424736161562 0.559093461185059
1.236726475274363 0.5747516737773036
1.1839169002723793 0.6009105712277155
1.1084591737163436 0.6376576054287137
1.0090232400238792 0.6851066954035409
0.8840035081186371 0.7433954153685847
0.7322104988912529 0.8126690910610156
0.5585548518020667 0.8929764858129143
0.38582949931676347 0.9839051474683089
0.2506694602488069 1.0841106367590059
0.16161407122599156 1.191573121484381
0.10602136314495321 1.3049226557454527
0.10000463632943894 1.4238377232659851
0.10000000000722219 1.5498699240333766
0.1 1.6856144763538194
0.1 1.8327306717991025
0.1 1.9914649172417136
0.1 2.1615539432207656
0.1 2.3427170479418002
0.1 2.5347275687155295
0.1 2.737405781508929
0.1 2.950609427786289
0.1 3.1742263657245293
0.1 3.4081688142374538
0.1 3.6523686605221624
0.1 3.9067737481161924
0.1 4.171344895762836
0.1 4.446053664793317
0.1 4.730880606563766
0.1 5.025814311820726
0.1 4.95091493712431
0.1 4.65598706053202
0.1 4.371175599562736
0.1 4.096493362538122
0.1 3.8319622253884424
0.1 3.5776142865345215
0.1 3.333493954669196
0.1 3.099660641929852
0.1 2.8761923662340436
0.1 2.6631902546839714
0.1 2.4607841785244524
0.1 2.269139462235698
0.1 2.0884648275115247
0.1 1.9190204579984154
0.1 1.7611077114717386
0.10000000000000062 1.614872061173534
0.10000001849485973 1.4793714975949046
0.10053022967775124 1.3518783227465125
0.14141564699417608 1.230147108432199
0.2304968742974935 1.1137922629328163
0.3650901189842597 1.0041285567307567
0.5439176428953757 0.9032497134676801
0.7322104988913039 0.8126690910610141
0.9037294687800976 0.732952625720745
1.050404943155907 0.664163447462164
1.1718517824868022 0.6062140906420406
1.269170634018787 0.5589884609800778
1.3435266636768568 0.5223791331822197
1.3958866732015325 0.49629717549438807
1.4269883230727725 0.4806758119989517
1.4373014552357206 0.47547340914953773
1.4269883230727736 0.4806758119989514
1.3958866732015387 0.49629717549438745
1.3435266636768626 0.5223791331822186
1.2691706340187954 0.5589884609800768
1.1718517824868133 0.6062140906420397
1.0504049431559097 0.6641634474621626
0.903729468780061 0.7329526257207442
0.732210498891251 0.8126690910610155
0.5439176428953544 0.903249713467683
0.3650901189842619 1.0041285567307572
0.23049687429748883 1.1137922629328152
0.1414156469941312 1.230147108432196
0.10053022967774981 1.3518783227465099
0.10000001849485973 1.4793714975949006
0.10000000000000062 1.6148720611735312
0.1 1.7611077114717375
0.1 1.9190204579984136
0.1 2.0884648275115234
0.1 2.2691394622356977
0.1 2.4607841785244515
0.1 2.6631902546839705
0.1 2.876192366234043
0.1 3.0996606419298525
0.1 3.333493954669197
0.1 3.577614286534521
0.1 3.831962225388442
0.1 4.096493362538121
0.1 4.371175599562734
0.1 4.655987060532017
0.1 4.950914937124308
0.1 4.886008779667149
0.1 4.591086445483034
0.1 4.306289739580409
0.1 4.031632856324193
0.1 3.7671400826650316
0.1 3.512847182621574
0.1 3.2688038439253937
0.1 3.035076904059277
0.1 2.811754664958398
0.1 2.598952402585906
0.1 2.39681923027824
0.1 2.2055462654192306
0.1 2.0253753608064935
0.1 1.856601982271575
0.1 1.6995080452967977
0.10000000000265809 1.5539064407940915
0.1000048684210924 1.4179961006144386
0.11079618642976061 1.2886417827193237
0.19009758914194186 1.1641144916421933
0.315371231324281 1.0453116107963916
0.4937987088966561 0.934420988399808
0.6947465065791806 0.8335175480432387
0.8840035081186477 0.7433954153685851
1.050404943155908 0.6641634474621637
1.1925901002649664 0.5957611878257736
1.310989700012783 0.5380933391537883
1.4064054596025068 0.49106230368997494
1.4796536211450049 0.45458047263057094
1.5314344856700908 0.428575869597913
1.5622799188980285 0.4129950853093676
1.572523777497728 0.40780519743246324
1.56227991889803 0.4129950853093673
1.531434485670093 0.4285758695979128
1.4796536211450115 0.4545804726305702
1.4064054596025028 0.49106230368997433
1.3109897000127881 0.5380933391537882
1.192590100264986 0.5957611878257727
1.0504049431559084 0.6641634474621626
0.8840035081186323 0.743395415368585
0.6947465065791559 0.8335175480432382
0.4937987088966561 0.9344209883998075
0.31537123132431816 1.0453116107963891
0.19009758914196795 1.164114491642189
0.11079618642976061 1.2886417827193182
0.1000048684210924 1.4179961006144326
0.10000000000265809 1.5539064407940852
0.1 1.6995080452967943
0.1 1.856601982271572
0.1 2.0253753608064913
0.1 2.2055462654192306
0.1 2.3968192302782394
0.1 2.598952402585906
0.1 2.8117546649583978
0.1 3.035076904059277
0.1 3.2688038439253937
0.1 3.5128471826215737
0.1 3.767140082665031
0.1 4.031632856324191
0.1 4.306289739580407
0.1 4.5910864454830325
0.1 4.886008779667146
0.1 4.831093412506317
0.1 4.53617616525983
0.1 4.251393032876834
0.1 3.9767595293075133
0.1 3.712302249952611
0.1 3.458060490619308
0.1 3.21408908017674
0.1 2.980462178520306
0.1 2.757278421637587
0.1 2.5446676566049757
0.1 2.3427995747825383
0.1 2.1518944685741563
0.1 1.972235273388348
0.1 1.8041660762335827
0.1 1.6479187497382186
0.10000000129485179 1.5026978732017604
0.10019547330699924 1.3657339207117827
0.14169432392139425 1.2342498464142129
0.24519589294552022 1.1074689396437989
0.4059445809315667 0.9869945018881896
0.6134419600634515 0.8756074935679363
0.8219389909371817 0.774880803348133
1.0090232400238652 0.6851066954035415
1.171851782486805 0.60621409064204
1.3109897000127857 0.5380933391537882
1.4271546569873517 0.4806416834065937
1.5210553458014877 0.4337678167926899
1.5933438995410605 0.39739407894378664
1.6445661553611892 0.3714583543640831
1.6751306214100474 0.355915318967739
1.6852902523190552 0.3507373984175735
1.6751306214100483 0.35591531896773887
1.6445661553611897 0.3714583543640827
1.593343899541064 0.3973940789437863
1.5210553458014875 0.4337678167926892
1.427154656987343 0.48064168340659336
1.3109897000127848 0.5380933391537881
1.1718517824868124 0.6062140906420398
1.0090232400238726 0.6851066954035406
0.8219389909372014 0.7748808033481311
0.6134419600634435 0.8756074935679329
0.4059445809315838 0.9869945018881867
0.2451958929455667 1.1074689396437931
0.14169432392139303 1.2342498464142058
0.10019547330699924 1.365733920711776
0.10000000129485179 1.5026978732017546
0.1 1.6479187497382153
0.1 1.804166076233579
0.1 1.9722352733883461
0.1 2.1518944685741563
0.1 2.342799574782537
0.1 2.544667656604975
0.1 2.7572784216375856
0.1 2.9804621785203054
0.1 3.21408908017674
0.1 3.4580604906193075
0.1 3.7123022499526104
0.1 3.9767595293075124
0.1 4.251393032876833
0.1 4.5361761652598265
0.1 4.831093412506317
0.1 4.7861664873365815
0.1 4.4912536999708355
0.1 4.2064824920695925
0.1 3.9318695741083856
0.1 3.6674436403916664
0.1 3.413247223010635
0.1 3.169339898639817
0.1 2.935802675183278
0.1 2.712744002520807
0.1 2.5003078839918307
0.1 2.298684688007729
0.1 2.1081256783450995
0.1 1.9289617826020877
0.1 1.761603546179217
0.10000000000000592 1.6062329917190827
0.10000014256434829 1.4613150662470695
0.10215553758265551 1.3231731039998855
0.17178072440239658 1.1895276289087566
0.29982746648470016 1.060807471276512
0.49050486088834544 0.9393170012758427
0.7129008633256515 0.8277675672515397
0.9231297164748217 0.7272034612682651
1.1084591737163367 0.6376576054287151
1.2691706340187905 0.5589884609800775
1.4064054596025077 0.4910623036899747
1.5210553458014888 0.4337678167926898
1.6138496646078855 0.3870134286231054
1.6853881657560057 0.35072517385193247
1.7361436577987153 0.3248458315426056
1.7664585390168484 0.3093345643802105
1.7765402816359177 0.30416686878656274
1.7664585390168481 0.30933456438021034
1.7361436577987162 0.32484583154260543
1.685388165756007 0.3507251738519321
1.6138496646078884 0.38701342862310467
1.5210553458014886 0.43376781679268894
1.406405459602503 0.4910623036899738
1.26917063401879 0.5589884609800765
1.1084591737163463 0.6376576054287134
0.9231297164748361 0.7272034612682626
0.71290086332567 0.8277675672515364
0.49050486088837364 0.9393170012758388
0.2998274664847617 1.0608074712765059
0.17178072440240516 1.1895276289087486
0.10215553758265102 1.3231731039998793
0.10000014256434829 1.4613150662470644
0.10000000000000592 1.6062329917190794
0.1 1.7616035461792134
0.1 1.9289617826020873
0.1 2.1081256783450986
0.1 2.2986846880077283
0.1 2.50030788399183
0.1 2.712744002520806
0.1 2.935802675183278
0.1 3.169339898639817
0.1 3.4132472230106337
0.1 3.667443640391666
0.1 3.9318695741083856
0.1 4.206482492069592
0.1 4.491253699970835
0.1 4.78616648733658
0.1 4.751225853636197
0.1 4.4563167353273565
0.1 4.1715553552578895
0.1 3.896959435346732
0.1 3.6325594507286465
0.1 3.3784006917581895
0.1 3.134546810181182
0.1 2.9010847339577492
0.1 2.678131481313377
0.1 2.4658435367411218
0.1 2.2644297398044277
0.1 2.074169426849944
0.1 1.8954378738941462
0.1 1.7287059545883297
0.10000000000098228 1.574090669802337
0.10000475756592449 1.4294001557988232
0.11021805849767206 1.290415385330027
0.19363076133284934 1.1551312859176288
0.34185053867610105 1.0247576952724096
0.5566604984489794 0.9024798167003415
0.7884407158015333 0.7908118028948936
0.9993955013783461 0.6903271650037808
1.1839169002723728 0.6009105712277163
1.3435266636768586 0.5223791331822193
1.479653621145007 0.4545804726305707
1.5933438995410605 0.3973940789437865
1.6853881657560057 0.3507251738519324
1.756388225967382 0.3145001099138244
1.8067919810758717 0.2886635528469613
1.8369113350869177 0.273176864752982
1.8469307250574332 0.2680171599964027
1.8369113350869182 0.2731768647529818
1.8067919810758721 0.28866355284696105
1.7563882259673826 0.31450010991382404
1.6853881657560084 0.3507251738519319
1.5933438995410638 0.3973940789437858
1.479653621145011 0.45458047263056994
1.3435266636768652 0.5223791331822181
1.1839169002723817 0.6009105712277146
0.9993955013783522 0.6903271650037787
0.7884407158015594 0.7908118028948911
0.5566604984490116 0.9024798167003373
0.34185053867611515 1.024757695272405
0.19363076133284995 1.1551312859176242
0.11021805849767431 1.290415385330023
0.10000475756592449 1.4294001557988192
0.10000000000098228 1.5740906698023343
0.1 1.7287059545883277
0.1 1.8954378738941444
0.1 2.0741694268499433
0.1 2.2644297398044273
0.1 2.4658435367411218
0.1 2.6781314813133763
0.1 2.90108473395775
0.1 3.134546810181182
0.1 3.3784006917581886
0.1 3.6325594507286456
0.1 3.89695943534673
0.1 4.1715553552578895
0.1 4.456316735327355
0.1 4.751225853636198
0.1 4.726269679354475
0.1 4.431363295806837
0.1 4.146609251776238
0.1 3.8720260383939786
0.1 3.6076454899076187
0.1 3.353515005960053
0.1 3.109701369205543
0.1 2.8762960655893957
0.1 2.653422723039917
0.1 2.441247406291412
0.1 2.239992917589251
0.1 2.04995896164892
0.1 1.8715499414871446
0.1 1.705262805278994
0.10000000002797824 1.5511090485079264
0.10004777957520018 1.4064436213683547
0.12457018925089451 1.2669037640586949
0.21221327643776258 1.130705738429081
0.3709435596003643 0.999294973439577
0.6008856229425266 0.8764148120195719
0.8398941262941707 0.7645883124958016
1.052239035956453 0.6641089635488532
1.2367264752743523 0.5747516737773041
1.3958866732015331 0.4962971754943877
1.531434485670091 0.4285758695979127
1.6445661553611888 0.37145835436408287
1.7361436577987162 0.3248458315426054
1.8067919810758724 0.2886635528469612
1.8569572628187831 0.26285655268175406
1.8869404018392353 0.24738708475987645
1.8969157222222133 0.24223302045558795
1.8869404018392355 0.24738708475987622
1.8569572628187831 0.26285655268175384
1.806791981075872 0.28866355284696094
1.7361436577987166 0.32484583154260516
1.6445661553611919 0.37145835436408225
1.531434485670095 0.428575869597912
1.3958866732015371 0.49629717549438646
1.23672647527436 0.5747516737773027
1.0522390359564708 0.6641089635488511
0.8398941262941761 0.7645883124957988
0.6008856229425312 0.8764148120195693
0.3709435596003837 0.999294973439574
0.21221327643773055 1.130705738429078
0.12457018925087024 1.2669037640586944
0.10004777957520018 1.4064436213683535
0.10000000002797824 1.5511090485079253
0.1 1.7052628052789922
0.1 1.8715499414871455
0.1 2.04995896164892
0.1 2.2399929175892495
0.1 2.4412474062914122
0.1 2.6534227230399168
0.1 2.8762960655893965
0.1 3.109701369205543
0.1 3.353515005960053
0.1 3.6076454899076187
0.1 3.872026038393978
0.1 4.146609251776238
0.1 4.43136329580684
0.1 4.726269679354475
0.1 4.711296562997031
0.1 4.416391867908795
0.1 4.131642358048559
0.1 3.8570670054123153
0.1 3.5926984971995535
0.1 3.3385855559000297
0.1 3.094796934298172
0.1 2.861426980567451
0.1 2.6386034620329006
0.1 2.426498355263486
0.1 2.22534279582699
0.1 2.035447644983708
0.1 1.8572297502080666
0.1 1.6911813698997522
0.10000000016378083 1.537199973754891
0.10016474730538541 1.392400813302506
0.13763257866623005 1.25249291078826
0.22816787700386157 1.1158898192636717
0.39085453306468587 0.984056187191068
0.6266927975871324 0.8608778074737619
0.8695165567975536 0.7489313464242531
1.083181483927178 0.6484303270764483
1.26794247361615 0.5590934611850585
1.4269883230727747 0.48067581199895093
1.562279918898033 0.41299508530936707
1.675130621410049 0.35591531896773876
1.7664585390168486 0.3093345643802104
1.8369113350869177 0.27317686475298186
1.8869404018392353 0.24738708475987636
1.916844310611165 0.2319277414225253
1.9267937513472446 0.22677701027624503
1.9168443106111657 0.23192774142252517
1.8869404018392362 0.24738708475987592
1.8369113350869184 0.27317686475298136
1.766458539016849 0.3093345643802098
1.6751306214100505 0.3559153189677381
1.562279918898035 0.41299508530936624
1.4269883230727751 0.4806758119989499
1.2679424736161509 0.5590934611850576
1.083181483927189 0.648430327076447
0.8695165567975705 0.748931346424251
0.6266927975871348 0.8608778074737592
0.3908545330646671 0.984056187191066
0.22816787700385138 1.115889819263671
0.13763257866623352 1.2524929107882592
0.10016474730538541 1.392400813302505
0.10000000016378083 1.53719997375489
0.1 1.6911813698997509
0.1 1.857229750208066
0.1 2.035447644983708
0.1 2.225342795826989
0.1 2.4264983552634853
0.1 2.6386034620329006
0.1 2.8614269805674524
0.1 3.094796934298172
0.1 3.3385855559000293
0.1 3.5926984971995535
0.1 3.8570670054123144
0.1 4.131642358048557
0.1 4.41639186790879
0.1 4.711296562997031
0.1 4.706305624278446
0.1 4.411401500152195
0.1 4.126653524413024
0.1 3.852080832605205
0.1 3.5877164027778137
0.1 3.333609407984078
0.1 3.0898292731970893
0.1 2.8564713207605723
0.1 2.6336647225584997
0.1 2.4215834362478956
0.1 2.2204613125013872
0.1 2.0306125706727234
0.1 1.8524567586007399
0.1 1.6864791231252394
0.10000000027793808 1.53252632420731
0.10024049085984656 1.3876414473001906
0.14282140677046748 1.247593907225958
0.23495842733965971 1.1108805953494834
0.3986012998244308 0.9789596561538881
0.6354549369826237 0.855710558271082
0.8792104307360943 0.7437250219571819
1.0933607973717243 0.6432130773389275
1.2782656796377587 0.55388040428024
1.4373014552357213 0.47547340914953734
1.5725237774977279 0.40780519743246274
1.685290252319057 0.3507373984175731
1.7765402816359182 0.3041668687865625
1.8469307250574332 0.2680171599964024
1.8969157222222137 0.24223302045558776
1.926793751347245 0.22677701027624494
1.9367346938775516 0.2216273797291222
1.926793751347245 0.22677701027624492
1.8969157222222137 0.2422330204555876
1.8469307250574338 0.2680171599964023
1.7765402816359215 0.304166868786562
1.6852902523190583 0.3507373984175723
1.57252377749773 0.40780519743246196
1.4373014552357255 0.4754734091495362
1.278265679637765 0.5538804042802385
1.093360797371729 0.6432130773389256
0.8792104307360915 0.7437250219571802
0.6354549369826094 0.8557105582710803
0.3986012998244016 0.9789596561538877
0.2349584273396438 1.1108805953494842
0.14282140677046523 1.2475939072259585
0.10024049085984717 1.3876414473001912
0.10000000027793808 1.5325263242073093
0.1 1.6864791231252385
0.1 1.8524567586007397
0.1 2.0306125706727225
0.1 2.220461312501387
0.1 2.421583436247896
0.1 2.633664722558499
0.1 2.8564713207605714
0.1 3.089829273197089
0.1 3.3336094079840763
0.1 3.587716402777813
0.1 3.8520808326052047
0.1 4.1266535244130225
0.1 4.411401500152192
0.1 4.7063056242784445
0.1 4.711296562997033
0.1 4.416391867908796
0.1 4.131642358048558
0.1 3.8570670054123153
0.1 3.5926984971995535
0.1 3.3385855559000297
0.1 3.094796934298172
0.1 2.861426980567451
0.1 2.6386034620329
0.1 2.4264983552634853
0.1 2.22534279582699
0.1 2.035447644983708
0.1 1.8572297502080666
0.1 1.6911813698997522
0.10000000016378083 1.537199973754891
0.10016474730538541 1.3924008133025063
0.1376325786662272 1.2524929107882603
0.22816787700384628 1.1158898192636717
0.3908545330646753 0.9840561871910671
0.6266927975871361 0.860877807473761
0.8695165567975575 0.7489313464242524
1.083181483927178 0.6484303270764478
1.2679424736161546 0.5590934611850579
1.4269883230727778 0.4806758119989506
1.562279918898033 0.4129950853093667
1.6751306214100508 0.3559153189677384
1.766458539016849 0.30933456438021006
1.8369113350869182 0.2731768647529815
1.8869404018392362 0.247387084759876
1.9168443106111657 0.2319277414225251
1.9267937513472455 0.22677701027624478
1.9168443106111661 0.2319277414225249
1.8869404018392366 0.2473870847598757
1.836911335086919 0.2731768647529811
1.7664585390168501 0.30933456438020945
1.6751306214100514 0.35591531896773776
1.5622799188980379 0.41299508530936574
1.4269883230727811 0.48067581199894915
1.2679424736161524 0.5590934611850567
1.083181483927187 0.6484303270764464
0.8695165567975782 0.7489313464242502
0.6266927975871314 0.8608778074737582
0.3908545330646658 0.9840561871910654
0.22816787700385932 1.1158898192636701
0.13763257866622025 1.2524929107882583
0.1001647473053848 1.392400813302505
0.10000000016378083 1.53719997375489
0.1 1.6911813698997507
0.1 1.8572297502080655
0.1 2.035447644983707
0.1 2.2253427958269887
0.1 2.4264983552634853
0.1 2.6386034620329006
0.1 2.861426980567452
0.1 3.0947969342981714
0.1 3.3385855559000293
0.1 3.592698497199553
0.1 3.857067005412313
0.1 4.131642358048556
0.1 4.416391867908789
0.1 4.71129656299703
0.1 4.726269679354477
0.1 4.43136329580684
0.1 4.146609251776238
0.1 3.8720260383939795
0.1 3.6076454899076187
0.1 3.353515005960053
0.1 3.109701369205543
0.1 2.876296065589395
0.1 2.653422723039917
0.1 2.4412474062914113
0.1 2.2399929175892503
0.1 2.0499589616489198
0.1 1.8715499414871446
0.1 1.7052628052789933
0.10000000002797824 1.5511090485079264
0.10004777957520018 1.4064436213683544
0.12457018925088471 1.2669037640586944
0.21221327643775686 1.1307057384290802
0.3709435596003643 0.999294973439576
0.6008856229425246 0.8764148120195709
0.8398941262941744 0.7645883124958005
1.0522390359564526 0.6641089635488522
1.2367264752743523 0.5747516737773026
1.395886673201541 0.4962971754943866
1.531434485670095 0.428575869597912
1.64456615536119 0.3714583543640821
1.736143657798718 0.32484583154260466
1.8067919810758744 0.2886635528469606
1.856957262818784 0.2628565526817535
1.8869404018392366 0.24738708475987578
1.8969157222222142 0.24223302045558742
1.8869404018392362 0.24738708475987567
1.8569572628187836 0.26285655268175334
1.8067919810758748 0.28866355284696044
1.73614365779872 0.3248458315426042
1.6445661553611943 0.3714583543640814
1.5314344856701012 0.428575869597911
1.3958866732015482 0.4962971754943848
1.2367264752743585 0.5747516737773006
1.052239035956473 0.6641089635488499
0.8398941262941905 0.7645883124957968
0.6008856229425417 0.8764148120195673
0.37094355960037717 0.9992949734395715
0.21221327643773158 1.1307057384290766
0.12457018925086963 1.266903764058692
0.10004777957520018 1.4064436213683524
0.10000000002797824 1.5511090485079244
0.1 1.705262805278992
0.1 1.8715499414871446
0.1 2.0499589616489198
0.1 2.239992917589249
0.1 2.441247406291412
0.1 2.6534227230399163
0.1 2.8762960655893965
0.1 3.109701369205543
0.1 3.3535150059600527
0.1 3.607645489907618
0.1 3.8720260383939773
0.1 4.146609251776236
0.1 4.431363295806836
0.1 4.7262696793544725
0.1 4.751225853636198
0.1 4.456316735327356
0.1 4.1715553552578895
0.1 3.896959435346732
0.1 3.632559450728647
0.1 3.3784006917581895
0.1 3.134546810181182
0.1 2.9010847339577492
0.1 2.678131481313377
0.1 2.465843536741121
0.1 2.2644297398044277
0.1 2.0741694268499438
0.1 1.8954378738941453
0.1 1.7287059545883299
0.10000000000098228 1.5740906698023363
0.10000475756592449 1.4294001557988223
0.11021805849766758 1.2904153853300253
0.19363076133285467 1.155131285917627
0.3418505386760988 1.0247576952724078
0.5566604984489869 0.902479816700339
0.7884407158015484 0.790811802894892
0.9993955013783469 0.6903271650037789
1.1839169002723795 0.6009105712277145
1.3435266636768648 0.522379133182218
1.479653621145011 0.4545804726305694
1.5933438995410643 0.39739407894378537
1.6853881657560075 0.35072517385193125
1.7563882259673853 0.3145001099138233
1.8067919810758748 0.28866355284696044
1.836911335086919 0.2731768647529811
1.846930725057434 0.26801715999640197
1.8369113350869193 0.2731768647529811
1.8067919810758755 0.2886635528469604
1.7563882259673866 0.314500109913823
1.685388165756011 0.35072517385193075
1.5933438995410656 0.3973940789437842
1.4796536211450149 0.45458047263056867
1.3435266636768788 0.5223791331822162
1.1839169002723928 0.6009105712277121
0.9993955013783702 0.6903271650037757
0.788440715801575 0.7908118028948875
0.5566604984490308 0.9024798167003334
0.3418505386761074 1.024757695272401
0.1936307613328467 1.1551312859176215
0.11021805849767859 1.2904153853300204
0.10000475756592449 1.429400155798817
0.10000000000098228 1.574090669802332
0.1 1.7287059545883268
0.1 1.8954378738941433
0.1 2.0741694268499415
0.1 2.264429739804427
0.1 2.4658435367411213
0.1 2.678131481313376
0.1 2.9010847339577492
0.1 3.1345468101811815
0.1 3.3784006917581877
0.1 3.6325594507286443
0.1 3.896959435346729
0.1 4.171555355257889
0.1 4.456316735327354
0.1 4.751225853636195
0.1 4.786166487336582
0.1 4.491253699970834
0.1 4.2064824920695925
0.1 3.931869574108386
0.1 3.6674436403916664
0.1 3.4132472230106345
0.1 3.169339898639817
0.1 2.9358026751832775
0.1 2.7127440025208065
0.1 2.5003078839918307
0.1 2.2986846880077283
0.1 2.1081256783450986
0.1 1.928961782602087
0.1 1.761603546179215
0.10000000000000592 1.606232991719081
0.10000014256434829 1.4613150662470673
0.10215553758265326 1.3231731039998822
0.17178072440241104 1.1895276289087526
0.2998274664847165 1.0608074712765088
0.4905048608883559 0.9393170012758388
0.7129008633256768 0.8277675672515363
0.9231297164748432 0.7272034612682624
1.108459173716345 0.6376576054287131
1.2691706340187974 0.5589884609800754
1.4064054596025166 0.4910623036899729
1.521055345801494 0.43376781679268833
1.6138496646078877 0.3870134286231039
1.6853881657560092 0.35072517385193097
1.73614365779872 0.3248458315426042
1.7664585390168506 0.3093345643802094
1.7765402816359215 0.30416686878656185
1.7664585390168515 0.3093345643802093
1.7361436577987193 0.32484583154260405
1.6853881657560092 0.3507251738519308
1.6138496646078926 0.3870134286231037
1.5210553458015 0.4337678167926872
1.4064054596025177 0.49106230368997156
1.2691706340188087 0.5589884609800736
1.1084591737163656 0.6376576054287102
0.9231297164748631 0.7272034612682581
0.7129008633257 0.8277675672515318
0.4905048608884107 0.9393170012758327
0.29982746648477476 1.0608074712764999
0.1717807244024298 1.189527628908743
0.10215553758265143 1.3231731039998738
0.10000014256434829 1.4613150662470602
0.10000000000000592 1.606232991719076
0.1 1.7616035461792106
0.1 1.9289617826020857
0.1 2.1081256783450963
0.1 2.298684688007727
0.1 2.5003078839918302
0.1 2.7127440025208056
0.1 2.935802675183278
0.1 3.1693398986398167
0.1 3.4132472230106323
0.1 3.667443640391665
0.1 3.9318695741083842
0.1 4.20648249206959
0.1 4.491253699970832
0.1 4.78616648733658
0.1 4.831093412506317
0.1 4.536176165259827
0.1 4.251393032876834
0.1 3.9767595293075138
0.1 3.712302249952611
0.1 3.458060490619308
0.1 3.21408908017674
0.1 2.9804621785203054
0.1 2.7572784216375865
0.1 2.5446676566049753
0.1 2.342799574782538
0.1 2.1518944685741555
0.1 1.9722352733883464
0.1 1.8041660762335803
0.1 1.6479187497382162
0.10000000129485179 1.5026978732017569
0.10019547330699924 1.3657339207117785
0.14169432392139425 1.2342498464142078
0.24519589294552716 1.1074689396437938
0.4059445809315838 0.986994501888184
0.6134419600634675 0.8756074935679319
0.8219389909372113 0.7748808033481288
1.0090232400238883 0.6851066954035389
1.171851782486815 0.6062140906420371
1.3109897000127986 0.5380933391537857
1.4271546569873614 0.48064168340659164
1.521055345801496 0.433767816792688
1.5933438995410638 0.3973940789437847
1.64456615536119 0.37145835436408137
1.675130621410051 0.3559153189677376
1.6852902523190574 0.350737398417572
1.6751306214100494 0.3559153189677374
1.6445661553611903 0.37145835436408137
1.5933438995410654 0.3973940789437843
1.5210553458014997 0.43376781679268733
1.4271546569873539 0.4806416834065906
1.3109897000128015 0.5380933391537851
1.1718517824868226 0.6062140906420352
1.0090232400238992 0.6851066954035365
0.8219389909372486 0.7748808033481246
0.6134419600634995 0.8756074935679259
0.40594458093164765 0.9869945018881775
0.2451958929456077 1.1074689396437836
0.14169432392139303 1.234249846414196
0.10019547330699924 1.3657339207117682
0.10000000129485179 1.502697873201747
0.1 1.6479187497382115
0.1 1.8041660762335758
0.1 1.972235273388344
0.1 2.1518944685741537
0.1 2.342799574782536
0.1 2.5446676566049744
0.1 2.757278421637585
0.1 2.9804621785203045
0.1 3.214089080176739
0.1 3.458060490619306
0.1 3.7123022499526095
0.1 3.9767595293075115
0.1 4.251393032876831
0.1 4.536176165259824
0.1 4.831093412506313
0.1 4.886008779667149
0.1 4.591086445483035
0.1 4.306289739580409
0.1 4.031632856324193
0.1 3.767140082665032
0.1 3.5128471826215746
0.1 3.268803843925394
0.1 3.0350769040592773
0.1 2.8117546649583978
0.1 2.598952402585906
0.1 2.3968192302782394
0.1 2.20554626541923
0.1 2.025375360806492
0.1 1.8566019822715727
0.1 1.699508045296795
0.10000000000265809 1.5539064407940868
0.1000048684210924 1.4179961006144337
0.11079618642975408 1.2886417827193175
0.19009758914196223 1.164114491642187
0.3153712313243139 1.0453116107963856
0.4937987088966683 0.9344209883998037
0.6947465065791806 0.833517548043234
0.8840035081186716 0.743395415368581
1.0504049431559246 0.6641634474621596
1.1925901002649868 0.5957611878257703
1.310989700012802 0.5380933391537854
1.4064054596025168 0.49106230368997206
1.4796536211450138 0.4545804726305688
1.5314344856700999 0.42857586959791133
1.5622799188980374 0.41299508530936574
1.5725237774977305 0.40780519743246185
1.562279918898036 0.4129950853093658
1.531434485670101 0.4285758695979112
1.4796536211450118 0.4545804726305687
1.4064054596025157 0.4910623036899717
1.3109897000127977 0.5380933391537853
1.1925901002649926 0.5957611878257693
1.0504049431559275 0.6641634474621587
0.8840035081186937 0.7433954153685792
0.6947465065792169 0.8335175480432299
0.49379870889672794 0.9344209883997971
0.3153712313243675 1.0453116107963765
0.19009758914196917 1.1641144916421766
0.11079618642974307 1.2886417827193073
0.1000048684210924 1.4179961006144237
0.10000000000265809 1.5539064407940775
0.1 1.6995080452967901
0.1 1.8566019822715683
0.1 2.0253753608064895
0.1 2.2055462654192293
0.1 2.396819230278237
0.1 2.598952402585905
0.1 2.8117546649583964
0.1 3.035076904059276
0.1 3.2688038439253937
0.1 3.512847182621573
0.1 3.76714008266503
0.1 4.031632856324189
0.1 4.3062897395804045
0.1 4.591086445483032
0.1 4.886008779667145
0.1 4.95091493712431
0.1 4.65598706053202
0.1 4.371175599562736
0.1 4.096493362538123
0.1 3.831962225388443
0.1 3.5776142865345224
0.1 3.3334939546691964
0.1 3.0996606419298525
0.1 2.8761923662340436
0.1 2.6631902546839714
0.1 2.4607841785244515
0.1 2.2691394622356973
0.1 2.0884648275115234
0.1 1.9190204579984131
0.1 1.7611077114717357
0.10000000000000062 1.614872061173531
0.10000001849485973 1.4793714975948986
0.10053022967774981 1.3518783227465063
0.14141564699416811 1.2301471084321909
0.23049687429754223 1.1137922629328092
0.36509011898430066 1.0041285567307516
0.5439176428953629 0.903249713467676
0.7322104988913039 0.8126690910610089
0.9037294687801212 0.7329526257207403
1.0504049431559312 0.6641634474621593
1.1718517824868202 0.6062140906420359
1.2691706340188038 0.5589884609800745
1.3435266636768683 0.5223791331822168
1.3958866732015467 0.4962971754943849
1.4269883230727816 0.48067581199894904
1.4373014552357262 0.47547340914953573
1.4269883230727816 0.4806758119989491
1.3958866732015458 0.49629717549438496
1.343526663676873 0.5223791331822168
1.2691706340188054 0.5589884609800739
1.171851782486811 0.606214090642036
1.050404943155926 0.6641634474621592
0.9037294687801203 0.7329526257207386
0.7322104988913006 0.8126690910610075
0.5439176428954061 0.903249713467673
0.3650901189843282 1.0041285567307452
0.23049687429753205 1.1137922629328012
0.14141564699416403 1.2301471084321818
0.10053022967774981 1.351878322746496
0.10000001849485973 1.479371497594889
0.10000000000000062 1.6148720611735237
0.1 1.7611077114717315
0.1 1.9190204579984098
0.1 2.088464827511521
0.1 2.2691394622356955
0.1 2.4607841785244498
0.1 2.6631902546839696
0.1 2.8761923662340423
0.1 3.099660641929852
0.1 3.3334939546691964
0.1 3.5776142865345206
0.1 3.8319622253884402
0.1 4.09649336253812
0.1 4.371175599562733
0.1 4.655987060532012
0.1 4.9509149371243035
0.1 5.025814311820727
0.1 4.730880606563767
0.1 4.446053664793319
0.1 4.171344895762837
0.1 3.906773748116194
0.1 3.652368660522163
0.1 3.408168814237454
0.1 3.174226365724529
0.1 2.9506094277862887
0.1 2.737405781508929
0.1 2.534727568715529
0.1 2.342717047941801
0.1 2.161553943220765
0.1 1.9914649172417132
0.1 1.8327306717991003
0.1 1.685614476353817
0.10000000000722219 1.5498699240333726
0.10000463632943894 1.4238377232659782
0.1060213631449526 1.3049226557454423
0.16161407122606253 1.1915731214843703
0.2506694602488817 1.084110636758995
0.385829499316823 0.9839051474683006
0.5585548518020818 0.892976485812907
0.7322104988913034 0.8126690910610082
0.8840035081186871 0.743395415368579
1.0090232400239074 0.6851066954035374
1.1084591737163578 0.6376576054287114
1.1839169002723904 0.600910571227713
1.236726475274357 0.5747516737773011
1.2679424736161544 0.5590934611850565
1.2782656796377634 0.5538804042802384
1.2679424736161535 0.5590934611850567
1.2367264752743556 0.5747516737773011
1.18391690027239 0.6009105712277129
1.1084591737163523 0.6376576054287109
1.0090232400238939 0.685106695403538
0.8840035081186788 0.7433954153685803
0.7322104988912793 0.8126690910610087
0.5585548518020998 0.8929764858129065
0.38582949931684174 0.9839051474682977
0.25066946024885484 1.0841106367589917
0.16161407122603744 1.191573121484366
0.10602136314494913 1.3049226557454363
0.10000463632943894 1.4238377232659714
0.10000000000722219 1.5498699240333693
0.1 1.6856144763538117
0.1 1.832730671799096
0.1 1.99146491724171
0.1 2.1615539432207638
0.1 2.3427170479417994
0.1 2.5347275687155277
0.1 2.737405781508928
0.1 2.9506094277862887
0.1 3.174226365724529
0.1 3.408168814237454
0.1 3.652368660522161
0.1 3.9067737481161915
0.1 4.171344895762832
0.1 4.4460536647933155
0.1 4.73088060656376
0.1 5.025814311820721
0.1 5.110709298000539
0.1 4.815769636613481
0.1 4.530926912081154
0.1 4.256191163957476
0.1 3.9915794664561406
0.1 3.737116709732097
0.1 3.4928370340319885
0.1 3.2587856805738813
0.1 3.035021404489792
0.1 2.8216195465799663
0.1 2.618675857469188
0.1 2.4263113836015493
0.1 2.2446787070073713
0.1 2.073970438239027
0.1 1.9144290877761156
0.1 1.766336117644234
0.1 1.6298450083121463
0.1000000036403258 1.5043044139761628
0.10011174266239026 1.3875533366394475
0.11511620159953588 1.2773520519820794
0.16964705653046142 1.1727434468550837
0.25559632229025875 1.0744033006983245
0.38582949931683075 0.9839051474682993
0.5439176428953949 0.9032497134676739
0.6947465065791928 0.8335175480432313
0.8219389909372399 0.7748808033481256
0.9231297164748661 0.7272034612682599
0.9993955013783649 0.6903271650037764
1.0522390359564635 0.66410896354885
1.0831814839271805 0.6484303270764461
1.0933607973717303 0.6432130773389254
1.0831814839271834 0.6484303270764462
1.052239035956466 0.6641089635488501
0.9993955013783605 0.6903271650037767
0.9231297164748499 0.7272034612682596
0.8219389909372217 0.7748808033481261
0.6947465065791757 0.8335175480432323
0.5439176428953788 0.9032497134676762
0.38582949931682664 0.9839051474682995
0.25559632229023654 1.0744033006983227
0.16964705653043982 1.1727434468550817
0.11511620159953016 1.2773520519820776
0.10011174266239026 1.3875533366394437
0.1000000036403258 1.5043044139761594
0.1 1.6298450083121423
0.1 1.7663361176442303
0.1 1.914429087776113
0.1 2.073970438239025
0.1 2.24467870700737
0.1 2.426311383601547
0.1 2.618675857469186
0.1 2.821619546579966
0.1 3.0350214044897914
0.1 3.2587856805738813
0.1 3.4928370340319868
0.1 3.7371167097320956
0.1 3.991579466456139
0.1 4.256191163957472
0.1 4.530926912081151
0.1 4.815769636613478
0.1 5.1107092980005335
0.1 5.205602167036334
0.1 4.910656563514882
0.1 4.625798132020415
0.1 4.3510355970256915
0.1 4.086383773478172
0.1 3.83186417617013
0.1 3.5875062004827276
0.1 3.353348596072914
0.1 3.129441426185673
0.1 2.9158484946975047
0.1 2.712650427817562
0.1 2.5199485108442903
0.1 2.337869653517033
0.1 2.1665728900560746
0.1 2.0062580372689194
0.1 1.8571728950024347
0.1 1.7195749842611856
0.10000000000009544 1.5934219189148235
0.10000013739293459 1.477590958084013
0.1004818317297224 1.3697792729684053
0.11921672009082082 1.2683010035857853
0.1696470565304553 1.1727434468550826
0.2506694602488678 1.0841106367589923
0.36509011898432453 1.0041285567307467
0.4937987088967253 0.9344209883997991
0.6134419600634932 0.8756074935679274
0.7129008633257029 0.8277675672515328
0.7884407158015685 0.7908118028948885
0.839894126294186 0.764588312495798
0.8695165567975539 0.7489313464242509
0.8792104307360873 0.74372502195718
0.8695165567975528 0.7489313464242507
0.8398941262941895 0.7645883124957976
0.788440715801565 0.7908118028948888
0.7129008633256841 0.8277675672515337
0.6134419600634775 0.8756074935679292
0.493798708896692 0.9344209883998011
0.36509011898430777 1.0041285567307496
0.2506694602488271 1.084110636758996
0.16964705653042716 1.1727434468550844
0.11921672009079391 1.2683010035857845
0.10048183172972301 1.3697792729684046
0.10000013739293459 1.4775909580840099
0.10000000000009544 1.593421918914819
0.1 1.7195749842611827
0.1 1.8571728950024322
0.1 2.006258037268917
0.1 2.1665728900560737
0.1 2.3378696535170307
0.1 2.519948510844289
0.1 2.7126504278175605
0.1 2.9158484946975034
0.1 3.1294414261856724
0.1 3.353348596072913
0.1 3.5875062004827267
0.1 3.8318641761701278
0.1 4.08638377347817
0.1 4.351035597025688
0.1 4.625798132020413
0.1 4.9106565635148804
0.1 5.205602167036331
0.1 5.310495000219551
0.1 5.015543590132163
0.1 4.730669844088105
0.1 4.455881256640936
0.1 4.191190526413779
0.1 3.9366160310845686
0.1 3.692182763348303
0.1 3.457923497462124
0.1 3.2338803083421612
0.1 3.020106452103114
0.1 2.8166686823549134
0.1 2.6236500947645225
0.1 2.4411536102933233
0.1 2.2693062984718635
0.1 2.1082646890399213
0.1 1.9582203977718533
0.1 1.819393506577438
0.1 1.6919375675537462
0.10000000000223312 1.5755278145946814
0.100000451081806 1.4688014308170319
0.1004818317297224 1.3697792729684044
0.11511620159953588 1.2773520519820776
0.16161407122605967 1.1915731214843668
0.2304968742975345 1.1137922629328034
0.31537123132435546 1.0453116107963785
0.40594458093161845 0.9869945018881787
0.4905048608883963 0.9393170012758341
0.5566604984490259 0.9024798167003347
0.6008856229425524 0.8764148120195677
0.6266927975871288 0.8608778074737597
0.635454936982609 0.8557105582710804
0.6266927975871244 0.8608778074737601
0.6008856229425421 0.8764148120195675
0.5566604984490249 0.902479816700335
0.4905048608884056 0.9393170012758348
0.40594458093161845 0.98699450188818
0.31537123132433265 1.0453116107963818
0.2304968742975137 1.1137922629328063
0.16161407122602706 1.1915731214843714
0.11511620159953302 1.2773520519820827
0.10048183172972301 1.3697792729684073
0.100000451081806 1.4688014308170312
0.10000000000223312 1.5755278145946803
0.1 1.691937567553744
0.1 1.8193935065774351
0.1 1.958220397771852
0.1 2.108264689039919
0.1 2.269306298471862
0.1 2.4411536102933225
0.1 2.623650094764522
0.1 2.8166686823549125
0.1 3.0201064521031125
0.1 3.2338803083421603
0.1 3.457923497462124
0.1 3.692182763348302
0.1 3.9366160310845673
0.1 4.191190526413776
0.1 4.455881256640934
0.1 4.730669844088103
0.1 5.015543590132161
0.1 5.310495000219548
0.1 5.425389633523009
0.1 5.130432651953795
0.1 4.845544245199538
0.1 4.5707307734521745
0.1 4.30600299572729
0.1 4.051376416081082
0.1 3.806872023170818
0.1 3.572517165950456
0.1 3.348346713520322
0.1 3.1344044129107123
0.1 2.9307445546114517
0.1 2.737433847659667
0.1 2.5545535916793107
0.1 2.382201906058028
0.1 2.220495853763545
0.1 2.0695722760089916
0.1 1.929583382776131
0.1 1.80066550809828
0.1 1.6828102179317126
0.10000000000223312 1.5755278145946807
0.10000013739293459 1.4775909580840112
0.10011174266239026 1.3875533366394444
0.10602136314494974 1.304922655745437
0.1414156469941738 1.2301471084321838
0.19009758914195735 1.1641144916421793
0.24519589294556118 1.1074689396437876
0.29982746648473746 1.060807471276502
0.3418505386761233 1.0247576952724018
0.3709435596003817 0.999294973439572
0.3908545330646773 0.9840561871910662
0.3986012998243984 0.9789596561538876
0.3908545330646698 0.9840561871910665
0.37094355960038317 0.9992949734395722
0.3418505386761282 1.0247576952724018
0.29982746648475067 1.060807471276502
0.24519589294556118 1.1074689396437882
0.19009758914197306 1.1641144916421824
0.14141564699414955 1.2301471084321878
0.10602136314495035 1.3049226557454416
0.10011174266239026 1.3875533366394486
0.10000013739293459 1.477590958084014
0.10000000000223312 1.5755278145946825
0.1 1.6828102179317124
0.1 1.8006655080982807
0.1 1.92958338277613
0.1 2.0695722760089903
0.1 2.220495853763545
0.1 2.3822019060580266
0.1 2.5545535916793103
0.1 2.7374338476596662
0.1 2.930744554611451
0.1 3.134404412910712
0.1 3.3483467135203204
0.1 3.5725171659504555
0.1 3.806872023170816
0.1 4.051376416081081
0.1 4.306002995727289
0.1 4.570730773452173
0.1 4.8455442451995365
0.1 5.13043265195379
0.1 5.425389633523005
0.1 5.550287632084299
0.1 5.2553253920033
0.1 4.970423177471745
0.1 4.695586324227485
0.1 4.430823838416989
0.1 4.176148643802603
0.1 3.9315781404019523
0.1 3.69713484922462
0.1 3.4728472452983463
0.1 3.25875069773538
0.1 3.0548885551843505
0.1 2.861313257169446
0.1 2.678087415704718
0.1 2.505284540465481
0.1 2.3429889729654034
0.1 2.191293883225933
0.1 2.050295206593454
0.1 1.920075972958273
0.1 1.8006655080982799
0.1 1.6919375675537454
0.10000000000009544 1.5934219189148204
0.1000000036403258 1.5043044139761594
0.10000463632943894 1.423837723265973
0.1005302296777494 1.351878322746499
0.11079618642974898 1.288641782719311
0.14169432392140524 1.2342498464142002
0.17178072440243042 1.189527628908746
0.19363076133285057 1.1551312859176213
0.2122132764377487 1.1307057384290766
0.2281678770038587 1.1158898192636706
0.23495842733961872 1.1108805953494845
0.22816787700385463 1.1158898192636715
0.21221327643774626 1.1307057384290764
0.19363076133285362 1.1551312859176213
0.17178072440243147 1.1895276289087457
0.1416943239214173 1.2342498464142002
0.11079618642974776 1.2886417827193117
0.1005302296777494 1.3518783227465023
0.10000463632943894 1.4238377232659771
0.1000000036403258 1.5043044139761632
0.10000000000009544 1.5934219189148235
0.1 1.6919375675537462
0.1 1.8006655080982807
0.1 1.9200759729582726
0.1 2.050295206593455
0.1 2.191293883225933
0.1 2.342988972965402
0.1 2.505284540465481
0.1 2.6780874157047165
0.1 2.8613132571694453
0.1 3.05488855518435
0.1 3.2587506977353793
0.1 3.4728472452983454
0.1 3.6971348492246197
0.1 3.9315781404019505
0.1 4.1761486438026
0.1 4.430823838416988
0.1 4.69558632422748
0.1 4.970423177471742
0.1 5.255325392003296
0.1 5.550287632084293
0.1 5.68519027483387
0.1 5.39022314562564
0.1 5.105308120909728
0.1 4.83044962534421
0.1 4.565655109173373
0.1 4.3109352158157135
0.1 4.066304188511408
0.1 3.831780327153069
0.1 3.6073865530066
0.1 3.393151017768412
0.1 3.1891077351792987
0.1 2.9952971302670437
0.1 2.8117663664415526
0.1 2.6385691621401044
0.1 2.4757646342996584
0.1 2.323414365612104
0.1 2.1815764982265113
0.1 2.050295206593454
0.1 1.9295833827761297
0.1 1.8193935065774363
0.1 1.719574984261183
0.1 1.629845008312143
0.10000000000722219 1.5498699240333693
0.10000001849485973 1.4793714975948926
0.1000048684210924 1.4179961006144268
0.10019547330699924 1.3657339207117711
0.10215553758265143 1.3231731039998749
0.11021805849767431 1.2904153853300202
0.12457018925088471 1.2669037640586915
0.13763257866623005 1.252492910788259
0.14282140677048197 1.2475939072259603
0.13763257866623657 1.2524929107882596
0.12457018925088065 1.2669037640586922
0.11021805849767492 1.2904153853300198
0.10215553758265204 1.3231731039998744
0.10019547330699924 1.3657339207117707
0.1000048684210924 1.417996100614428
0.10000001849485973 1.4793714975948946
0.10000000000722219 1.5498699240333713
0.1 1.6298450083121458
0.1 1.7195749842611852
0.1 1.819393506577437
0.1 1.929583382776131
0.1 2.050295206593455
0.1 2.181576498226513
0.1 2.323414365612103
0.1 2.475764634299657
0.1 2.6385691621401035
0.1 2.811766366441553
0.1 2.9952971302670433
0.1 3.1891077351792982
0.1 3.393151017768411
0.1 3.607386553006599
0.1 3.831780327153067
0.1 4.066304188511407
0.1 4.31093521581571
0.1 4.5656551091733695
0.1 4.830449625344204
0.1 5.105308120909723
0.1 5.390223145625634
0.1 5.685190274833862
0.1 5.83009855593195
0.1 5.535126944133249
0.1 5.250200199822376
0.1 4.975321949878775
0.1 4.710498286973821
0.1 4.455737872077882
0.1 4.211052222046031
0.1 3.9764560142004854
0.1 3.7519674483701024
0.1 3.537608602186433
0.1 3.333405745079135
0.1 3.1393895072185685
0.1 2.9555947689860527
0.1 2.782060034185881
0.1 2.6188259527648703
0.1 2.465932513401784
0.1 2.3234143656121033
0.1 2.1912938832259323
0.1 2.0695722760089907
0.1 1.9582203977718522
0.1 1.8571728950024327
0.1 1.76633611764423
0.1 1.6856144763538128
0.10000000000000062 1.614872061173526
0.10000000000265809 1.5539064407940808
0.10000000129485179 1.5026978732017504
0.10000014256434829 1.461315066247062
0.10000475756592449 1.4294001557988172
0.10004777957520018 1.4064436213683515
0.10016474730538541 1.3924008133025054
0.10024049085984717 1.387641447300191
0.1001647473053848 1.3924008133025059
0.10004777957520018 1.406443621368352
0.10000475756592449 1.4294001557988172
0.10000014256434829 1.4613150662470615
0.10000000129485179 1.5026978732017495
0.10000000000265809 1.5539064407940812
0.10000000000000062 1.614872061173527
0.1 1.6856144763538143
0.1 1.766336117644233
0.1 1.8571728950024349
0.1 1.9582203977718535
0.1 2.0695722760089907
0.1 2.191293883225933
0.1 2.3234143656121033
0.1 2.465932513401784
0.1 2.6188259527648707
0.1 2.782060034185881
0.1 2.955594768986054
0.1 3.139389507218569
0.1 3.333405745079134
0.1 3.537608602186433
0.1 3.751967448370101
0.1 3.9764560142004846
0.1 4.2110522220460265
0.1 4.455737872077879
0.1 4.710498286973816
0.1 4.9753219498787695
0.1 5.25020019982237
0.1 5.535126944133238
0.1 5.830098555931937
0.1 5.985013198231685
0.1 5.690037530203848
0.1 5.405100203695569
0.1 5.130204158441202
0.1 4.865354321086095
0.1 4.610557658512769
0.1 4.365823373090477
0.1 4.131163092362056
0.1 3.9065910824483105
0.1 3.692124425496417
0.1 3.4877831257379657
0.1 3.2935900549762116
0.1 3.109570630307641
0.1 2.9357520563156503
0.1 2.7721619274387677
0.1 2.618825952764871
0.1 2.475764634299658
0.1 2.3429889729654025
0.1 2.2204958537635453
0.1 2.108264689039921
0.1 2.0062580372689176
0.1 1.914429087776114
0.1 1.8327306717990972
0.1 1.7611077114717322
0.1 1.6995080452967921
0.1 1.6479187497382122
0.10000000000000592 1.6062329917190765
0.10000000000098228 1.574090669802333
0.10000000002797824 1.551109048507925
0.10000000016378083 1.5371999737548905
0.10000000027793808 1.5325263242073102
0.10000000016378083 1.537199973754891
0.10000000002797824 1.551109048507925
0.10000000000098228 1.5740906698023323
0.10000000000000592 1.606232991719076
0.1 1.647918749738211
0.1 1.6995080452967914
0.1 1.761107711471733
0.1 1.832730671799098
0.1 1.9144290877761154
0.1 2.006258037268919
0.1 2.10826468903992
0.1 2.2204958537635457
0.1 2.342988972965403
0.1 2.475764634299658
0.1 2.6188259527648707
0.1 2.7721619274387677
0.1 2.9357520563156503
0.1 3.1095706303076414
0.1 3.293590054976212
0.1 3.487783125737965
0.1 3.6921244254964156
0.1 3.906591082448309
0.1 4.131163092362057
0.1 4.365823373090476
0.1 4.610557658512765
0.1 4.86535432108609
0.1 5.130204158441196
0.1 5.405100203695563
0.1 5.690037530203838
0.1 5.9850131982316706
0.1 6.149934675255638
0.1 5.854955382127366
0.1 5.570008618424515
0.1 5.295096741168386
0.1 5.030223691160599
0.1 4.775395011015227
0.1 4.53061797141291
0.1 4.295901678154788
0.1 4.071257182399769
0.1 3.856697542175987
0.1 3.652237805066769
0.1 3.4578948424382103
0.1 3.2736869594361484
0.1 3.099633174017614
0.1 2.9357520563156503
0.1 2.782060034185881
0.1 2.638569162140104
0.1 2.505284540465481
0.1 2.382201906058027
0.1 2.2693062984718626
0.1 2.166572890056074
0.1 2.0739704382390256
0.1 1.9914649172417114
0.1 1.9190204579984105
0.1 1.8566019822715696
0.1 1.8041660762335772
0.1 1.7616035461792119
0.1 1.7287059545883274
0.1 1.7052628052789927
0.1 1.6911813698997509
0.1 1.6864791231252392
0.1 1.691181369899751
0.1 1.7052628052789935
0.1 1.7287059545883268
0.1 1.7616035461792117
0.1 1.8041660762335772
0.1 1.8566019822715694
0.1 1.9190204579984107
0.1 1.9914649172417114
0.1 2.0739704382390265
0.1 2.166572890056074
0.1 2.2693062984718626
0.1 2.3822019060580275
0.1 2.5052845404654813
0.1 2.638569162140104
0.1 2.7820600341858817
0.1 2.9357520563156503
0.1 3.099633174017613
0.1 3.273686959436149
0.1 3.4578948424382108
0.1 3.6522378050667688
0.1 3.8566975421759864
0.1 4.071257182399767
0.1 4.295901678154788
0.1 4.530617971412908
0.1 4.775395011015223
0.1 5.030223691160596
0.1 5.295096741168381
0.1 5.570008618424509
0.1 5.854955382127352
0.1 6.149934675255622
0.1 6.324863239893197
0.1 6.029880745175683
0.1 5.744925664623547
0.1 5.469999868476931
0.1 5.205106476595588
0.1 4.950249852690361
0.1 4.705435681010422
0.1 4.470671016931365
0.1 4.245964329789883
0.1 4.031325494897734
0.1 3.8267657122635597
0.1 3.632297301067859
0.1 3.447933321219687
0.1 3.273686959436149
0.1 3.109570630307641
0.1 2.9555947689860536
0.1 2.8117663664415526
0.1 2.6780874157047174
0.1 2.5545535916793107
0.1 2.4411536102933225
0.1 2.337869653517031
0.1 2.244678707007371
0.1 2.1615539432207638
0.1 2.0884648275115216
0.1 2.02537536080649
0.1 1.972235273388344
0.1 1.9289617826020857
0.1 1.8954378738941435
0.1 1.871549941487144
0.1 1.8572297502080657
0.1 1.8524567586007397
0.1 1.8572297502080655
0.1 1.8715499414871437
0.1 1.8954378738941433
0.1 1.9289617826020862
0.1 1.9722352733883444
0.1 2.02537536080649
0.1 2.088464827511522
0.1 2.161553943220764
0.1 2.2446787070073713
0.1 2.3378696535170316
0.1 2.441153610293323
0.1 2.5545535916793107
0.1 2.6780874157047174
0.1 2.811766366441553
0.1 2.955594768986054
0.1 3.1095706303076414
0.1 3.273686959436149
0.1 3.447933321219687
0.1 3.6322973010678585
0.1 3.8267657122635597
0.1 4.031325494897733
0.1 4.245964329789883
0.1 4.470671016931365
0.1 4.705435681010418
0.1 4.950249852690357
0.1 5.205106476595583
0.1 5.469999868476923
0.1 5.744925664623544
0.1 6.029880745175666
0.1 6.324863239893182
0.1 6.5097989572508315
0.1 6.214813667153103
0.1 5.92985134041017
0.1 5.654913446445017
0.1 5.390002431319181
0.1 5.135121697219631
0.1 4.890275644956111
0.1 4.655469688176581
0.1 4.4307102551672335
0.1 4.216004743784234
0.1 4.011361414375964
0.1 3.8167891851340086
0.1 3.6322973010678585
0.1 3.4578948424382108
0.1 3.2935900549762116
0.1 3.139389507218569
0.1 2.9952971302670433
0.1 2.8613132571694457
0.1 2.7374338476596662
0.1 2.623650094764522
0.1 2.51994851084429
0.1 2.4263113836015475
0.1 2.3427170479417994
0.1 2.2691394622356955
0.1 2.205546265419229
0.1 2.1518944685741546
0.1 2.1081256783450963
0.1 2.0741694268499424
0.1 2.0499589616489184
0.1 2.035447644983707
0.1 2.0306125706727225
0.1 2.035447644983707
0.1 2.049958961648919
0.1 2.0741694268499424
0.1 2.1081256783450963
0.1 2.1518944685741546
0.1 2.2055462654192293
0.1 2.2691394622356964
0.1 2.3427170479418
0.1 2.4263113836015484
0.1 2.51994851084429
0.1 2.6236500947645225
0.1 2.7374338476596667
0.1 2.8613132571694457
0.1 2.9952971302670433
0.1 3.139389507218569
0.1 3.293590054976212
0.1 3.4578948424382108
0.1 3.6322973010678585
0.1 3.8167891851340086
0.1 4.011361414375963
0.1 4.216004743784233
0.1 4.430710255167233
0.1 4.65546968817658
0.1 4.89027564495611
0.1 5.1351216972196285
0.1 5.390002431319176
0.1 5.654913446445008
0.1 5.92985134041016
0.1 6.214813667153086
0.1 6.509798957250816
0.1 6.70474173971058
0.1 6.409754036111076
0.1 6.124785466209838
0.1 5.849837173910858
0.1 5.584911059794486
0.1 5.330009752606482
0.1 5.085136629206723
0.1 4.8502958070185604
0.1 4.62549212313558
0.1 4.410731073222129
0.1 4.206018701012983
0.1 4.011361414375964
0.1 3.8267657122635597
0.1 3.6522378050667683
0.1 3.4877831257379652
0.1 3.3334057450791343
0.1 3.189107735179298
0.1 3.0548885551843497
0.1 2.9307445546114512
0.1 2.8166686823549125
0.1 2.712650427817561
0.1 2.618675857469187
0.1 2.5347275687155277
0.1 2.4607841785244506
0.1 2.3968192302782376
0.1 2.3427995747825365
0.1 2.2986846880077274
0.1 2.2644297398044273
0.1 2.23999291758925
0.1 2.225342795826989
0.1 2.220461312501387
0.1 2.225342795826989
0.1 2.23999291758925
0.1 2.264429739804427
0.1 2.2986846880077274
0.1 2.3427995747825365
0.1 2.3968192302782376
0.1 2.460784178524451
0.1 2.5347275687155286
0.1 2.618675857469187
0.1 2.712650427817561
0.1 2.816668682354913
0.1 2.9307445546114512
0.1 3.0548885551843505
0.1 3.1891077351792982
0.1 3.333405745079134
0.1 3.487783125737965
0.1 3.6522378050667688
0.1 3.8267657122635597
0.1 4.011361414375963
0.1 4.206018701012981
0.1 4.410731073222129
0.1 4.625492123135579
0.1 4.8502958070185604
0.1 5.085136629206722
0.1 5.330009752606477
0.1 5.58491105979448
0.1 5.849837173910851
0.1 6.1247854662098264
0.1 6.409754036111062
0.1 6.7047417397105615
0.1 6.909691382107007
0.1 6.614701618006143
0.1 6.329727728995762
0.1 6.054770598077463
0.1 5.789831689962011
0.1 5.534913019301625
0.1 5.290017156523236
0.1 5.055147208582731
0.1 4.830306787402163
0.1 4.615499945398404
0.1 4.41073107322213
0.1 4.216004743784234
0.1 4.031325494897732
0.1 3.8566975421759864
0.1 3.692124425496415
0.1 3.5376086021864332
0.1 3.393151017768411
0.1 3.258750697735379
0.1 3.134404412910712
0.1 3.020106452103112
0.1 2.9158484946975034
0.1 2.8216195465799654
0.1 2.737405781508928
0.1 2.6631902546839696
0.1 2.598952402585905
0.1 2.544667656604975
0.1 2.50030788399183
0.1 2.465843536741121
0.1 2.4412474062914122
0.1 2.426498355263486
0.1 2.421583436247896
0.1 2.426498355263486
0.1 2.4412474062914122
0.1 2.465843536741121
0.1 2.5003078839918302
0.1 2.5446676566049744
0.1 2.598952402585905
0.1 2.6631902546839705
0.1 2.7374057815089285
0.1 2.821619546579966
0.1 2.9158484946975034
0.1 3.020106452103113
0.1 3.1344044129107123
0.1 3.2587506977353797
0.1 3.3931510177684117
0.1 3.5376086021864324
0.1 3.692124425496416
0.1 3.8566975421759864
0.1 4.031325494897733
0.1 4.216004743784233
0.1 4.410731073222129
0.1 4.615499945398403
0.1 4.8303067874021615
0.1 5.055147208582731
0.1 5.290017156523236
0.1 5.53491301930162
0.1 5.789831689962006
0.1 6.054770598077455
0.1 6.3297277289957545
0.1 6.614701618006131
0.1 6.909691382106992
0.1 7.12464759580187
0.1 6.829656092996096
0.1 6.544677724439876
0.1 6.269713166681877
0.1 6.004763540511095
0.1 5.749830379034697
0.1 5.504915625248558
0.1 5.2700216076542965
0.1 5.045151005415534
0.1 4.830306787402163
0.1 4.6254921231355794
0.1 4.430710255167233
0.1 4.2459643297898815
0.1 4.071257182399768
0.1 3.906591082448309
0.1 3.7519674483701015
0.1 3.6073865530065987
0.1 3.4728472452983454
0.1 3.348346713520321
0.1 3.23388030834216
0.1 3.1294414261856724
0.1 3.035021404489791
0.1 2.9506094277862878
0.1 2.8761923662340423
0.1 2.811754664958397
0.1 2.7572784216375856
0.1 2.7127440025208056
0.1 2.678131481313376
0.1 2.6534227230399163
0.1 2.6386034620329
0.1 2.633664722558499
0.1 2.6386034620329
0.1 2.6534227230399168
0.1 2.678131481313376
0.1 2.712744002520805
0.1 2.7572784216375856
0.1 2.8117546649583973
0.1 2.8761923662340427
0.1 2.9506094277862887
0.1 3.0350214044897914
0.1 3.1294414261856724
0.1 3.2338803083421603
0.1 3.3483467135203213
0.1 3.472847245298346
0.1 3.607386553006599
0.1 3.751967448370101
0.1 3.906591082448309
0.1 4.071257182399767
0.1 4.245964329789883
0.1 4.430710255167233
0.1 4.625492123135579
0.1 4.8303067874021615
0.1 5.0451510054155335
0.1 5.2700216076542965
0.1 5.5049156252485565
0.1 5.749830379034694
0.1 6.004763540511092
0.1 6.269713166681871
0.1 6.54467772443987
0.1 6.829656092996087
0.1 7.124647595801859
0.1 7.349610040077335
0.1 7.05461708871922
0.1 6.7696349951229955
0.1 6.4946642745548555
0.1 6.229705779825846
0.1 5.974760671059948
0.1 5.729830408877992
0.1 5.494916728873399
0.1 5.270021607654297
0.1 5.055147208582731
0.1 4.85029580701856
0.1 4.65546968817658
0.1 4.470671016931364
0.1 4.295901678154788
0.1 4.131163092362057
0.1 3.9764560142004846
0.1 3.831780327153067
0.1 3.69713484922462
0.1 3.5725171659504555
0.1 3.4579234974621236
0.1 3.3533485960729124
0.1 3.2587856805738813
0.1 3.174226365724529
0.1 3.099660641929852
0.1 3.035076904059277
0.1 2.980462178520305
0.1 2.935802675183278
0.1 2.90108473395775
0.1 2.876296065589396
0.1 2.861426980567452
0.1 2.856471320760572
0.1 2.861426980567452
0.1 2.8762960655893965
0.1 2.90108473395775
0.1 2.9358026751832784
0.1 2.9804621785203054
0.1 3.035076904059277
0.1 3.099660641929852
0.1 3.1742263657245293
0.1 3.258785680573882
0.1 3.3533485960729132
0.1 3.457923497462124
0.1 3.572517165950456
0.1 3.69713484922462
0.1 3.831780327153067
0.1 3.9764560142004846
0.1 4.131163092362057
0.1 4.295901678154788
0.1 4.470671016931365
0.1 4.65546968817658
0.1 4.8502958070185604
0.1 5.055147208582731
0.1 5.2700216076542965
0.1 5.494916728873397
0.1 5.729830408877991
0.1 5.974760671059948
0.1 6.229705779825842
0.1 6.494664274554851
0.1 6.769634995122992
0.1 7.054617088719215
0.1 7.349610040077329
0.1 7.584578350598311
0.1 7.289584210303758
0.1 7.004599064549427
0.1 6.729623304321202
0.1 6.46465757640634
0.1 6.209702755775242
0.1 5.964759936816134
0.1 5.729830408877992
0.1 5.5049156252485565
0.1 5.290017156523236
0.1 5.085136629206722
0.1 4.890275644956108
0.1 4.705435681010419
0.1 4.530617971412908
0.1 4.365823373090476
0.1 4.211052222046027
0.1 4.066304188511406
0.1 3.93157814040195
0.1 3.806872023170816
0.1 3.6921827633483018
0.1 3.587506200482726
0.1 3.4928370340319868
0.1 3.4081688142374538
0.1 3.333493954669197
0.1 3.2688038439253932
0.1 3.2140890801767394
0.1 3.169339898639817
0.1 3.134546810181182
0.1 3.1097013692055424
0.1 3.0947969342981714
0.1 3.089829273197089
0.1 3.0947969342981714
0.1 3.1097013692055424
0.1 3.1345468101811824
0.1 3.169339898639817
0.1 3.2140890801767394
0.1 3.2688038439253937
0.1 3.333493954669197
0.1 3.4081688142374547
0.1 3.492837034031987
0.1 3.5875062004827267
0.1 3.692182763348302
0.1 3.806872023170816
0.1 3.9315781404019505
0.1 4.066304188511407
0.1 4.2110522220460265
0.1 4.365823373090476
0.1 4.530617971412908
0.1 4.705435681010418
0.1 4.890275644956109
0.1 5.085136629206722
0.1 5.290017156523235
0.1 5.5049156252485565
0.1 5.729830408877991
0.1 5.964759936816132
0.1 6.209702755775239
0.1 6.464657576406337
0.1 6.7296233043211995
0.1 7.0045990645494225
0.1 7.289584210303754
0.1 7.584578350598307
0.1 7.829552163714946
0.1 7.534557065860425
0.1 7.249569465683066
0.1 6.9745896599343515
0.1 6.709618139490904
0.1 6.454655564637101
0.1 6.209702755775241
0.1 5.974760671059946
0.1 5.7498303790346945
0.1 5.53491301930162
0.1 5.330009752606478
0.1 5.135121697219628
0.1 4.950249852690356
0.1 4.775395011015223
0.1 4.610557658512765
0.1 4.455737872077878
0.1 4.31093521581571
0.1 4.176148643802601
0.1 4.05137641608108
0.1 3.936616031084567
0.1 3.8318641761701278
0.1 3.7371167097320948
0.1 3.6523686605221615
0.1 3.577614286534521
0.1 3.512847182621573
0.1 3.4580604906193066
0.1 3.413247223010633
0.1 3.3784006917581886
0.1 3.3535150059600527
0.1 3.338585555900029
0.1 3.3336094079840777
0.1 3.3385855559000293
0.1 3.3535150059600527
0.1 3.3784006917581895
0.1 3.413247223010634
0.1 3.4580604906193075
0.1 3.512847182621573
0.1 3.5776142865345206
0.1 3.6523686605221615
0.1 3.7371167097320956
0.1 3.8318641761701278
0.1 3.9366160310845673
0.1 4.051376416081081
0.1 4.176148643802601
0.1 4.310935215815709
0.1 4.455737872077879
0.1 4.610557658512765
0.1 4.775395011015223
0.1 4.950249852690356
0.1 5.1351216972196285
0.1 5.330009752606477
0.1 5.53491301930162
0.1 5.749830379034693
0.1 5.974760671059947
0.1 6.209702755775239
0.1 6.4546555646370996
0.1 6.709618139490903
0.1 6.974589659934351
0.1 7.249569465683063
0.1 7.534557065860423
0.1 7.829552163714944
0.1 8.084531137571073
0.1 7.78953528849549
0.1 7.504545765242125
0.1 7.229562794640457
0.1 6.964586752066779
0.1 6.709618139490903
0.1 6.464657576406338
0.1 6.229705779825842
0.1 6.004763540511092
0.1 5.789831689962008
0.1 5.58491105979448
0.1 5.390002431319177
0.1 5.205106476595583
0.1 5.030223691160595
0.1 4.865354321086092
0.1 4.710498286973815
0.1 4.565655109173369
0.1 4.430823838416987
0.1 4.30600299572729
0.1 4.191190526413777
0.1 4.08638377347817
0.1 3.991579466456139
0.1 3.906773748116192
0.1 3.8319622253884407
0.1 3.7671400826650303
0.1 3.7123022499526104
0.1 3.667443640391666
0.1 3.6325594507286456
0.1 3.607645489907619
0.1 3.592698497199554
0.1 3.5877164027778137
0.1 3.5926984971995544
0.1 3.607645489907619
0.1 3.6325594507286465
0.1 3.667443640391666
0.1 3.712302249952611
0.1 3.767140082665031
0.1 3.8319622253884416
0.1 3.9067737481161924
0.1 3.9915794664561384
0.1 4.08638377347817
0.1 4.191190526413777
0.1 4.3060029957272885
0.1 4.430823838416988
0.1 4.5656551091733695
0.1 4.710498286973816
0.1 4.865354321086091
0.1 5.030223691160595
0.1 5.205106476595583
0.1 5.390002431319176
0.1 5.58491105979448
0.1 5.789831689962006
0.1 6.0047635405110915
0.1 6.229705779825843
0.1 6.464657576406337
0.1 6.709618139490903
0.1 6.96458675206678
0.1 7.229562794640457
0.1 7.504545765242126
0.1 7.78953528849549
0.1 8.084531137571071
0.1 8.349514968332494
0.1 8.05451855314658
0.1 7.769527582035755
0.1 7.49454223166358
0.1 7.229562794640455
0.1 6.97458965993435
0.1 6.7296233043211995
0.1 6.49466427455485
0.1 6.269713166681873
0.1 6.054770598077457
0.1 5.849837173910854
0.1 5.654913446445009
0.1 5.469999868476924
0.1 5.295096741168381
0.1 5.130204158441196
0.1 4.97532194987877
0.1 4.830449625344205
0.1 4.69558632422748
0.1 4.570730773452174
0.1 4.455881256640933
0.1 4.351035597025688
0.1 4.256191163957473
0.1 4.171344895762833
0.1 4.096493362538121
0.1 4.03163285632419
0.1 3.976759529307512
0.1 3.9318695741083856
0.1 3.896959435346731
0.1 3.872026038393978
0.1 3.857067005412315
0.1 3.852080832605205
0.1 3.857067005412315
0.1 3.872026038393978
0.1 3.896959435346732
0.1 3.931869574108386
0.1 3.976759529307513
0.1 4.031632856324192
0.1 4.096493362538121
0.1 4.171344895762836
0.1 4.256191163957474
0.1 4.35103559702569
0.1 4.455881256640933
0.1 4.570730773452173
0.1 4.69558632422748
0.1 4.830449625344204
0.1 4.97532194987877
0.1 5.130204158441197
0.1 5.295096741168381
0.1 5.469999868476923
0.1 5.654913446445008
0.1 5.849837173910851
0.1 6.054770598077455
0.1 6.26971316668187
0.1 6.494664274554851
0.1 6.7296233043211995
0.1 6.974589659934351
0.1 7.229562794640457
0.1 7.494542231663582
0.1 7.769527582035757
0.1 8.054518553146583
0.1 8.349514968332498
0.1 8.62450340470143
0.1 8.329506591561142
0.1 8.044514603071654
0.1 7.769527582035752
0.1 7.504545765242125
0.1 7.249569465683063
0.1 7.004599064549422
0.1 6.769634995122992
0.1 6.544677724439873
0.1 6.329727728995755
0.1 6.12478546620983
0.1 5.929851340410162
0.1 5.744925664623543
0.1 5.570008618424509
0.1 5.4051002036955635
0.1 5.25020019982237
0.1 5.105308120909723
0.1 4.9704231774717424
0.1 4.845544245199536
0.1 4.730669844088103
0.1 4.625798132020412
0.1 4.530926912081151
0.1 4.446053664793316
0.1 4.371175599562735
0.1 4.306289739580405
0.1 4.251393032876832
0.1 4.2064824920695925
0.1 4.17155535525789
0.1 4.146609251776237
0.1 4.131642358048559
0.1 4.126653524413025
0.1 4.13164235804856
0.1 4.146609251776238
0.1 4.171555355257892
0.1 4.2064824920695925
0.1 4.251393032876834
0.1 4.306289739580406
0.1 4.371175599562735
0.1 4.446053664793317
0.1 4.530926912081152
0.1 4.625798132020413
0.1 4.730669844088103
0.1 4.845544245199536
0.1 4.970423177471741
0.1 5.105308120909724
0.1 5.25020019982237
0.1 5.405100203695563
0.1 5.570008618424509
0.1 5.744925664623544
0.1 5.929851340410161
0.1 6.124785466209828
0.1 6.329727728995754
0.1 6.54467772443987
0.1 6.769634995122992
0.1 7.004599064549423
0.1 7.249569465683063
0.1 7.504545765242125
0.1 7.769527582035757
0.1 8.044514603071656
0.1 8.329506591561143
0.1 8.624503404701436
0.1 8.909496255337695
0.1 8.614499199896414
0.1 8.329506591561138
0.1 8.054518553146579
0.1 7.789535288495484
0.1 7.534557065860422
0.1 7.289584210303753
0.1 7.054617088719213
0.1 6.829656092996091
0.1 6.614701618006134
0.1 6.4097540361110665
0.1 6.214813667153088
0.1 6.029880745175671
0.1 5.854955382127352
0.1 5.690037530203838
0.1 5.535126944133238
0.1 5.390223145625633
0.1 5.255325392003295
0.1 5.13043265195379
0.1 5.0155435901321646
0.1 4.91065656351488
0.1 4.815769636613478
0.1 4.730880606563762
0.1 4.655987060532015
0.1 4.591086445483032
0.1 4.536176165259826
0.1 4.4912536999708355
0.1 4.456316735327355
0.1 4.431363295806838
0.1 4.416391867908794
0.1 4.411401500152196
0.1 4.4163918679087955
0.1 4.4313632958068405
0.1 4.456316735327357
0.1 4.4912536999708355
0.1 4.536176165259829
0.1 4.591086445483035
0.1 4.655987060532016
0.1 4.730880606563764
0.1 4.815769636613478
0.1 4.9106565635148804
0.1 5.015543590132162
0.1 5.130432651953789
0.1 5.255325392003295
0.1 5.390223145625632
0.1 5.535126944133237
0.1 5.69003753020384
0.1 5.854955382127353
0.1 6.029880745175668
0.1 6.214813667153086
0.1 6.409754036111062
0.1 6.61470161800613
0.1 6.829656092996087
0.1 7.054617088719215
0.1 7.289584210303754
0.1 7.534557065860423
0.1 7.78953528849549
0.1 8.054518553146583
0.1 8.329506591561143
0.1 8.614499199896422
0.1 8.909496255337706
0.1 9.204493405008444
0.1 8.909496255337695
0.1 8.624503404701427
0.1 8.349514968332493
0.1 8.084531137571064
0.1 7.8295521637149434
0.1 7.584578350598307
0.1 7.349610040077329
0.1 7.124647595801862
0.1 6.909691382106996
0.1 6.704741739710569
0.1 6.509798957250818
0.1 6.324863239893184
0.1 6.149934675255623
0.1 5.985013198231672
0.1 5.8300985559319365
0.1 5.685190274833861
0.1 5.5502876320842915
0.1 5.425389633523004
0.1 5.31049500021955
0.1 5.205602167036333
0.1 5.1107092980005335
0.1 5.025814311820723
0.1 4.950914937124305
0.1 4.886008779667146
0.1 4.8310934125063145
0.1 4.7861664873365815
0.1 4.751225853636197
0.1 4.726269679354475
0.1 4.711296562997032
0.1 4.706305624278447
0.1 4.711296562997032
0.1 4.726269679354477
0.1 4.751225853636199
0.1 4.786166487336582
0.1 4.831093412506317
0.1 4.886008779667147
0.1 4.950914937124307
0.1 5.025814311820723
0.1 5.110709298000535
0.1 5.205602167036332
0.1 5.310495000219548
0.1 5.425389633523004
0.1 5.550287632084292
0.1 5.68519027483386
0.1 5.830098555931936
0.1 5.985013198231674
0.1 6.149934675255623
0.1 6.324863239893183
0.1 6.509798957250817
0.1 6.704741739710562
0.1 6.909691382106992
0.1 7.124647595801858
0.1 7.349610040077329
0.1 7.584578350598306
0.1 7.829552163714944
0.1 8.084531137571071
0.1 8.3495149683325
0.1 8.624503404701436
0.1 8.909496255337706
0.1 9.204493405008453
